id	num	neg|score	neg|p-value	neg|fdr	neg|rank	neg|goodsgrna	neg|lfc	pos|score	pos|p-value	pos|fdr	pos|rank	pos|goodsgrna	pos|lfc
MYSM1__P1P2	8	8.7581e-15	4.9462e-06	2.5e-05	1	8	-4.5718	1.0	1.0	1.0	971	0	0
UBE2C__P1P2	8	1.0846e-10	4.9462e-06	2.5e-05	2	8	-3.7314	0.99973	1.0	1.0	902	0	0
RPL34__P1P2	8	5.9068e-10	4.9462e-06	2.5e-05	3	8	-2.414	1.0	1.0	1.0	955	0	0
ANAPC13__P1P2	8	6.1229e-10	4.9462e-06	2.5e-05	4	8	-4.039	1.0	1.0	1.0	970	0	0
CENPF__P1P2	8	7.6291e-10	4.9462e-06	2.5e-05	5	8	-3.7664	1.0	1.0	1.0	967	0	0
PPM1G__P1	8	2.2333e-09	4.9462e-06	2.5e-05	6	8	-3.0791	1.0	1.0	1.0	969	0	0
NDUFS8__P1P2	8	2.2659e-09	4.9462e-06	2.5e-05	7	7	-3.1652	0.78745	0.75679	1.0	522	0	0
ATP6AP1__P1P2	8	3.1783e-09	4.9462e-06	2.5e-05	8	8	-3.5494	0.99999	1.0	1.0	948	0	0
BUB1__P1P2	8	3.8284e-09	4.9462e-06	2.5e-05	9	8	-3.4234	1.0	1.0	1.0	968	0	0
RPS14__P1P2	8	7.4861e-09	4.9462e-06	2.5e-05	10	8	-2.2433	1.0	1.0	1.0	962	0	0
METTL15__P2	8	1.1821e-08	4.9462e-06	2.5e-05	11	8	-3.2688	0.99998	1.0	1.0	933	0	0
RPL9__P1P2	8	1.4148e-08	4.9462e-06	2.5e-05	12	8	-2.1812	0.99625	0.99997	1.0	855	0	0
MAD2L1BP__P1P2	8	3.8375e-08	4.9462e-06	2.5e-05	13	8	-3.5439	1.0	1.0	1.0	966	0	0
RPS13__P1P2	8	4.2429e-08	4.9462e-06	2.5e-05	14	8	-2.3932	0.99964	1.0	1.0	897	0	0
CEP63__P1P2	8	4.6874e-08	4.9462e-06	2.5e-05	15	8	-3.7866	1.0	1.0	1.0	950	0	0
AATF__P1P2	8	4.8755e-08	4.9462e-06	2.5e-05	16	7	-2.2028	0.59805	0.40155	1.0	360	0	0
PDS5B__P1P2	8	6.8446e-08	4.9462e-06	2.5e-05	17	8	-1.6396	1.0	1.0	1.0	965	0	0
ACTR8__P1P2	8	8.2966e-08	4.9462e-06	2.5e-05	18	8	-2.4178	1.0	1.0	1.0	964	0	0
ORC5__P1P2	8	9.7531e-08	4.9462e-06	2.5e-05	19	7	-3.2863	0.99558	0.99995	1.0	849	0	0
ACAT2__P1P2	8	9.7662e-08	4.9462e-06	2.5e-05	20	8	-2.3251	1.0	1.0	1.0	963	0	0
MLF1IP__P1P2	8	1.0511e-07	4.9462e-06	2.5e-05	21	8	-2.7708	0.99941	1.0	1.0	890	0	0
PMVK__P1P2	8	1.4419e-07	4.9462e-06	2.5e-05	22	8	-3.2265	1.0	1.0	1.0	957	0	0
UBE2S__P1P2	8	2.8722e-07	4.9462e-06	2.5e-05	23	8	-1.798	1.0	1.0	1.0	961	0	0
NRF1__P1P2	8	3.5241e-07	4.9462e-06	2.5e-05	24	7	-2.6107	0.99069	0.9996	1.0	825	0	0
PIGY__P1P2	8	3.9107e-07	4.9462e-06	2.5e-05	25	8	-1.6892	1.0	1.0	1.0	960	0	0
RAD9A__P1P2	8	4.0145e-07	4.9462e-06	2.5e-05	26	7	-3.1789	0.99341	0.99988	1.0	831	0	0
MMAB__P1P2	8	4.3831e-07	4.9462e-06	2.5e-05	27	8	-2.8279	1.0	1.0	1.0	959	0	0
C7orf26__P1P2	8	5.425e-07	4.9462e-06	2.5e-05	28	8	-2.5788	1.0	1.0	1.0	958	0	0
SAE1__P1P2	8	6.8037e-07	4.9462e-06	2.5e-05	29	7	-2.8976	0.96955	0.99429	1.0	761	0	0
HMGCS1__P1P2	8	9.3357e-07	4.9462e-06	2.5e-05	30	7	-2.7268	0.96621	0.99248	1.0	752	0	0
MDM2__P1P2	8	9.3512e-07	4.9462e-06	2.5e-05	31	8	-2.929	0.99967	1.0	1.0	898	0	0
IPO7__P1P2	8	9.8734e-07	4.9462e-06	2.5e-05	32	8	-2.9817	1.0	1.0	1.0	949	0	0
KIAA0020__P1	8	1.1063e-06	4.9462e-06	2.5e-05	33	7	-2.2196	0.38831	0.10278	0.507102	192	0	0
NDUFAF6__P1P2	8	1.138e-06	4.9462e-06	2.5e-05	34	8	-2.2573	0.99999	1.0	1.0	938	0	0
RPL36A__P1P2	8	1.2122e-06	4.9462e-06	2.5e-05	35	8	-2.6252	1.0	1.0	1.0	956	0	0
AUNIP__P1P2	8	1.2368e-06	4.9462e-06	2.5e-05	36	7	-2.0388	0.91026	0.94656	1.0	667	0	0
HUS1__P1P2	8	1.3799e-06	4.9462e-06	2.5e-05	37	8	-3.0799	0.99999	1.0	1.0	942	0	0
TRIP13__P1P2	8	2.2658e-06	4.9462e-06	2.5e-05	38	7	-2.5994	0.90732	0.94342	1.0	661	0	0
MINOS1-NBL1__P1P2	8	2.3987e-06	4.9462e-06	2.5e-05	39	8	-1.1332	1.0	1.0	1.0	954	0	0
NSMCE4A__P1P2	8	2.6599e-06	4.9462e-06	2.5e-05	40	8	-1.6273	1.0	1.0	1.0	953	0	0
KIF18B__P1P2	8	2.7825e-06	4.9462e-06	2.5e-05	41	8	-1.2853	1.0	1.0	1.0	952	0	0
LEO1__P1P2	8	3.1172e-06	4.9462e-06	2.5e-05	42	8	-1.7735	1.0	1.0	1.0	951	0	0
NABP2__P1	8	5.0019e-06	4.9462e-06	2.5e-05	43	8	-2.061	0.99992	1.0	1.0	918	0	0
MUT__P1P2	11	5.0627e-06	4.9462e-06	2.5e-05	44	9	-1.2108	0.99023	0.9986	1.0	821	0	0
SPTLC2__P1P2	8	5.3346e-06	4.9462e-06	2.5e-05	45	8	-1.3764	0.99999	1.0	1.0	947	0	0
POLR1B__P1P2	8	5.4769e-06	4.9462e-06	2.5e-05	46	8	-2.4608	0.99999	1.0	1.0	946	0	0
SEC62__P1P2	8	6.2161e-06	4.9462e-06	2.5e-05	47	8	-1.5676	0.99999	1.0	1.0	945	0	0
WDR48__P1P2	8	6.539e-06	4.9462e-06	2.5e-05	48	7	-1.9753	0.9833	0.99874	1.0	793	0	0
ZNF462__P1P2	8	6.9393e-06	4.9462e-06	2.5e-05	49	8	-1.3001	0.99999	1.0	1.0	944	0	0
WDR89__P1P2	8	7.7933e-06	4.9462e-06	2.5e-05	50	8	-2.2432	0.99828	1.0	1.0	873	0	0
C1D__P1P2	8	8.3388e-06	4.9462e-06	2.5e-05	51	8	-1.2777	0.99999	1.0	1.0	943	0	0
ATF6__P1P2	8	9.3706e-06	4.9462e-06	2.5e-05	52	8	-0.97235	0.99999	1.0	1.0	941	0	0
DDX10__P1P2	8	9.8106e-06	4.9462e-06	2.5e-05	53	7	-2.3019	0.97816	0.99744	1.0	779	0	0
AGPS__P1P2	8	9.841e-06	4.9462e-06	2.5e-05	54	8	-0.85002	0.99999	1.0	1.0	940	0	0
WDR70__P1P2	8	1.009e-05	4.9462e-06	2.5e-05	55	8	-2.2172	0.99998	1.0	1.0	931	0	0
CYLD__P1P2	8	1.0368e-05	4.9462e-06	2.5e-05	56	8	-0.956	0.99999	1.0	1.0	939	0	0
MCTS1__P1P2	8	1.0646e-05	4.9462e-06	2.5e-05	57	6	-1.4785	0.46675	0.17127	0.640292	255	0	0
DROSHA__31531421	8	1.1401e-05	4.9462e-06	2.5e-05	58	7	-2.7387	0.8765	0.90099	1.0	617	0	0
PPP2R5C__P1P2	8	1.1644e-05	4.9462e-06	2.5e-05	59	7	-1.4421	0.98689	0.99927	1.0	803	0	0
MKI67__P1P2	8	1.1855e-05	4.9462e-06	2.5e-05	60	8	-1.3442	0.99999	1.0	1.0	937	0	0
PALB2__P1P2	8	1.3336e-05	4.9462e-06	2.5e-05	61	7	-2.3833	0.94509	0.97803	1.0	716	0	0
CDC26__P1P2	8	1.4975e-05	4.9462e-06	2.5e-05	62	7	-2.4492	0.98979	0.99952	1.0	820	0	0
RNF8__P1P2	8	1.5026e-05	4.9462e-06	2.5e-05	63	8	-1.8979	0.99996	1.0	1.0	927	0	0
TUBA1C__P1P2	8	1.6176e-05	4.9462e-06	2.5e-05	64	8	-0.74352	0.99998	1.0	1.0	936	0	0
WDR7__P1P2	8	1.639e-05	4.9462e-06	2.5e-05	65	8	-1.0062	0.99998	1.0	1.0	935	0	0
RPL14__P1P2	8	1.778e-05	4.9462e-06	2.5e-05	66	8	-2.0323	0.99998	1.0	1.0	934	0	0
BMS1__P1P2	8	1.8301e-05	4.9462e-06	2.5e-05	67	7	-2.134	0.96302	0.99119	1.0	740	0	0
DUSP12__P1P2	8	2.0915e-05	4.9462e-06	2.5e-05	68	7	-1.9411	0.37421	0.087414	0.459278	182	0	0
DCPS__P1P2	8	2.1216e-05	4.9462e-06	2.5e-05	69	8	-2.0644	0.99998	1.0	1.0	932	0	0
PPP4R2__P1P2	8	2.2259e-05	4.9462e-06	2.5e-05	70	8	-1.4666	0.99972	1.0	1.0	901	0	0
DICER1__P1P2	8	2.4445e-05	4.9462e-06	2.5e-05	71	8	-1.6334	0.99972	1.0	1.0	900	0	0
DGCR8__P1P2	8	2.6366e-05	4.9462e-06	2.5e-05	72	8	-1.5392	0.99997	1.0	1.0	929	0	0
CCS__P1P2	8	2.6393e-05	4.9462e-06	2.5e-05	73	8	-1.0765	0.99997	1.0	1.0	930	0	0
PHF8__P1P2	11	2.6633e-05	4.9462e-06	2.5e-05	74	10	-1.0346	0.99547	0.99968	1.0	848	0	0
CHEK1__P1P2	8	3.0721e-05	4.9462e-06	2.5e-05	75	8	-2.5677	0.99993	1.0	1.0	920	0	0
ZWILCH__P1P2	8	3.4133e-05	4.9462e-06	2.5e-05	76	8	-1.6046	0.9998	1.0	1.0	907	0	0
USP1__P1P2	8	3.4547e-05	4.9462e-06	2.5e-05	77	8	-1.164	0.99995	1.0	1.0	924	0	0
ZZZ3__P1P2	8	3.5295e-05	4.9462e-06	2.5e-05	78	8	-1.2391	0.99996	1.0	1.0	928	0	0
ESRP1__P1P2	8	3.5957e-05	4.9462e-06	2.5e-05	79	7	-0.96723	0.59206	0.39051	1.0	355	0	0
SMN2__69345238	8	3.926e-05	4.9462e-06	2.5e-05	80	7	-2.2435	0.84946	0.86448	1.0	587	0	0
MDM4__P1P2	8	4.3762e-05	4.9462e-06	2.5e-05	81	7	-2.085	0.99256	0.99981	1.0	827	0	0
BTAF1__P1P2	8	4.5202e-05	4.9462e-06	2.5e-05	82	7	-1.4947	0.99273	0.99983	1.0	828	0	0
GPALPP1__P1P2	8	4.5836e-05	4.9462e-06	2.5e-05	83	7	-1.2553	0.92926	0.96606	1.0	692	0	0
SPAG9__P1P2	8	4.6588e-05	4.9462e-06	2.5e-05	84	8	-0.58634	0.99995	1.0	1.0	926	0	0
CTDSPL2__P1P2	8	4.7918e-05	4.9462e-06	2.5e-05	85	8	-2.0673	0.99658	0.99998	1.0	857	0	0
ZAR1L__P1P2	8	4.8028e-05	4.9462e-06	2.5e-05	86	8	-2.4475	0.99813	1.0	1.0	872	0	0
LUZP1__P1P2	8	4.8634e-05	4.9462e-06	2.5e-05	87	8	-0.76762	0.99995	1.0	1.0	925	0	0
NPLOC4__P1P2	8	5.0807e-05	4.9462e-06	2.5e-05	88	8	-1.5361	0.99977	1.0	1.0	906	0	0
RIF1__P1P2	8	5.4939e-05	4.9462e-06	2.5e-05	89	8	-2.1142	0.99995	1.0	1.0	923	0	0
HES1__P1P2	8	5.556e-05	4.9462e-06	2.5e-05	90	8	-0.83449	0.99994	1.0	1.0	922	0	0
U2SURP__P1P2	8	5.5603e-05	4.9462e-06	2.5e-05	91	7	-1.7272	0.98552	0.99905	1.0	798	0	0
CNOT3__P1P2	8	5.975e-05	4.9462e-06	2.5e-05	92	8	-1.251	0.99994	1.0	1.0	921	0	0
GTF3C4__P1P2	8	6.2633e-05	4.9462e-06	2.5e-05	93	8	-1.9002	0.99897	1.0	1.0	880	0	0
HEATR3__P1P2	8	6.3752e-05	4.9462e-06	2.5e-05	94	8	-2.2878	0.99794	1.0	1.0	867	0	0
INO80C__P1P2	8	6.8031e-05	4.9462e-06	2.5e-05	95	8	-0.6535	0.99993	1.0	1.0	919	0	0
ZNF296__P1P2	8	8.1349e-05	4.9462e-06	2.5e-05	96	8	-0.8511	0.99992	1.0	1.0	917	0	0
PPME1__P1P2	8	8.2675e-05	4.9462e-06	2.5e-05	97	8	-1.5103	0.99983	1.0	1.0	910	0	0
NEK2__P1P2	8	8.3099e-05	4.9462e-06	2.5e-05	98	7	-1.0566	0.96539	0.99205	1.0	749	0	0
CMC1__P1P2	8	8.3777e-05	4.9462e-06	2.5e-05	99	8	-0.93405	0.99992	1.0	1.0	916	0	0
PDS5A__P1P2	8	8.6728e-05	4.9462e-06	2.5e-05	100	8	-0.50348	0.99991	1.0	1.0	915	0	0
SNRPB2__P1P2	8	9.2571e-05	4.9462e-06	2.5e-05	101	8	-0.70822	0.9999	1.0	1.0	912	0	0
MDC1__P1P2	8	9.4181e-05	4.9462e-06	2.5e-05	102	7	-1.2132	0.63342	0.4408	1.0	395	0	0
AK2__P1P2	8	9.5131e-05	4.9462e-06	2.5e-05	103	8	-0.60857	0.9999	1.0	1.0	914	0	0
H2AFZ__P1P2	8	9.9723e-05	4.9462e-06	2.5e-05	104	8	-1.1439	0.9999	1.0	1.0	913	0	0
RBPMS2__P1P2	8	0.00011154	4.9462e-06	2.5e-05	105	7	-1.1756	0.44148	0.14876	0.587809	230	0	0
RPS8__P1P2	8	0.00011721	4.9462e-06	2.5e-05	106	7	-1.8972	0.88448	0.91224	1.0	626	0	0
MRRF__P1P2	8	0.00013257	4.9462e-06	2.5e-05	107	8	-1.5313	0.99987	1.0	1.0	911	0	0
ILK__P1P2	8	0.00014311	4.9462e-06	2.5e-05	108	8	-1.5431	0.99911	1.0	1.0	884	0	0
KAT2A__P1P2	8	0.00014353	4.9462e-06	2.5e-05	109	6	-1.5977	0.94189	0.97587	1.0	714	0	0
CHERP__P1P2	8	0.00014763	4.9462e-06	2.5e-05	110	6	-1.9442	0.63513	0.44611	1.0	397	0	0
DPF2__P1	8	0.00014857	4.9462e-06	2.5e-05	111	7	-1.0789	0.98565	0.99908	1.0	799	0	0
PPP1CB__P1P2	8	0.00015975	4.9462e-06	2.5e-05	112	6	-1.6373	0.92142	0.95928	1.0	682	0	0
MIEF1__P1P2	8	0.00017116	4.9462e-06	2.5e-05	113	8	-0.87807	0.99983	1.0	1.0	909	0	0
FNBP4__P1P2	8	0.00017406	4.9462e-06	2.5e-05	114	7	-1.0326	0.99475	0.99992	1.0	842	0	0
TRIM24__P1P2	8	0.00018634	4.9462e-06	2.5e-05	115	8	-0.61272	0.99981	1.0	1.0	908	0	0
LIAS__P1P2	8	0.00021353	4.9462e-06	2.5e-05	116	6	-1.4797	0.7437	0.67659	1.0	480	0	0
PRKDC__P1P2	8	0.00022598	4.9462e-06	2.5e-05	117	7	-1.0801	0.99594	0.99997	1.0	850	0	0
CCDC137__P1P2	8	0.0002266	4.9462e-06	2.5e-05	118	8	-1.2155	0.99977	1.0	1.0	905	0	0
POLE4__P1P2	8	0.00024137	4.9462e-06	2.5e-05	119	7	-0.89963	0.83469	0.84943	1.0	565	0	0
DNAJC2__P1P2	8	0.00024407	4.9462e-06	2.5e-05	120	6	-1.5309	0.75813	0.70525	1.0	499	0	0
PDSS1__P1P2	11	0.00024972	4.9462e-06	2.5e-05	121	10	-1.2048	0.99421	0.99949	1.0	837	0	0
ARHGEF5__144052240	8	0.00025002	4.9462e-06	2.5e-05	122	8	-0.56555	0.99975	1.0	1.0	904	0	0
DCP2__P1P2	8	0.00025763	4.9462e-06	2.5e-05	123	7	-0.87369	0.96659	0.99266	1.0	754	0	0
CENPQ__P1P2	11	0.00026166	4.9462e-06	2.5e-05	124	10	-0.86885	0.98074	0.99461	1.0	786	0	0
ZC3H4__P1	8	0.00026223	4.9462e-06	2.5e-05	125	7	-1.1478	0.99505	0.99993	1.0	844	0	0
DHX35__P1P2	8	0.00026383	4.9462e-06	2.5e-05	126	7	-1.6542	0.98373	0.99878	1.0	794	0	0
NXT1__P1P2	8	0.00026556	4.9462e-06	2.5e-05	127	8	-0.78272	0.99973	1.0	1.0	903	0	0
UBA5__P1P2	8	0.00027401	4.9462e-06	2.5e-05	128	8	-0.82887	0.9971	1.0	1.0	864	0	0
ZRSR2__P1P2	8	0.00028142	4.9462e-06	2.5e-05	129	7	-1.981	0.7579	0.70525	1.0	498	0	0
DNMT1__P1P2	8	0.00029034	4.9462e-06	2.5e-05	130	6	-1.9863	0.97805	0.99742	1.0	778	0	0
XRCC1__P1P2	11	0.00029249	4.9462e-06	2.5e-05	131	9	-1.3484	0.84885	0.79625	1.0	585	0	0
GNB2L1__P1P2	8	0.00029366	4.9462e-06	2.5e-05	132	7	-1.9645	0.98966	0.99951	1.0	819	0	0
SLC25A33__P1P2	8	0.00030066	4.9462e-06	2.5e-05	133	7	-0.74136	0.99413	0.9999	1.0	836	0	0
COL4A3BP__P1P2	8	0.000304	4.9462e-06	2.5e-05	134	8	-0.99202	0.9997	1.0	1.0	899	0	0
OBFC1__P1P2	8	0.00031189	4.9462e-06	2.5e-05	135	6	-1.72	0.62685	0.43583	1.0	388	0	0
PPIL1__P1P2	8	0.00035653	4.9462e-06	2.5e-05	136	7	-1.6323	0.95737	0.98763	1.0	730	0	0
CWC25__P1P2	8	0.00037615	4.9462e-06	2.5e-05	137	8	-0.57196	0.99962	1.0	1.0	896	0	0
TMEM68__P1P2	8	0.00038333	4.9462e-06	2.5e-05	138	7	-0.74274	0.98488	0.99893	1.0	797	0	0
RPS4Y1__P1P2	8	0.00040009	4.9462e-06	2.5e-05	139	8	-0.61438	0.9996	1.0	1.0	895	0	0
DDRGK1__P1P2	8	0.00040143	4.9462e-06	2.5e-05	140	7	-0.81388	0.53792	0.30835	0.963749	310	0	0
FECH__P1P2	8	0.00041977	4.9462e-06	2.5e-05	141	7	-1.4561	0.97905	0.99772	1.0	781	0	0
ANLN__P1P2	8	0.00042042	4.9462e-06	2.5e-05	142	7	-1.3207	0.98702	0.99929	1.0	804	0	0
FOXK2__P1P2	8	0.00042814	4.9462e-06	2.5e-05	143	8	-0.32648	0.99957	1.0	1.0	894	0	0
EMC1__P1P2	8	0.00044444	4.9462e-06	2.5e-05	144	7	-1.7202	0.9929	0.99985	1.0	829	0	0
SF1__P1P2	8	0.00046787	4.9462e-06	2.5e-05	145	8	-0.50374	0.99953	1.0	1.0	893	0	0
POLG__P1P2	8	0.0004831	4.9462e-06	2.5e-05	146	7	-1.2254	0.90063	0.93505	1.0	650	0	0
LIMS1__P1P2	8	0.00048959	4.9462e-06	2.5e-05	147	7	-1.0558	0.834	0.84943	1.0	564	0	0
VWA9__P1P2	8	0.0004901	4.9462e-06	2.5e-05	148	7	-1.4767	0.97412	0.9962	1.0	772	0	0
KIF22__P1	8	0.00050413	4.9462e-06	2.5e-05	149	7	-0.76291	0.96642	0.9926	1.0	753	0	0
DNAJC3__P1P2	8	0.00050646	4.9462e-06	2.5e-05	150	8	-0.81949	0.99949	1.0	1.0	892	0	0
TERF1__P1P2	8	0.0005097	4.9462e-06	2.5e-05	151	8	-0.83665	0.99949	1.0	1.0	891	0	0
UBE2G2__P1P2	8	0.00054996	4.9462e-06	2.5e-05	152	7	-0.97968	0.98945	0.99947	1.0	816	0	0
RBM14-RBM4__P2	8	0.00055591	4.9462e-06	2.5e-05	153	6	-1.6627	0.54377	0.32059	0.98614	313	0	0
PKMYT1__P1P2	8	0.00057341	4.9462e-06	2.5e-05	154	7	-1.0141	0.98567	0.99908	1.0	800	0	0
PPP6C__P1P2	8	0.00059954	4.9462e-06	2.5e-05	155	8	-0.51837	0.9994	1.0	1.0	889	0	0
RRNAD1__P1P2	8	0.00062446	4.9462e-06	2.5e-05	156	7	-1.098	0.98104	0.99816	1.0	787	0	0
ANKRD49__P1P2	8	0.00064475	4.9462e-06	2.5e-05	157	8	-1.4597	0.99936	1.0	1.0	888	0	0
PARL__P1P2	8	0.00067754	4.9462e-06	2.5e-05	158	8	-0.7197	0.99881	1.0	1.0	878	0	0
ZNHIT3__P1P2	8	0.00068852	4.9462e-06	2.5e-05	159	7	-1.2559	0.99353	0.99988	1.0	832	0	0
ARHGAP4__P1	8	0.00072944	4.9462e-06	2.5e-05	160	7	-1.2621	0.50053	0.23209	0.791582	282	0	0
RBM34__P1P2	8	0.0007341	4.9462e-06	2.5e-05	161	6	-1.0439	0.57362	0.35865	1.0	336	0	0
EIF4H__P1P2	8	0.0007412	4.9462e-06	2.5e-05	162	8	-0.64949	0.99926	1.0	1.0	887	0	0
PARN__P1P2	11	0.0007523	4.9462e-06	2.5e-05	163	9	-1.2789	0.99402	0.99942	1.0	834	0	0
USP42__P1P2	8	0.00078761	4.9462e-06	2.5e-05	164	8	-0.64059	0.99921	1.0	1.0	886	0	0
TAF9__P1P2	8	0.000792	4.9462e-06	2.5e-05	165	7	-0.89745	0.98913	0.99946	1.0	813	0	0
PPP2CA__P1P2	8	0.00079228	4.9462e-06	2.5e-05	166	8	-1.6237	0.99803	1.0	1.0	870	0	0
RAB1A__P1P2	8	0.00080687	4.9462e-06	2.5e-05	167	8	-0.68932	0.99919	1.0	1.0	885	0	0
TAF6__P1P2	8	0.00082509	4.9462e-06	2.5e-05	168	7	-1.0505	0.65643	0.4811	1.0	417	0	0
TLN1__P1P2	8	0.00087706	4.9462e-06	2.5e-05	169	7	-0.50864	0.81755	0.81346	1.0	555	0	0
TIMM17B__P1P2	8	0.00089877	4.9462e-06	2.5e-05	170	8	-0.97487	0.9991	1.0	1.0	883	0	0
PYGO2__P1P2	8	0.00091857	4.9462e-06	2.5e-05	171	8	-0.35657	0.99908	1.0	1.0	882	0	0
TINF2__P1P2	8	0.00092282	4.9462e-06	2.5e-05	172	8	-1.56	0.99709	1.0	1.0	863	0	0
ILF3__P1P2	8	0.00092769	4.9462e-06	2.5e-05	173	8	-1.0137	0.99907	1.0	1.0	881	0	0
MAGOHB__P1P2	8	0.00096095	4.9462e-06	2.5e-05	174	4	-1.4096	0.89375	0.9242	1.0	642	0	0
ACLY__P1P2	8	0.0010031	4.9462e-06	2.5e-05	175	6	-1.2587	0.23785	0.012835	0.102341	113	0	0
GOLGA7__P1P2	8	0.0010325	4.9462e-06	2.5e-05	176	7	-0.74385	0.99326	0.99988	1.0	830	0	0
HMBS__P1	8	0.0010505	4.9462e-06	2.5e-05	177	6	-1.356	0.58331	0.37555	1.0	345	0	0
ERC1__P1P2	8	0.0010799	4.9462e-06	2.5e-05	178	8	-0.74653	0.99841	1.0	1.0	875	0	0
NPM1__P1P2	8	0.0010849	4.9462e-06	2.5e-05	179	8	-1.4627	0.99892	1.0	1.0	879	0	0
CCDC12__P1	8	0.0011433	4.9462e-06	2.5e-05	180	7	-1.4374	0.91852	0.9558	1.0	677	0	0
BCKDHA__P1	8	0.0011943	4.9462e-06	2.5e-05	181	7	-1.6471	0.79786	0.77491	1.0	535	0	0
INTS10__P1P2	8	0.0012008	4.9462e-06	2.5e-05	182	6	-1.1388	0.60542	0.41246	1.0	368	0	0
PLEKHA5__P1P2	8	0.0012084	4.9462e-06	2.5e-05	183	8	-0.74317	0.99879	1.0	1.0	877	0	0
MOSPD2__P1P2	8	0.0012467	4.9462e-06	2.5e-05	184	7	-1.0377	0.98073	0.99811	1.0	785	0	0
TAF11__P1P2	8	0.0012733	4.9462e-06	2.5e-05	185	7	-0.87194	0.79664	0.77374	1.0	533	0	0
UNC45A__P1	8	0.0013031	4.9462e-06	2.5e-05	186	6	-1.2978	0.67448	0.52373	1.0	432	0	0
EXOC5__P1P2	8	0.0013735	4.9462e-06	2.5e-05	187	7	-1.4098	0.98722	0.99931	1.0	807	0	0
DCLRE1B__P1P2	8	0.0013945	4.9462e-06	2.5e-05	188	7	-0.96594	0.98028	0.99796	1.0	784	0	0
FZR1__P1P2	8	0.001563	4.9462e-06	2.5e-05	189	7	-0.94533	0.82879	0.8363	1.0	559	0	0
FKBPL__P1P2	8	0.0015781	4.9462e-06	2.5e-05	190	8	-1.1342	0.99842	1.0	1.0	876	0	0
PTBP1__P1P2	8	0.0016005	1.4839e-05	6.7e-05	191	6	-1.1438	0.9722	0.99539	1.0	769	0	0
ARHGEF18__P1P2	8	0.0016015	1.4839e-05	6.7e-05	192	7	-0.57984	0.89763	0.93181	1.0	645	0	0
PPP6R3__P1P2	8	0.0016135	1.4839e-05	6.7e-05	193	8	-0.94514	0.99839	1.0	1.0	874	0	0
FOXK1__P1P2	8	0.0017482	1.4839e-05	6.7e-05	194	8	-0.77394	0.99811	1.0	1.0	871	0	0
C1QTNF9B-AS1__P1P2	8	0.0017837	1.4839e-05	6.7e-05	195	7	-0.97869	0.68664	0.54814	1.0	439	0	0
ZFC3H1__P1P2	8	0.0017943	1.4839e-05	6.7e-05	196	7	-0.5311	0.79104	0.76311	1.0	527	0	0
GTF2H2__ENST00000274400.5_ENST00000330280.7	8	0.0018034	1.4839e-05	6.7e-05	197	5	-1.7959	0.85024	0.86533	1.0	589	0	0
NUTF2__P1P2	8	0.0019347	1.4839e-05	6.7e-05	198	7	-1.827	0.86861	0.8893	1.0	613	0	0
ANKRA2__P1P2	8	0.001985	1.4839e-05	6.7e-05	199	7	-0.97286	0.98236	0.9985	1.0	792	0	0
BRMS1__P1P2	8	0.0020251	1.4839e-05	6.7e-05	200	8	-0.71362	0.99797	1.0	1.0	869	0	0
ARAP3__P1P2	8	0.0020397	1.4839e-05	6.7e-05	201	8	-0.38502	0.99796	1.0	1.0	868	0	0
BRAP__P1P2	8	0.0021242	1.4839e-05	6.7e-05	202	7	-0.71675	0.98893	0.99944	1.0	812	0	0
CPNE1__P1P2	8	0.0021613	1.4839e-05	6.7e-05	203	7	-0.97552	0.98004	0.99791	1.0	783	0	0
C8orf59__P1P2	8	0.0022296	1.4839e-05	6.7e-05	204	7	-0.99849	0.98657	0.99924	1.0	802	0	0
TACC3__P1	8	0.0022513	1.4839e-05	6.7e-05	205	5	-1.5929	0.7109	0.62336	1.0	451	0	0
DBF4__P1P2	8	0.0022636	1.4839e-05	6.7e-05	206	7	-1.0508	0.98142	0.99824	1.0	788	0	0
CFDP1__P1	8	0.0023577	1.4839e-05	6.7e-05	207	5	-1.4637	0.89875	0.93376	1.0	647	0	0
ELOVL6__P1P2	8	0.0024124	1.4839e-05	6.7e-05	208	7	-0.42562	0.68484	0.54813	1.0	437	0	0
HUWE1__P1P2	8	0.0024323	1.4839e-05	6.7e-05	209	7	-0.56847	0.83622	0.84944	1.0	567	0	0
WEE1__P1P2	8	0.0024365	1.4839e-05	6.7e-05	210	6	-1.568	0.41361	0.12201	0.551632	211	0	0
HMGCR__P1P2	8	0.0024996	1.4839e-05	6.7e-05	211	8	-1.3148	0.9975	1.0	1.0	866	0	0
ZFYVE9__P1P2	8	0.0025303	1.4839e-05	6.7e-05	212	8	-0.24472	0.99747	1.0	1.0	865	0	0
CHTF18__P1P2	8	0.0027638	1.4839e-05	6.7e-05	213	6	-1.2168	0.97173	0.99518	1.0	766	0	0
UHRF1__P1P2	8	0.0028334	1.4839e-05	6.7e-05	214	7	-1.3454	0.89046	0.92081	1.0	635	0	0
TRAPPC13__P1P2	8	0.0029204	1.4839e-05	6.7e-05	215	8	-0.35786	0.99708	1.0	1.0	862	0	0
FDX1__P1P2	8	0.0029492	3.4623e-05	0.000154	216	7	-0.81736	0.96971	0.9943	1.0	762	0	0
SDF2__P1P2	8	0.002999	3.4623e-05	0.000154	217	6	-1.2707	0.96755	0.99315	1.0	757	0	0
WDR82__P1P2	8	0.003005	3.4623e-05	0.000154	218	7	-1.4614	0.99442	0.9999	1.0	839	0	0
RPS11__P1P2	8	0.0031219	4.4516e-05	0.000196	219	7	-1.3965	0.99223	0.9998	1.0	826	0	0
TOP1__P1P2	8	0.0032061	4.4516e-05	0.000196	220	6	-1.1443	0.78488	0.75263	1.0	519	0	0
KIFC1__P1P2	8	0.0032214	4.4516e-05	0.000196	221	7	-0.56027	0.94431	0.97774	1.0	715	0	0
PFDN1__P1P2	8	0.0032783	5.4408e-05	0.000235	222	8	-1.0968	0.99672	0.99999	1.0	861	0	0
ASXL2__P1P2	8	0.0033206	5.4408e-05	0.000235	223	7	-0.67966	0.99504	0.99993	1.0	843	0	0
MCM7__P1P2	8	0.0033284	5.4408e-05	0.000235	224	8	-0.50557	0.99667	0.99999	1.0	860	0	0
SSBP3__P1P2	8	0.0033452	5.4408e-05	0.000235	225	8	-0.3563	0.99665	0.99999	1.0	859	0	0
GNB1__P1P2	8	0.0033735	6.43e-05	0.000265	226	8	-0.23238	0.99663	0.99998	1.0	858	0	0
NAA15__P1P2	8	0.0034018	6.43e-05	0.000265	227	7	-0.75627	0.63989	0.44854	1.0	403	0	0
CDK2__P1P2	8	0.0037169	6.43e-05	0.000265	228	8	-0.26254	0.99628	0.99998	1.0	856	0	0
CSTF2__P1P2	8	0.0038677	6.43e-05	0.000265	229	8	-0.2856	0.99613	0.99997	1.0	854	0	0
GDI2__P1	8	0.0038869	6.43e-05	0.000265	230	8	-0.48321	0.99611	0.99997	1.0	853	0	0
FAR1__P1P2	8	0.0038934	6.43e-05	0.000265	231	8	-0.35576	0.99611	0.99997	1.0	852	0	0
GTF3A__P1P2	8	0.0039104	6.43e-05	0.000265	232	6	-0.99813	0.49738	0.22175	0.769832	278	0	0
KAT5__P1P2	8	0.0039892	6.43e-05	0.000265	233	7	-0.98227	0.44985	0.14877	0.587809	241	0	0
STAG2__P1	8	0.0042529	6.43e-05	0.000265	234	6	-0.46743	0.90365	0.93861	1.0	656	0	0
PPP1R10__P1P2	8	0.004301	6.43e-05	0.000265	235	7	-0.74028	0.93611	0.97221	1.0	705	0	0
UBA3__P1P2	8	0.0044181	6.43e-05	0.000265	236	6	-1.404	0.66254	0.49349	1.0	423	0	0
PRPF40A__P1P2	8	0.0046073	7.4193e-05	0.000282	237	7	-0.96726	0.86678	0.88723	1.0	610	0	0
GTF3C2__P1P2	8	0.0046087	7.4193e-05	0.000282	238	6	-1.3907	0.84239	0.85854	1.0	576	0	0
ASPM__P1P2	8	0.0046846	7.4193e-05	0.000282	239	7	-0.74787	0.98711	0.9993	1.0	806	0	0
ABHD16A__P1P2	8	0.0048071	7.4193e-05	0.000282	240	7	-0.87812	0.99453	0.99991	1.0	841	0	0
SNRNP40__P1P2	8	0.0051623	7.4193e-05	0.000282	241	7	-0.67647	0.93384	0.96968	1.0	698	0	0
RAD51AP1__P1P2	8	0.0052198	7.4193e-05	0.000282	242	7	-0.6485	0.99384	0.99989	1.0	833	0	0
UBR5__P1P2	8	0.0052791	7.4193e-05	0.000282	243	6	-0.88789	0.90742	0.94343	1.0	662	0	0
PIP4K2C__P1P2	8	0.0055192	7.4193e-05	0.000282	244	7	-0.83516	0.61555	0.42014	1.0	376	0	0
CMC2__P1P2	8	0.0055663	7.4193e-05	0.000282	245	7	-1.5392	0.97758	0.99731	1.0	776	0	0
VPS51__P1P2	8	0.0056617	7.4193e-05	0.000282	246	6	-0.66229	0.47947	0.18253	0.659583	264	0	0
CABIN1__P1P2	8	0.0057584	7.4193e-05	0.000282	247	7	-0.48822	0.96352	0.99132	1.0	742	0	0
TFAP4__P1P2	8	0.0059595	7.4193e-05	0.000282	248	7	-0.4432	0.81093	0.8006	1.0	547	0	0
OGFR__P1P2	8	0.0060019	7.4193e-05	0.000282	249	7	-0.4236	0.8007	0.77492	1.0	541	0	0
SRCAP__P1P2	8	0.0063136	7.4193e-05	0.000282	250	7	-0.56378	0.93923	0.97419	1.0	711	0	0
NCSTN__P1P2	8	0.0064172	7.4193e-05	0.000282	251	7	-0.44502	0.98832	0.9994	1.0	810	0	0
CHAF1A__P1P2	8	0.0064846	7.4193e-05	0.000282	252	5	-0.74042	0.93909	0.97418	1.0	710	0	0
SUB1__P1	8	0.0067734	7.4193e-05	0.000282	253	7	-0.84812	0.97199	0.99527	1.0	767	0	0
DHH__P1P2	8	0.0069953	7.4193e-05	0.000282	254	2	-0.77383	0.87913	0.90388	1.0	619	0	0
UQCRC2__P1P2	11	0.0070141	0.00011376	0.000388	255	9	-0.8594	0.64088	0.36497	1.0	405	0	0
POLE3__P1P2	8	0.0071813	7.4193e-05	0.000282	256	7	-0.8468	0.63853	0.44853	1.0	401	0	0
PHF6__P1P2	8	0.007282	7.4193e-05	0.000282	257	7	-0.48751	0.9953	0.99994	1.0	846	0	0
DR1__P1P2	8	0.0073383	8.4085e-05	0.000308	258	5	-0.98707	0.72561	0.651	1.0	464	0	0
HAUS8__P1P2	8	0.0076261	8.4085e-05	0.000308	259	6	-0.92948	0.93445	0.96986	1.0	699	0	0
KAT6A__P1P2	8	0.0079014	8.4085e-05	0.000308	260	7	-0.44391	0.89176	0.92222	1.0	640	0	0
NAE1__P1P2	8	0.0079787	8.4085e-05	0.000308	261	5	-0.94664	0.17587	0.00414	0.055124	69	0	0
RAD1__P1P2	8	0.0081562	8.4085e-05	0.000308	262	7	-0.51256	0.90041	0.93505	1.0	649	0	0
NRBP1__P1P2	8	0.0086642	8.4085e-05	0.000308	263	6	-0.59213	0.9198	0.95724	1.0	678	0	0
HSPA14__P1P2	8	0.0088823	8.4085e-05	0.000308	264	7	-0.67139	0.87729	0.90156	1.0	618	0	0
NUFIP1__P1P2	8	0.0090303	8.4085e-05	0.000308	265	7	-0.77219	0.96604	0.99241	1.0	750	0	0
SKP2__P1P2	8	0.0091092	8.4085e-05	0.000308	266	6	-0.36721	0.74645	0.68428	1.0	485	0	0
SMARCAL1__P1P2	8	0.0093218	9.3978e-05	0.000341	267	6	-0.83824	0.95075	0.98327	1.0	722	0	0
RUNX1T1__P2	8	0.0093655	9.3978e-05	0.000341	268	6	-0.72978	0.86013	0.88147	1.0	598	0	0
UFL1__P1P2	8	0.0094401	9.3978e-05	0.000341	269	7	-0.57251	0.9945	0.99991	1.0	840	0	0
EIF3F__P1P2	11	0.010311	0.00014344	0.000486	270	7	-1.0595	0.97089	0.98856	1.0	765	0	0
KANSL1__P1P2	8	0.01073	0.00010387	0.000367	271	6	-0.62328	0.5783	0.37007	1.0	340	0	0
RNF168__P1P2	8	0.010773	0.00010387	0.000367	272	6	-0.65542	0.7567	0.70524	1.0	496	0	0
RAD17__P1P2	8	0.01091	0.00010387	0.000367	273	6	-1.1413	0.51431	0.26321	0.870241	290	0	0
AP1B1__P1P2	8	0.011041	0.00010387	0.000367	274	7	-0.38289	0.88106	0.90705	1.0	621	0	0
PTK2__P1P2	8	0.011091	0.00010387	0.000367	275	7	-0.75482	0.66572	0.50081	1.0	427	0	0
SREK1IP1__P1P2	8	0.0114	0.00010387	0.000367	276	6	-0.34827	0.8616	0.88224	1.0	602	0	0
BRPF1__P1P2	8	0.011469	0.00010387	0.000367	277	6	-0.77758	0.74917	0.68727	1.0	491	0	0
TBC1D31__P1P2	8	0.011673	0.00011376	0.000388	278	6	-0.41882	0.91467	0.95136	1.0	672	0	0
TRAPPC2L__P1P2	8	0.012081	0.00011376	0.000388	279	7	-0.35791	0.98789	0.99937	1.0	808	0	0
MED23__P1P2	8	0.012102	0.00011376	0.000388	280	6	-0.36341	0.89117	0.92175	1.0	637	0	0
XPO5__P1P2	8	0.012212	0.00011376	0.000388	281	6	-0.56753	0.55527	0.33564	1.0	323	0	0
GPBP1__P1P2	8	0.012719	0.00011376	0.000388	282	7	-0.30452	0.93039	0.96716	1.0	694	0	0
UBE2O__P1P2	8	0.012998	0.00011376	0.000388	283	7	-0.29021	0.87939	0.90445	1.0	620	0	0
RNF2__P1P2	8	0.01316	0.00011376	0.000388	284	7	-0.20191	0.99439	0.9999	1.0	838	0	0
CCDC64__ENST00000397558.2	8	0.013323	0.00011376	0.000388	285	7	-0.40093	0.99033	0.99958	1.0	823	0	0
MYH9__P1P2	8	0.013488	0.00011376	0.000388	286	7	-0.43098	0.9216	0.95929	1.0	683	0	0
MGEA5__P1P2	8	0.014225	0.00013355	0.000454	287	6	-0.62734	0.89909	0.93414	1.0	648	0	0
TBCC__P1P2	8	0.014892	0.00015333	0.000512	288	7	-0.76954	0.98954	0.99949	1.0	817	0	0
APEX2__P1P2	8	0.014945	0.00015333	0.000512	289	6	-0.72961	0.77275	0.72876	1.0	512	0	0
HAX1__P1P2	8	0.014953	0.00015333	0.000512	290	6	-0.79148	0.97316	0.99591	1.0	771	0	0
CENPL__P1P2	8	0.015005	0.00015333	0.000512	291	7	-0.93136	0.69667	0.58071	1.0	442	0	0
KDM5A__P1P2	8	0.015347	0.00016322	0.000541	292	7	-0.4636	0.84107	0.85551	1.0	575	0	0
ANKRD17__P1P2	8	0.015486	0.00016322	0.000541	293	7	-0.28637	0.9896	0.9995	1.0	818	0	0
PNKP__P1P2	8	0.015644	0.00017312	0.000572	294	6	-0.72649	0.71478	0.63069	1.0	453	0	0
PSPC1__P1P2	8	0.01573	0.00018301	0.000601	295	7	-0.35078	0.78293	0.75137	1.0	518	0	0
C19orf53__P1P2	8	0.01574	0.00018301	0.000601	296	6	-0.69421	0.96509	0.99179	1.0	747	0	0
UBA2__P1P2	8	0.017436	0.00024236	0.000793	297	7	-0.51107	0.96994	0.99432	1.0	763	0	0
ANP32B__P1P2	8	0.017927	0.00025226	0.000823	298	7	-0.63879	0.99035	0.99958	1.0	824	0	0
ZC3H7A__P1P2	8	0.018058	0.00026215	0.000844	299	7	-0.41	0.92222	0.95996	1.0	684	0	0
FAM69B__P1P2	8	0.01827	0.00026215	0.000844	300	7	-0.62144	0.94746	0.98046	1.0	720	0	0
SMARCC1__P1P2	8	0.018297	0.00026215	0.000844	301	7	-0.46657	0.65187	0.4659	1.0	413	0	0
UBE2D3__P1P2	8	0.018376	0.00026215	0.000844	302	7	-0.66956	0.99524	0.99993	1.0	845	0	0
FAM178A__P1P2	8	0.018764	0.00027204	0.000864	303	6	-0.73702	0.8037	0.78047	1.0	542	0	0
MAPRE1__P1P2	8	0.018794	0.00027204	0.000864	304	6	-0.58027	0.5337	0.29553	0.938741	305	0	0
PHC1__P1P2	8	0.018835	0.00027204	0.000864	305	7	-0.30556	0.99602	0.99997	1.0	851	0	0
DCP1A__P1P2	8	0.019054	0.00027204	0.000864	306	7	-0.21231	0.39896	0.11814	0.541704	200	0	0
ABCB10__P1P2	8	0.019236	0.00028193	0.00089	307	5	-0.63888	0.31965	0.045995	0.277741	152	0	0
IPO5__P1P2	8	0.019258	0.00028193	0.00089	308	6	-0.90663	0.96928	0.9942	1.0	760	0	0
XPC__P1	8	0.020206	0.00030172	0.000949	309	5	-0.86884	0.42082	0.12953	0.564613	217	0	0
SPIN1__P1P2	8	0.020605	0.0003215	0.001008	310	4	-0.6957	0.22275	0.012835	0.102341	104	0	0
RPL29__P1P2	8	0.020733	0.00033139	0.001036	311	7	-0.34857	0.96456	0.99172	1.0	745	0	0
ARL14EP__P1P2	8	0.02091	0.00034129	0.001063	312	7	-0.19678	0.87042	0.89314	1.0	614	0	0
PEX7__P1P2	8	0.021239	0.00035118	0.001091	313	7	-0.29984	0.98643	0.99923	1.0	801	0	0
CSK__P1P2	8	0.021438	0.00036107	0.001118	314	6	-0.34609	0.9141	0.95112	1.0	671	0	0
SUGP1__P1P2	8	0.022274	0.0004501	0.001389	315	5	-0.76248	0.70043	0.58667	1.0	446	0	0
USF2__P1P2	8	0.022562	0.0044367	0.013476	316	7	-0.25648	0.53666	0.30513	0.962928	308	0	0
TIMM10__P1P2	8	0.022773	0.0044466	0.013476	317	6	-0.87526	0.79969	0.77492	1.0	539	0	0
DOCK1__P1P2	8	0.023292	0.0044862	0.013476	318	6	-0.57298	0.84008	0.8546	1.0	573	0	0
NSDHL__P1P2	8	0.023621	0.0044961	0.013476	319	6	-0.84639	0.88584	0.91514	1.0	628	0	0
PFDN4__P1P2	8	0.023623	0.0044961	0.013476	320	5	-0.98499	0.62928	0.43584	1.0	391	0	0
PRR14L__P1P2	8	0.023688	0.0044961	0.013476	321	7	-0.22437	0.93662	0.97263	1.0	706	0	0
NDUFS4__P1P2	8	0.023691	0.0044961	0.013476	322	6	-0.33992	0.84531	0.86165	1.0	580	0	0
ELMO3__P1P2	8	0.023721	0.0044961	0.013476	323	7	-0.24491	0.95063	0.98326	1.0	721	0	0
ZCCHC11__P1P2	8	0.024319	0.004506	0.013476	324	6	-0.41379	0.74421	0.67659	1.0	482	0	0
RRP8__P1P2	8	0.025069	0.0045258	0.013494	325	5	-0.41688	0.965	0.99179	1.0	746	0	0
STX4__P1P2	8	0.025574	0.0045554	0.013541	326	7	-0.27287	0.94708	0.98035	1.0	718	0	0
CORO1A__30194716	8	0.026003	0.0045752	0.013558	327	6	-0.48818	0.79949	0.77492	1.0	538	0	0
MON2__P1P2	8	0.026651	0.0046445	0.013722	328	7	-0.18541	0.63615	0.44612	1.0	398	0	0
ATPAF2__P1P2	8	0.027477	0.0046939	0.013826	329	7	-0.79097	0.988	0.99937	1.0	809	0	0
FDXR__P1P2	11	0.02773	0.00056881	0.00175	330	7	-0.80607	0.49005	0.13899	0.587809	271	0	0
MBIP__P1P2	8	0.028128	0.0047434	0.013894	331	6	-1.2365	0.62893	0.43584	1.0	390	0	0
ESYT1__P2	8	0.028354	0.0047731	0.013894	332	7	-0.27862	0.93142	0.96778	1.0	695	0	0
RPL28__P1P2	8	0.028596	0.004783	0.013894	333	4	-0.78372	0.88962	0.91994	1.0	634	0	0
LCOR__P1P2	8	0.029121	0.0047929	0.013894	334	7	-0.4396	0.95962	0.98898	1.0	735	0	0
NAA30__P1P2	8	0.029531	0.0048027	0.013894	335	6	-0.84561	0.46052	0.16765	0.640292	252	0	0
SNAI1__P1P2	8	0.029551	0.0048027	0.013894	336	7	-0.19614	0.96348	0.99132	1.0	741	0	0
TATDN2__P1P2	8	0.029787	0.0048324	0.013906	337	7	-0.41404	0.99407	0.99989	1.0	835	0	0
JMJD1C__P1P2	8	0.030116	0.0048522	0.013906	338	6	-0.50456	0.98179	0.99832	1.0	790	0	0
RNPS1__P1P2	8	0.031674	0.0048819	0.013906	339	2	-0.68474	0.88621	0.91514	1.0	629	0	0
GHITM__P1P2	8	0.031819	0.0048819	0.013906	340	7	-0.3795	0.99545	0.99994	1.0	847	0	0
NEDD8-MDP1__P1P2	8	0.032009	0.0048918	0.013906	341	5	-0.94215	0.40842	0.11815	0.541704	207	0	0
LSR__P1P2	8	0.033126	0.0049116	0.013906	342	6	-0.68944	0.43349	0.14473	0.587809	227	0	0
PURB__P1P2	8	0.033171	0.0049215	0.013906	343	7	-0.20784	0.95825	0.98823	1.0	732	0	0
LOC730183__NM_001256932	8	0.033258	0.0049215	0.013906	344	7	-0.58611	0.99032	0.99958	1.0	822	0	0
C1orf101__P1P2	8	0.033749	0.0050204	0.014144	345	3	-0.614	0.62124	0.43094	1.0	380	0	0
NPDC1__P1P2	8	0.034411	0.0050797	0.014229	346	6	-0.37228	0.54085	0.30836	0.963749	311	0	0
RIC8A__P2	8	0.034484	0.0050797	0.014229	347	7	-0.34911	0.95626	0.98707	1.0	727	0	0
ACTR5__P1P2	8	0.035739	0.0051688	0.014261	348	6	-0.41976	0.43047	0.14473	0.587809	225	0	0
CBLL1__P1P2	8	0.036728	0.0051787	0.014261	349	5	-0.39397	0.35421	0.066699	0.364277	173	0	0
UBE3A__P1P2	8	0.036749	0.0051787	0.014261	350	6	-0.11586	0.81587	0.81068	1.0	553	0	0
MANSC1__P1P2	8	0.037581	0.0051885	0.014261	351	3	-0.80527	0.42744	0.13735	0.587809	224	0	0
ATRIP__P1P2	8	0.037854	0.0051885	0.014261	352	5	-0.60621	0.96161	0.99034	1.0	738	0	0
NUDT22__P1P2	8	0.040747	0.0051984	0.014261	353	4	-0.46069	0.49147	0.20401	0.723698	273	0	0
HSPA4__P1P2	8	0.041731	0.0051984	0.014261	354	1	-0.55079	0.34686	0.062584	0.351684	171	0	0
ERCC1__P1P2	8	0.042928	0.0052083	0.014261	355	6	-0.74523	0.71615	0.63277	1.0	456	0	0
AKAP3__P1	8	0.045124	0.0052479	0.014329	356	6	-0.7768	0.93603	0.97221	1.0	704	0	0
C7orf49__P1P2	8	0.047284	0.005327	0.014504	357	6	-0.66673	0.26665	0.021185	0.160945	126	0	0
FGD1__P1P2	8	0.047957	0.0053468	0.014517	358	6	-0.3028	0.9333	0.96907	1.0	697	0	0
SMURF2__P1P2	8	0.048925	0.0054458	0.014702	359	6	-0.16149	0.92585	0.96253	1.0	687	0	0
DYNC1LI1__P1P2	8	0.050398	0.0054655	0.014702	360	5	-0.69064	0.5573	0.33859	1.0	325	0	0
DDX31__P1P2	8	0.050544	0.0054655	0.014702	361	5	-0.74479	0.98437	0.99882	1.0	796	0	0
MED15__P1	8	0.0508	0.0054754	0.014702	362	5	-0.62006	0.93536	0.9711	1.0	701	0	0
PSMG3__P2	8	0.053696	0.0055546	0.014833	363	4	-0.62505	0.38238	0.098879	0.495465	188	0	0
NONO__P1P2	8	0.053826	0.0055546	0.014833	364	6	-0.31296	0.90355	0.93861	1.0	655	0	0
COPE__P1P2	8	0.055261	0.0055941	0.014897	365	6	-0.43203	0.97703	0.99723	1.0	775	0	0
GMEB1__P1P2	8	0.056078	0.0056238	0.014935	366	6	-0.35463	0.92044	0.9583	1.0	680	0	0
CSNK1A1__P1P2	8	0.057361	0.0056733	0.015026	367	4	-0.68963	0.78787	0.7568	1.0	523	0	0
UFM1__P1P2	8	0.058417	0.0057227	0.015115	368	5	-0.50837	0.96848	0.99391	1.0	758	0	0
RANBP2__109335729	8	0.059587	0.0057821	0.015196	369	5	-0.59598	0.90701	0.94295	1.0	660	0	0
AEN__P1P2	8	0.059932	0.005792	0.015196	370	6	-0.32969	0.9894	0.99947	1.0	815	0	0
WDR18__P1P2	8	0.060998	0.0058118	0.015196	371	5	-0.70238	0.88829	0.91841	1.0	633	0	0
UFC1__P1P2	8	0.061653	0.0058217	0.015196	372	6	-0.29075	0.75742	0.70525	1.0	497	0	0
PABPC4__P1P2	8	0.062215	0.0058316	0.015196	373	6	-0.92972	0.71779	0.63278	1.0	459	0	0
KAT6B__P1P2	8	0.063313	0.0058612	0.015203	374	6	-0.16771	0.57284	0.35864	1.0	335	0	0
ATP6AP2__P1P2	8	0.063618	0.0058711	0.015203	375	6	-0.55706	0.54955	0.32365	0.98618	319	0	0
UBE2L3__P1P2	8	0.064218	0.005881	0.015203	376	5	-0.52244	0.79458	0.77259	1.0	530	0	0
NUP188__P1P2	8	0.066568	0.0059997	0.015469	377	6	-0.19657	0.4079	0.11815	0.541704	206	0	0
TTC3__P1P2	8	0.067009	0.006069	0.015565	378	6	-0.26856	0.87437	0.89735	1.0	616	0	0
FBXL14__P1P2	8	0.067186	0.006069	0.015565	379	5	-0.37494	0.79929	0.77492	1.0	537	0	0
CTIF__P1P2	8	0.068761	0.0061184	0.015609	380	4	-0.44744	0.58903	0.38474	1.0	352	0	0
MYO9B__P1P2	8	0.06881	0.0061184	0.015609	381	5	-0.63528	0.24045	0.012845	0.102341	116	0	0
GET4__P1P2	8	0.069621	0.006158	0.015638	382	6	-0.50834	0.70754	0.61055	1.0	448	0	0
PLEKHH2__P1P2	8	0.069811	0.0061778	0.015638	383	5	-0.6259	0.74396	0.67659	1.0	481	0	0
ARRDC4__P1P2	8	0.06999	0.0061778	0.015638	384	3	-0.5435	0.57674	0.36442	1.0	339	0	0
BCL2L13__P1P2	8	0.071101	0.0062272	0.01565	385	6	-0.29258	0.92728	0.96423	1.0	689	0	0
ELOF1__P1P2	8	0.071456	0.0062371	0.01565	386	5	-0.74592	0.39525	0.11435	0.541704	197	0	0
PSPH__P2	8	0.071953	0.006247	0.01565	387	6	-0.62864	0.92901	0.96582	1.0	691	0	0
USP48__P1P2	8	0.071992	0.006247	0.01565	388	6	-0.1894	0.86507	0.88669	1.0	607	0	0
RBX1__P1P2	8	0.072462	0.0062767	0.015677	389	4	-0.53647	0.63136	0.43827	1.0	392	0	0
CCDC130__P1	8	0.073017	0.0063064	0.015677	390	5	-0.48693	0.95648	0.98708	1.0	728	0	0
ASUN__P1P2	8	0.073084	0.0063064	0.015677	391	4	-0.85057	0.77117	0.72599	1.0	509	0	0
EIF4A1__P1P2	8	0.073612	0.006346	0.01572	392	5	-0.41314	0.12506	0.0041301	0.055124	43	0	0
MTCH2__P1P2	8	0.073674	0.0063558	0.01572	393	5	-0.42062	0.85473	0.87489	1.0	594	0	0
TMEM110__P1P2	8	0.074556	0.0063855	0.015753	394	6	-0.41128	0.55446	0.33563	1.0	321	0	0
C14orf169__P1P2	8	0.077158	0.0064844	0.015957	395	6	-0.28321	0.9885	0.99941	1.0	811	0	0
UBE2Q1__P1P2	8	0.077952	0.0066131	0.016232	396	6	-0.36038	0.93543	0.9711	1.0	702	0	0
SERBP1__P1P2	8	0.079401	0.0066625	0.016271	397	4	-0.62898	0.44592	0.14877	0.587809	235	0	0
MEX3A__P1P2	8	0.079411	0.0066625	0.016271	398	5	-0.78306	0.80841	0.79412	1.0	544	0	0
ENY2__P1P2	8	0.080766	0.006801	0.016568	399	4	-0.6742	0.84898	0.86365	1.0	586	0	0
COG6__P1P2	8	0.081224	0.010699	0.025868	400	3	-0.64261	0.61304	0.41756	1.0	373	0	0
TSSC1__P1P2	8	0.081274	0.010699	0.025868	401	6	-0.2309	0.94522	0.97803	1.0	717	0	0
DOT1L__P1P2	8	0.082982	0.010807	0.025945	402	5	-0.25178	0.45715	0.16024	0.618075	250	0	0
SUPT4H1__P1P2	8	0.083079	0.010807	0.025945	403	5	-0.869	0.89164	0.92222	1.0	639	0	0
LAMC1__P1P2	8	0.084134	0.010837	0.025945	404	6	-0.35628	0.92275	0.96082	1.0	685	0	0
HDAC7__P1P2	8	0.084415	0.010837	0.025945	405	6	-0.63563	0.93859	0.97401	1.0	709	0	0
KDSR__P1P2	8	0.090362	0.011342	0.027086	406	6	-0.50864	0.96407	0.99151	1.0	744	0	0
HIGD2A__P1P2	8	0.091184	0.011381	0.027114	407	4	-0.33418	0.52085	0.2732	0.89415	295	0	0
CNKSR3__P1P2	8	0.091711	0.01147	0.027259	408	6	-0.5151	0.98703	0.99929	1.0	805	0	0
ISY1__P1P2	8	0.09425	0.011727	0.027758	409	6	-0.48578	0.97796	0.99741	1.0	777	0	0
EHBP1__P1P2	8	0.094453	0.011737	0.027758	410	6	-0.20362	0.36372	0.074574	0.402698	179	0	0
EXOSC1__P1P2	8	0.0954	0.011876	0.027975	411	5	-0.75791	0.32376	0.045995	0.277741	155	0	0
NDC1__P1P2	8	0.096392	0.011915	0.027975	412	6	-0.28615	0.93743	0.97286	1.0	708	0	0
SLTM__P1P2	8	0.096568	0.011915	0.027975	413	6	-0.40848	0.68992	0.55947	1.0	440	0	0
TAF4__P1P2	8	0.097113	0.012064	0.028255	414	6	-0.28847	0.82896	0.8363	1.0	560	0	0
ZMIZ1__P1P2	11	0.09774	0.0098577	0.023954	415	8	-0.18826	0.96672	0.98478	1.0	755	0	0
SMN1__70220656	8	0.098271	0.012212	0.028466	416	5	-0.71054	0.85775	0.87738	1.0	596	0	0
FAM102A__P1P2	8	0.098672	0.012212	0.028466	417	6	-0.15258	0.61412	0.41757	1.0	375	0	0
SLC38A10__P1P2	8	0.099405	0.012271	0.028468	418	6	-0.54359	0.95169	0.98359	1.0	724	0	0
SNF8__P1P2	8	0.099461	0.012271	0.028468	419	5	-0.5201	0.6317	0.43827	1.0	393	0	0
ARID1A__P1P2	8	0.10205	0.012667	0.029315	420	6	-0.23395	0.96608	0.99241	1.0	751	0	0
RBM47__P1P2	8	0.10354	0.012964	0.029931	421	1	-0.19839	0.16324	0.00414	0.055124	62	0	0
CDC42EP5__P1P2	8	0.10658	0.013528	0.031159	422	4	-0.59745	0.41619	0.12574	0.56067	213	0	0
SF3A2__P2	8	0.10966	0.013953	0.031987	423	6	-0.37519	0.32552	0.046004	0.277741	157	0	0
ZFAT__P1	8	0.10985	0.013953	0.031987	424	6	-0.43158	0.65055	0.46084	1.0	411	0	0
CWC27__P1P2	8	0.1103	0.014092	0.032229	425	6	-0.27965	0.85242	0.86916	1.0	592	0	0
HNRNPA2B1__P1P2	8	0.1112	0.014171	0.032333	426	6	-0.19107	0.37858	0.091153	0.468788	185	0	0
PRKRIR__P1P2	8	0.11264	0.014379	0.032677	427	5	-0.53861	0.83554	0.84944	1.0	566	0	0
PRMT7__P1P2	8	0.11372	0.014388	0.032677	428	6	-0.21467	0.93558	0.97128	1.0	703	0	0
PGPEP1__P1P2	8	0.11521	0.014606	0.033094	429	4	-0.44505	0.57519	0.36154	1.0	338	0	0
MRGBP__P1P2	8	0.1163	0.014923	0.033732	430	3	-0.47161	0.38992	0.10278	0.507102	193	0	0
USF1__P1P2	8	0.11748	0.015111	0.034021	431	5	-0.26238	0.83874	0.85373	1.0	571	0	0
FUBP3__P1P2	8	0.11786	0.01512	0.034021	432	5	-0.70987	0.95658	0.98708	1.0	729	0	0
DDA1__P1P2	8	0.11863	0.01519	0.034098	433	6	-0.20923	0.51299	0.26321	0.870241	289	0	0
AGO2__141644983	8	0.11922	0.015259	0.034174	434	6	-0.27259	0.84708	0.86282	1.0	582	0	0
ZCCHC8__P1P2	8	0.1203	0.015318	0.034229	435	6	-0.19445	0.81074	0.8006	1.0	546	0	0
IMMT__P1P2	8	0.12066	0.015427	0.034393	436	6	-0.70131	0.84499	0.86164	1.0	579	0	0
TGDS__P1P2	8	0.12212	0.015724	0.034924	437	5	-0.54168	0.98157	0.99829	1.0	789	0	0
RABL5__P1P2	8	0.12247	0.015773	0.034924	438	6	-0.337	0.97267	0.99565	1.0	770	0	0
MED16__P1P2	8	0.12259	0.015773	0.034924	439	6	-0.15209	0.78914	0.75823	1.0	525	0	0
C19orf70__P1P2	8	0.12319	0.015942	0.035216	440	6	-0.28501	0.98938	0.99947	1.0	814	0	0
ADAM18__P1P2	8	0.12506	0.016219	0.035747	441	3	-0.52172	0.63479	0.44611	1.0	396	0	0
RASAL2__P1P2	8	0.12675	0.016594	0.036493	442	3	-0.3059	0.23915	0.012835	0.102341	114	0	0
DEGS1__P1P2	8	0.12726	0.016743	0.036675	443	2	-0.46731	0.3325	0.050159	0.297344	162	0	0
WNT3A__P1P2	8	0.1275	0.016753	0.036675	444	6	-0.1637	0.92423	0.9611	1.0	686	0	0
LYRM7__P1P2	8	0.12951	0.017188	0.037543	445	6	-0.16047	0.74169	0.67511	1.0	476	0	0
ING1__P1	8	0.13115	0.017455	0.037956	446	6	-0.37131	0.97958	0.99785	1.0	782	0	0
ZBTB4__P1	8	0.1314	0.017455	0.037956	447	5	-0.38302	0.57166	0.35584	1.0	334	0	0
NOSIP__P1P2	8	0.13319	0.017702	0.038408	448	6	-0.10442	0.90226	0.93652	1.0	652	0	0
HNRNPLL__P1P2	8	0.13348	0.017811	0.038558	449	3	-0.35578	0.67848	0.53071	1.0	434	0	0
HELLS__P1P2	8	0.13461	0.018237	0.039325	450	6	-0.12081	0.9721	0.99534	1.0	768	0	0
DCUN1D1__P1P2	8	0.13487	0.018246	0.039325	451	6	-0.20589	0.96689	0.99282	1.0	756	0	0
MNT__P1P2	8	0.13643	0.018583	0.039961	452	6	-0.17388	0.61734	0.42279	1.0	378	0	0
HSPA13__P1P2	8	0.138	0.018702	0.040128	453	6	-0.39058	0.9176	0.95394	1.0	676	0	0
FLII__18161284	8	0.13905	0.018899	0.04042	454	6	-0.59318	0.98187	0.99833	1.0	791	0	0
H2AFX__P1P2	8	0.13997	0.019008	0.04042	455	6	-0.25825	0.55487	0.33563	1.0	322	0	0
VPS26A__P1P2	8	0.14024	0.019018	0.04042	456	6	-0.52173	0.88683	0.91515	1.0	631	0	0
COPS8__237994319	8	0.14042	0.019058	0.04042	457	4	-0.61651	0.54419	0.32059	0.98614	314	0	0
PIGB__P1P2	8	0.14055	0.019058	0.04042	458	5	-0.24046	0.81606	0.81068	1.0	554	0	0
NDE1__P1	8	0.14097	0.019087	0.04042	459	5	-0.52996	0.42642	0.13734	0.587809	222	0	0
GRWD1__P1P2	8	0.14368	0.019701	0.041628	460	5	-0.32754	0.92819	0.96564	1.0	690	0	0
NCOA6__P1P2	8	0.14469	0.019809	0.041698	461	5	-0.24175	0.7472	0.68429	1.0	487	0	0
SMG7__P1P2	8	0.14494	0.019819	0.041698	462	4	-0.42122	0.86043	0.88148	1.0	599	0	0
DUSP11__P1P2	8	0.15496	0.020522	0.043082	463	5	-0.22308	0.90834	0.94468	1.0	663	0	0
SAMD1__P1P2	8	0.15571	0.020591	0.043135	464	3	-0.24757	0.11917	0.0041301	0.055124	41	0	0
TMEM258__P1P2	8	0.15661	0.02064	0.043145	465	5	-0.30672	0.68364	0.54395	1.0	436	0	0
MEAF6__P1P2	8	0.16061	0.021016	0.043837	466	4	-0.55784	0.16112	0.00414	0.055124	61	0	0
TMEM86A__P1P2	8	0.16183	0.021086	0.043884	467	4	-0.56546	0.46865	0.17127	0.640292	257	0	0
RYR3__P1P2	8	0.16371	0.021175	0.043884	468	4	-0.59436	0.4345	0.14474	0.587809	228	0	0
NFYB__P1P2	8	0.16405	0.021175	0.043884	469	5	-0.48332	0.92958	0.96607	1.0	693	0	0
RAC1__P1P2	8	0.16928	0.021521	0.044507	470	5	-0.30671	0.40946	0.11815	0.541704	208	0	0
OXR1__ENST00000312046.6	8	0.17257	0.021768	0.044923	471	5	-0.13477	0.60027	0.40445	1.0	362	0	0
HOXC4__ENST00000430889.2	8	0.17497	0.026517	0.054376	472	5	-0.30155	0.62615	0.43583	1.0	387	0	0
FAM216A__P1P2	8	0.17543	0.026517	0.054376	473	5	-0.5942	0.65578	0.48109	1.0	415	0	0
SMARCA5__P1P2	8	0.17674	0.026655	0.054477	474	5	-0.16894	0.63718	0.44612	1.0	400	0	0
TNKS2__P1P2	8	0.17738	0.026714	0.054477	475	5	-0.15069	0.67293	0.52147	1.0	431	0	0
GOLGA7B__P1P2	8	0.17865	0.026734	0.054477	476	3	-0.43657	0.85519	0.87489	1.0	595	0	0
GNA13__P1P2	8	0.18196	0.026991	0.054824	477	5	-0.20368	0.72667	0.65281	1.0	466	0	0
USMG5__P1P2	8	0.18372	0.0271	0.054824	478	3	-0.45374	0.88781	0.91803	1.0	632	0	0
GPR89B__147400326	8	0.18419	0.02712	0.054824	479	3	-0.47614	0.92007	0.95749	1.0	679	0	0
ARHGEF2__P1P2	8	0.18451	0.02713	0.054824	480	5	-0.18273	0.77523	0.73404	1.0	513	0	0
ESYT2__P1P2	8	0.18902	0.027397	0.055249	481	2	-0.35845	0.28778	0.037368	0.247155	138	0	0
LRP6__P1P2	8	0.18948	0.027615	0.055442	482	4	-0.25299	0.10429	0.0041301	0.055124	36	0	0
PCGF2__P1	8	0.18974	0.027624	0.055442	483	5	-0.16065	0.8591	0.88071	1.0	597	0	0
TTLL10__P1	8	0.19058	0.027664	0.055442	484	5	-0.13369	0.23066	0.012835	0.102341	108	0	0
ADD1__P1P2	8	0.19125	0.027783	0.055565	485	5	-0.21759	0.5999	0.40445	1.0	361	0	0
CAB39__P1P2	8	0.19176	0.027862	0.055609	486	5	-0.15216	0.83891	0.85373	1.0	572	0	0
IRX1__P1P2	8	0.19938	0.028722	0.056996	487	4	-0.37719	0.59693	0.40154	1.0	359	0	0
ATL3__P1P2	8	0.19995	0.028732	0.056996	488	5	-0.15302	0.17028	0.00414	0.055124	67	0	0
STK3__P1P2	8	0.20032	0.028732	0.056996	489	5	-0.36401	0.56573	0.35329	1.0	329	0	0
CRLS1__P1P2	8	0.20338	0.02897	0.057253	490	4	-0.24597	0.86607	0.8867	1.0	609	0	0
CD22__P1P2	11	0.2036	0.023648	0.048698	491	3	-0.35058	0.90279	0.9012	1.0	654	0	0
FERMT1__P1P2	8	0.20383	0.02898	0.057253	492	4	-0.38727	0.63955	0.44854	1.0	402	0	0
TRABD__P1	8	0.20591	0.029128	0.057429	493	5	-0.29058	0.65154	0.46589	1.0	412	0	0
TSPYL1__P1P2	8	0.20744	0.029366	0.05778	494	5	-0.37812	0.74818	0.68585	1.0	489	0	0
C6orf47__P1P2	8	0.2085	0.029553	0.058032	495	5	-0.23848	0.73531	0.67173	1.0	468	0	0
ATRN__P1P2	8	0.2167	0.035103	0.068791	496	5	-0.1963	0.83639	0.84944	1.0	568	0	0
CENPO__P1P2	8	0.2209	0.035627	0.069557	497	4	-0.46074	0.77922	0.74349	1.0	515	0	0
C19orf43__P1P2	8	0.22142	0.035637	0.069557	498	2	-0.32782	0.58139	0.37283	1.0	343	0	0
SENP2__P1P2	8	0.2258	0.036162	0.070317	499	5	-0.15336	0.84353	0.85941	1.0	578	0	0
LTN1__P1P2	8	0.22598	0.036171	0.070317	500	5	-0.30597	0.5446	0.3206	0.98614	315	0	0
MLLT1__P1P2	8	0.22803	0.03632	0.070465	501	4	-0.10809	0.7652	0.72183	1.0	502	0	0
CORO1B__67210174	8	0.23155	0.036903	0.071455	502	3	-0.2468	0.3559	0.066699	0.364277	175	0	0
STX7__P1P2	8	0.23283	0.037012	0.071523	503	3	-0.39737	0.88671	0.91515	1.0	630	0	0
STMND1__P1P2	8	0.23396	0.037141	0.071629	504	5	-0.0022168	0.10653	0.0041301	0.055124	37	0	0
ATP12A__P1P2	8	0.23482	0.037339	0.071868	505	4	-0.27446	0.62159	0.43094	1.0	381	0	0
GNG4__P1P2	8	0.23602	0.037507	0.072049	506	4	-0.30996	0.2616	0.016842	0.131038	123	0	0
CD99L2__P1P2	8	0.24175	0.038743	0.074277	507	5	-0.55435	0.93483	0.97037	1.0	700	0	0
RPUSD4__P1P2	8	0.24219	0.038961	0.074548	508	5	-0.33014	0.46293	0.17126	0.640292	253	0	0
REC8__P1P2	8	0.24436	0.039347	0.075138	509	3	-0.37148	0.83089	0.84069	1.0	562	0	0
CISD1__P1P2	8	0.24705	0.039812	0.075877	510	5	-0.08517	0.39419	0.11435	0.541704	195	0	0
SNRK__P1P2	8	0.25053	0.040613	0.07725	511	5	-0.15704	0.48087	0.18254	0.659583	265	0	0
XKR8__P1P2	8	0.25266	0.040841	0.07725	512	5	-0.1203	0.30297	0.037378	0.247155	145	0	0
PTPN12__P1P2	8	0.25338	0.040841	0.07725	513	2	-0.062518	0.15828	0.00414	0.055124	59	0	0
GART__P1P2	8	0.25362	0.040851	0.07725	514	4	-0.30537	0.89491	0.92731	1.0	644	0	0
FAM83H__P1P2	8	0.25508	0.041068	0.077511	515	4	-0.29279	0.83124	0.84148	1.0	563	0	0
ACAD11__P1P2	8	0.25695	0.041236	0.077678	516	5	-0.23272	0.61591	0.42015	1.0	377	0	0
PFDN5__P1P2	8	0.25784	0.041583	0.078178	517	4	-0.35117	0.93931	0.97419	1.0	712	0	0
SOS1__P1P2	8	0.25931	0.042008	0.078826	518	5	-0.090963	0.19245	0.0084827	0.080929	82	0	0
FAM58A__P1P2	8	0.26463	0.047498	0.088956	519	4	-0.32248	0.77162	0.72744	1.0	510	0	0
GNAI1__P1P2	8	0.26934	0.048201	0.089955	520	3	-0.19497	0.22209	0.012835	0.102341	103	0	0
DSCR3__P1P2	8	0.26976	0.0483	0.089955	521	5	-0.33816	0.96227	0.99076	1.0	739	0	0
CNTD2__P1	8	0.27043	0.048309	0.089955	522	5	-0.10048	0.96118	0.9901	1.0	737	0	0
CCDC94__P1P2	8	0.27105	0.048438	0.090022	523	4	-0.34872	0.95157	0.98358	1.0	723	0	0
GLYR1__P1P2	8	0.27385	0.04914	0.091153	524	5	-0.17537	0.94721	0.98045	1.0	719	0	0
SETDB1__P1P2	8	0.27608	0.049566	0.091767	525	5	-0.058187	0.4901	0.20057	0.714127	272	0	0
MAGED2__P2	8	0.27709	0.049843	0.092105	526	5	-0.14008	0.6237	0.43095	1.0	385	0	0
MED24__P1P2	8	0.27851	0.050219	0.092448	527	5	-0.29148	0.76728	0.72321	1.0	505	0	0
C11orf58__P1P2	8	0.27914	0.050397	0.0926	528	2	-0.1936	0.45229	0.15272	0.593827	244	0	0
BRD1__P1P2	8	0.28319	0.051149	0.093804	529	4	-0.24255	0.91666	0.95301	1.0	675	0	0
WDR86__P1P2	8	0.2847	0.051653	0.094551	530	2	-0.30188	0.5744	0.36153	1.0	337	0	0
PDIA4__P1P2	8	0.28532	0.05196	0.094934	531	2	-0.23489	0.58637	0.38193	1.0	350	0	0
BIVM__P1	8	0.28648	0.052573	0.095695	532	4	-0.021035	0.72374	0.64738	1.0	463	0	0
BRD2__P1	8	0.28649	0.052573	0.095695	533	5	-0.3317	0.65902	0.48831	1.0	419	0	0
PPP2R1A__P1	8	0.28847	0.053414	0.097043	534	3	-0.33242	0.86335	0.88472	1.0	604	0	0
SURF2__P1P2	11	0.2888	0.050001	0.092222	535	6	-0.16685	0.7798	0.62222	1.0	517	0	0
EAF1__P1P2	8	0.28979	0.05375	0.097472	536	5	-0.20605	0.91486	0.95136	1.0	673	0	0
ARF1__P1P2	8	0.2929	0.054631	0.098884	537	5	-0.086773	0.42693	0.13734	0.587809	223	0	0
CYFIP2__P1P2	8	0.29477	0.05562	0.100488	538	5	-0.32403	0.49783	0.22176	0.769832	279	0	0
PLCG1__P1P2	8	0.29582	0.056016	0.101015	539	5	0.0053188	0.22803	0.012835	0.102341	107	0	0
VPS9D1__P1P2	8	0.29892	0.057034	0.102662	540	3	-0.25306	0.23394	0.012835	0.102341	110	0	0
RBL1__P1P2	8	0.30021	0.05745	0.103219	541	5	-0.13566	0.95358	0.98481	1.0	725	0	0
ZNF444__P1P2	8	0.30448	0.062426	0.111952	542	3	-0.2695	0.5375	0.30835	0.963749	309	0	0
CTXN1__P1P2	8	0.30597	0.063049	0.112598	543	4	-0.32785	0.44395	0.14876	0.587809	233	0	0
PRC1__P1P2	8	0.3068	0.063079	0.112598	544	3	-0.25659	0.86393	0.88529	1.0	605	0	0
SREBF1__P1	8	0.30734	0.063356	0.112598	545	5	-0.50843	0.96535	0.99205	1.0	748	0	0
PLOD3__P1P2	8	0.30873	0.063366	0.112598	546	3	-0.31638	0.84787	0.86283	1.0	584	0	0
TUFM__28856875	8	0.30909	0.063366	0.112598	547	5	-0.16785	0.97013	0.99442	1.0	764	0	0
CEP128__P1P2	8	0.31164	0.068144	0.120648	548	5	-0.11003	0.90845	0.94469	1.0	664	0	0
WNT7A__P1P2	8	0.32411	0.073565	0.130009	549	5	-0.30104	0.84772	0.86283	1.0	583	0	0
PAPPA__P1P2	8	0.32736	0.074771	0.13168	550	5	-0.1184	0.97851	0.99761	1.0	780	0	0
GAL__P1P2	8	0.32739	0.074781	0.13168	551	3	-0.043764	0.06844	4.9462e-06	0.000185	23	1	0
PTRHD1__P1P2	8	0.32886	0.075098	0.131999	552	4	-0.25819	0.66413	0.49586	1.0	425	0	0
MSI1__P1P2	8	0.32902	0.075375	0.132246	553	4	-0.40342	0.7432	0.67658	1.0	479	0	0
OPRD1__P1P2	8	0.33197	0.076522	0.134018	554	3	-0.38077	0.59431	0.39323	1.0	356	0	0
LDB3__P1P2	8	0.33787	0.079599	0.139155	555	5	-0.2572	0.71997	0.63861	1.0	462	0	0
ITGB3__P1P2	8	0.33897	0.079925	0.139242	556	5	-0.12064	0.91563	0.95193	1.0	674	0	0
SMAD1__P1P2	8	0.33941	0.079935	0.139242	557	5	-0.17539	0.86436	0.8853	1.0	606	0	0
PPP2R5E__P1P2	8	0.34	0.080479	0.139939	558	4	-0.38243	0.97604	0.99685	1.0	773	0	0
MLLT3__P1P2	8	0.34139	0.080895	0.14026	559	5	-0.11524	0.37803	0.091143	0.468788	184	0	0
RAI14__P1P2	8	0.34172	0.081231	0.14026	560	3	-0.39218	0.62265	0.43095	1.0	384	0	0
RHOG__P1P2	8	0.34223	0.081241	0.14026	561	4	-0.17333	0.78702	0.75679	1.0	521	0	0
SRSF11__P2	8	0.34229	0.081241	0.14026	562	3	-0.23708	0.43249	0.14473	0.587809	226	0	0
SNAP29__P1P2	8	0.34982	0.085228	0.146882	563	5	-0.14757	0.93736	0.97286	1.0	707	0	0
GPI__P1P2	8	0.35116	0.085435	0.146979	564	5	-0.13835	0.60834	0.41247	1.0	370	0	0
IBA57__P1P2	8	0.3525	0.08591	0.147275	565	5	-0.21686	0.6134	0.41756	1.0	374	0	0
TRIM56__P1P2	8	0.35272	0.08591	0.147275	566	5	-0.11055	0.7156	0.63277	1.0	454	0	0
GNE__P1P2	11	0.35407	0.063583	0.112779	567	6	-0.1395	0.95864	0.97703	1.0	733	0	0
HLA-DMA__P2	8	0.35586	0.087335	0.149292	568	5	-0.13903	0.67725	0.5307	1.0	433	0	0
CHEK2__P1P2	8	0.35638	0.087394	0.149292	569	3	0.39534	0.0015209	4.9462e-06	0.000185	17	2	0
GAPVD1__P1P2	8	0.3618	0.090154	0.153484	570	4	-0.10009	0.74093	0.67511	1.0	475	0	0
FNIP1__P1P2	8	0.36238	0.090164	0.153484	571	5	-0.10071	0.76169	0.71499	1.0	500	0	0
C20orf196__P1P2	8	0.36344	0.090599	0.153888	572	4	-0.17531	0.81246	0.80497	1.0	549	0	0
ACADS__P1P2	8	0.3665	0.090856	0.153888	573	2	-0.28693	0.89797	0.9322	1.0	646	0	0
ICMT__P1P2	8	0.36861	0.091005	0.153888	574	4	-0.14925	0.77944	0.74349	1.0	516	0	0
PCDHGA12__P1P2	8	0.36926	0.091035	0.153888	575	4	-0.25987	0.81016	0.79951	1.0	545	0	0
FRMPD2__49481953	8	0.37634	0.092172	0.155541	576	4	-0.26891	0.70243	0.59464	1.0	447	0	0
AES__P1P2	8	0.37994	0.092884	0.156471	577	3	-0.11831	0.44197	0.14876	0.587809	231	0	0
S100A16__P1P2	8	0.39422	0.095377	0.160381	578	4	-0.10554	0.4776	0.17876	0.658162	262	0	0
TMSB10__P1P2	8	0.39685	0.095536	0.160381	579	2	-0.12432	0.41671	0.12574	0.56067	214	0	0
SAP30BP__P1P2	8	0.40067	0.097049	0.162378	580	4	-0.20391	0.78999	0.76044	1.0	526	0	0
FAM115C__143317820	8	0.40108	0.097059	0.162378	581	2	-0.24571	0.56493	0.35329	1.0	328	0	0
SUPT3H__P1P2	8	0.40464	0.097791	0.163321	582	4	-0.22141	0.60432	0.41246	1.0	367	0	0
GPX3__P1P2	8	0.41413	0.099453	0.165812	583	4	-0.24363	0.42235	0.12954	0.564613	220	0	0
CSNK2A1__P1P2	8	0.42082	0.10037	0.16702	584	1	0.046489	0.21142	0.0084926	0.080929	96	0	0
PRKCI__P1P2	8	0.42131	0.10052	0.16702	585	4	-0.10352	0.90096	0.93543	1.0	651	0	0
JPH3__P1P2	8	0.42388	0.10453	0.17338	586	1	-0.19498	0.66635	0.50325	1.0	428	0	0
FAM192A__P1P2	8	0.42975	0.10832	0.179359	587	4	-0.073187	0.66445	0.49586	1.0	426	0	0
PDLIM7__P1	8	0.44667	0.11584	0.190865	588	4	-0.072244	0.51824	0.26322	0.870241	294	0	0
ZNF236__P1P2	8	0.4474	0.11585	0.190865	589	3	-0.25774	0.27417	0.033026	0.237856	129	0	0
ARHGAP11B__30918117	8	0.45083	0.1202	0.197685	590	1	-0.034706	0.26287	0.016852	0.131038	124	0	0
FCGR1A__149755456	8	0.45297	0.1206	0.198017	591	4	-0.05109	0.88498	0.91225	1.0	627	0	0
FAM115A__143579171	8	0.45424	0.1211	0.198467	592	4	-0.33211	0.97623	0.99697	1.0	774	0	0
MTF1__P1P2	8	0.45491	0.12129	0.198467	593	4	-0.256	0.86805	0.88867	1.0	611	0	0
TPR__P1P2	8	0.4552	0.12157	0.198602	594	3	-0.27676	0.33424	0.050169	0.297344	164	0	0
FBXO28__P1P2	8	0.4557	0.1218	0.19864	595	2	0.03112	0.096762	0.0041301	0.055124	33	0	0
CORIN__P1P2	8	0.45692	0.12233	0.199177	596	4	-0.065959	0.73634	0.67346	1.0	469	0	0
ISCA1__P1P2	8	0.4634	0.1242	0.201883	597	3	-0.27011	0.64592	0.45598	1.0	408	0	0
CHCHD3__P1P2	8	0.46436	0.1249	0.202011	598	4	-0.0064132	0.44838	0.14877	0.587809	238	0	0
AJUBA__P1P2	8	0.46484	0.12491	0.202011	599	2	-0.067655	0.2398	0.012835	0.102341	115	0	0
TMTC2__P1P2	8	0.46486	0.12491	0.202011	600	4	-0.28517	0.86847	0.88929	1.0	612	0	0
CXorf56__P1P2	11	0.47255	0.11163	0.184532	601	2	0.11117	0.14742	0.0057227	0.075169	54	0	0
ZBTB2__P1P2	8	0.47285	0.12777	0.205965	602	4	-0.13122	0.88284	0.90968	1.0	625	0	0
PLEKHG2__P1P2	8	0.47309	0.12777	0.205965	603	4	-0.2119	0.91254	0.94925	1.0	668	0	0
ZNF532__P2	8	0.47807	0.12937	0.208187	604	1	0.070764	0.19313	0.0084827	0.080929	83	0	0
FAF1__P1P2	8	0.48197	0.1332	0.213768	605	4	-0.21762	0.91293	0.94982	1.0	669	0	0
GTF2I__74071821	8	0.48275	0.13327	0.213768	606	3	0.091759	0.25843	0.012845	0.102341	121	0	0
KIFAP3__P1P2	8	0.48642	0.13511	0.21599	607	1	0.041104	0.17517	0.00414	0.055124	68	0	0
USP15__P1P2	8	0.48642	0.13511	0.21599	608	4	-0.040643	0.68634	0.54814	1.0	438	0	0
KPNA2__P1P2	8	0.49079	0.13636	0.217641	609	4	-0.11073	0.45908	0.16406	0.630302	251	0	0
HIVEP1__P1P2	8	0.49647	0.14204	0.226332	610	2	-0.22321	0.66698	0.50326	1.0	429	0	0
MED19__P1P2	8	0.49957	0.14274	0.227079	611	3	-0.12402	0.55649	0.33564	1.0	324	0	0
HIF1AN__P1P2	8	0.50215	0.14406	0.228797	612	3	-0.1689	0.73737	0.67347	1.0	471	0	0
TPI1__P1P2	8	0.50894	0.14825	0.235075	613	4	0.012636	0.47007	0.17127	0.640292	258	0	0
CD8B__87088218	8	0.51218	0.15269	0.241518	614	3	-0.088844	0.89211	0.92223	1.0	641	0	0
SPEN__P1P2	8	0.51401	0.15281	0.241518	615	4	-0.17063	0.41309	0.12201	0.551632	210	0	0
MBD6__P1P2	8	0.51835	0.15357	0.241935	616	4	-0.033616	0.7645	0.71898	1.0	501	0	0
CNOT11__P1P2	8	0.51911	0.15357	0.241935	617	1	0.018763	0.15473	0.00414	0.055124	58	0	0
GFRA4__ENST00000290417.2_ENST00000319242.3	8	0.52558	0.15823	0.248594	618	4	-0.069189	0.51518	0.26321	0.870241	291	0	0
LRRC40__P1P2	8	0.52583	0.15831	0.248594	619	4	-0.090193	0.85196	0.86834	1.0	591	0	0
SLC30A3__P1P2	8	0.53352	0.165	0.258677	620	4	0.0076442	0.21877	0.0084926	0.080929	101	0	0
G0S2__P1P2	8	0.53455	0.16552	0.25868	621	1	-0.18511	0.65998	0.48832	1.0	420	0	0
PCNXL3__P1P2	8	0.53496	0.16553	0.25868	622	4	-0.092602	0.77049	0.72599	1.0	508	0	0
PTPN20B__48826780	8	0.53664	0.16641	0.259639	623	4	-0.08759	0.96361	0.99133	1.0	743	0	0
ATP6V0E1__P1P2	8	0.5412	0.16786	0.261054	624	4	-0.11893	0.84074	0.85551	1.0	574	0	0
IFT88__P1P2	8	0.54127	0.16786	0.261054	625	1	-0.009809	0.32727	0.046004	0.277741	158	0	0
HYDIN__71263838	8	0.55029	0.1733	0.269085	626	4	-0.12687	0.84288	0.85855	1.0	577	0	0
GNPNAT1__P1P2	8	0.55298	0.17541	0.271922	627	3	-0.1465	0.76589	0.72184	1.0	503	0	0
ACTA2__P2	8	0.55405	0.17722	0.274291	628	2	-0.17465	0.64425	0.45597	1.0	407	0	0
NOTCH2__120611488	8	0.55696	0.18212	0.281437	629	4	-0.080308	0.74991	0.68879	1.0	492	0	0
CTNNB1__P1P2	8	0.56267	0.18616	0.2869	630	4	-0.088195	0.73788	0.67347	1.0	472	0	0
PIH1D1__P1P2	8	0.5628	0.18625	0.2869	631	3	-0.15667	0.78893	0.75823	1.0	524	0	0
USP3__P1P2	8	0.56573	0.19099	0.292822	632	1	-0.097125	0.74471	0.67808	1.0	483	0	0
SLC25A46__P1P2	8	0.56623	0.191	0.292822	633	4	-0.059369	0.4818	0.18254	0.659583	267	0	0
HEXIM1__P1P2	8	0.5686	0.19156	0.293224	634	4	-0.19537	0.83707	0.85018	1.0	569	0	0
USP44__P1	8	0.56963	0.19228	0.293405	635	4	-0.16174	0.57985	0.37282	1.0	341	0	0
IL18R1__P1	8	0.57002	0.19228	0.293405	636	4	-0.054466	0.85442	0.87411	1.0	593	0	0
AKAP10__P1P2	8	0.57166	0.19292	0.29345	637	2	-0.13339	0.52474	0.28297	0.922964	298	0	0
C14orf119__P1P2	8	0.57167	0.19292	0.29345	638	4	-0.097172	0.73966	0.6751	1.0	473	0	0
PTPRF__P1P2	8	0.5738	0.19716	0.299437	639	4	-0.12747	0.33366	0.050169	0.297344	163	0	0
SPINT1__P1P2	8	0.5744	0.19765	0.299719	640	1	-0.057627	0.56253	0.35328	1.0	327	0	0
KIAA0247__P1P2	8	0.57601	0.19947	0.302008	641	3	-0.12253	0.85102	0.86686	1.0	590	0	0
CLK3__P2	8	0.57852	0.20062	0.303273	642	4	0.16472	0.10128	0.0041301	0.055124	34	0	0
AGO1__36348590	8	0.58299	0.20393	0.307789	643	4	-0.065419	0.79847	0.77491	1.0	536	0	0
SSR1__P1P2	8	0.5837	0.2052	0.308771	644	3	-0.19785	0.5354	0.29839	0.944735	307	0	0
STT3B__P1P2	8	0.58408	0.20521	0.308771	645	3	-0.13221	0.64258	0.45335	1.0	406	0	0
G3BP2__P1P2	8	0.58561	0.20895	0.313912	646	3	-0.26801	0.98402	0.9988	1.0	795	0	0
GTDC1__P1P2	8	0.58599	0.20959	0.314392	647	3	-0.14829	0.59618	0.40154	1.0	358	0	0
HCN2__P1P2	8	0.58768	0.21042	0.315137	648	4	-0.059113	0.38346	0.098889	0.495465	190	0	0
PORCN__P2	8	0.59019	0.21169	0.316074	649	3	-0.10013	0.39579	0.11435	0.541704	198	0	0
RSPRY1__P1P2	8	0.59025	0.21169	0.316074	650	4	-0.1191	0.95469	0.98573	1.0	726	0	0
CHRNA7__32322509	8	0.59583	0.21637	0.322565	651	3	-0.13626	0.71229	0.62519	1.0	452	0	0
PPFIBP1__P1P2	8	0.60492	0.22768	0.338902	652	4	-0.16693	0.95907	0.98853	1.0	734	0	0
LRRC28__P1P2	8	0.60561	0.22819	0.339148	653	4	-0.081641	0.58599	0.38193	1.0	349	0	0
BCR__P1P2	8	0.60816	0.23387	0.347057	654	4	0.030004	0.32141	0.045995	0.277741	153	0	0
FCGR1B__120935150	8	0.60908	0.23424	0.34707	655	4	-0.11515	0.93284	0.96851	1.0	696	0	0
C21orf58__P1	8	0.60942	0.23511	0.347316	656	3	-0.13425	0.75089	0.69332	1.0	493	0	0
PAXIP1__P1P2	8	0.60954	0.23512	0.347316	657	4	-0.09915	0.8136	0.80607	1.0	551	0	0
CCDC101__P1P2	8	0.61001	0.23604	0.348146	658	4	-0.023465	0.82595	0.83042	1.0	558	0	0
CDK4__P1P2	8	0.61162	0.23708	0.348838	659	4	-0.13514	0.90576	0.94104	1.0	659	0	0
POC1B__P1P2	8	0.61208	0.23722	0.348838	660	4	-0.061089	0.71725	0.63278	1.0	458	0	0
SIN3B__P1P2	8	0.61321	0.2383	0.349894	661	3	0.019991	0.4058	0.11815	0.541704	204	0	0
TAF3__P1P2	8	0.6153	0.24001	0.351875	662	4	-0.11484	0.52603	0.286	0.92975	299	0	0
HNRNPUL1__P1P2	11	0.6169	0.18774	0.288743	663	4	-0.15763	0.6558	0.39724	1.0	416	0	0
ARHGAP21__P1P2	8	0.62118	0.24729	0.362003	664	2	0.22475	0.13165	0.00414	0.055124	44	0	0
SCYL1__P1P2	8	0.62264	0.24837	0.363035	665	4	-0.14364	0.45375	0.15273	0.593827	246	0	0
HDAC8__P1P2	8	0.62475	0.24885	0.363183	666	1	0.12414	0.2372	0.012835	0.102341	112	0	0
ZC3H14__P1P2	8	0.62515	0.25014	0.364527	667	4	-0.052997	0.74043	0.67511	1.0	474	0	0
GPR137__P2	8	0.62893	0.25589	0.372344	668	1	-0.10579	0.47432	0.17514	0.652244	259	0	0
TMX2__P1P2	8	0.6367	0.26404	0.383631	669	2	-0.072805	0.53455	0.29553	0.938741	306	0	0
LSM12__P1P2	8	0.64123	0.26493	0.383935	670	2	-0.030557	0.27604	0.033026	0.237856	130	0	0
KIRREL__P1P2	8	0.64191	0.26504	0.383935	671	1	0.65596	0.06999	4.9462e-06	0.000185	24	1	0
LYPLA2__P1P2	8	0.64897	0.26752	0.38678	672	3	-0.061114	0.89456	0.92634	1.0	643	0	0
RTKN2__P1P2	8	0.65056	0.2678	0.38678	673	3	-0.0047293	0.32785	0.046004	0.277741	159	0	0
GDF7__P1P2	8	0.65837	0.27156	0.391627	674	2	-0.15563	0.90956	0.94599	1.0	666	0	0
SMCHD1__P1P2	8	0.65867	0.27197	0.391631	675	3	-0.05005	0.80009	0.77492	1.0	540	0	0
MRE11A__P1P2	8	0.65979	0.27294	0.392446	676	3	-0.11928	0.71834	0.63278	1.0	461	0	0
ANAPC7__P1P2	8	0.66492	0.27527	0.394068	677	3	-0.071179	0.74521	0.67951	1.0	484	0	0
SCAF11__P1P2	8	0.66509	0.27528	0.394068	678	2	-0.056056	0.79479	0.7726	1.0	531	0	0
TRIM52__P1P2	8	0.6678	0.27919	0.399074	679	3	-0.08228	0.7925	0.76661	1.0	528	0	0
FAM3B__P1P2	8	0.66913	0.27963	0.399123	680	3	-0.10579	0.7723	0.72876	1.0	511	0	0
LNP1__P1P2	8	0.67525	0.28172	0.401513	681	2	-0.026007	0.6223	0.43094	1.0	383	0	0
LNPEP__P1P2	8	0.67694	0.28263	0.40222	682	1	-0.051047	0.66062	0.48832	1.0	421	0	0
MAP3K7__P1P2	8	0.68	0.28429	0.403994	683	2	0.086919	0.24304	0.012845	0.102341	118	0	0
CACHD1__P1P2	8	0.68377	0.28631	0.406268	684	2	-0.096026	0.69433	0.57639	1.0	441	0	0
AP1G1__P1P2	8	0.68678	0.28838	0.408605	685	3	-0.18553	0.90545	0.94103	1.0	658	0	0
SLX1A__30205037	8	0.69426	0.29418	0.414416	686	3	-0.07167	0.95769	0.98791	1.0	731	0	0
DET1__P1P2	8	0.69463	0.29418	0.414416	687	1	-0.0082101	0.37146	0.087404	0.459278	180	0	0
HIST1H2AB__P1P2	8	0.69651	0.29568	0.415918	688	3	-0.11636	0.89141	0.92176	1.0	638	0	0
PKNOX1__P1P2	9	0.69988	0.29112	0.411887	689	4	-0.12995	0.7691	0.69651	1.0	507	0	0
TTBK2__P1P2	8	0.70107	0.29842	0.419165	690	3	-0.16527	0.86131	0.88223	1.0	601	0	0
FBXO8__P1	8	0.7031	0.30055	0.421544	691	3	-0.083139	0.58523	0.38192	1.0	347	0	0
ZMYM4__P1P2	11	0.7037	0.27423	0.393727	692	2	0.085056	0.33238	0.01788	0.137935	161	0	0
TNRC6A__P1P2	8	0.70471	0.30115	0.421781	693	2	-0.037706	0.28038	0.033036	0.237856	134	0	0
PRCP__P1	8	0.70978	0.30815	0.43097	694	2	-0.042307	0.33655	0.054334	0.314417	166	0	0
SFPQ__P1P2	8	0.71264	0.30965	0.432437	695	3	-0.12215	0.479	0.18253	0.659583	263	0	0
HEXIM2__P2	11	0.71644	0.29253	0.413287	696	5	-0.11298	0.96012	0.97898	1.0	736	0	0
SGK3__ENST00000396596.1_ENST00000522398.1	8	0.71918	0.31363	0.436749	697	3	-0.047292	0.45034	0.14877	0.587809	242	0	0
ZNF710__P1P2	8	0.71926	0.31363	0.436749	698	3	-0.026387	0.37694	0.087414	0.459278	183	0	0
DCAF4__P1P2	8	0.72121	0.31621	0.439715	699	3	-0.11204	0.87179	0.89437	1.0	615	0	0
PINK1__P1P2	8	0.72383	0.31765	0.440449	700	3	0.034075	0.44691	0.14877	0.587809	236	0	0
DOCK2__P1P2	8	0.72403	0.31765	0.440449	701	3	-0.075982	0.78659	0.75539	1.0	520	0	0
TRIM28__P1P2	8	0.72803	0.32116	0.444684	702	3	-0.076127	0.86579	0.8867	1.0	608	0	0
GPATCH8__P1P2	8	0.73083	0.3258	0.450466	703	2	0.092204	0.24239	0.012845	0.102341	117	0	0
DPP9__P1	8	0.73453	0.32909	0.454375	704	3	-0.03605	0.17935	0.00414	0.055124	72	0	0
SERPINB9__P1P2	8	0.73557	0.33019	0.455244	705	3	-0.15037	0.68152	0.53696	1.0	435	0	0
POC1A__P1P2	8	0.73986	0.33427	0.460211	706	3	-0.10875	0.79746	0.77491	1.0	534	0	0
NR2E3__P1P2	8	0.74017	0.33483	0.460335	707	2	-0.087673	0.7167	0.63277	1.0	457	0	0
RSPH3__P1P2	8	0.7432	0.33877	0.464511	708	1	-0.078455	0.59168	0.3905	1.0	354	0	0
RAD21__P1P2	8	0.74413	0.33929	0.464511	709	3	-0.068156	0.75138	0.69468	1.0	494	0	0
TMEM229B__P1	8	0.74508	0.3393	0.464511	710	3	-0.094597	0.62405	0.43095	1.0	386	0	0
INPP4A__P1P2	8	0.74834	0.34207	0.467644	711	3	0.030862	0.63273	0.44079	1.0	394	0	0
GPR89A__ENST00000313835.9	8	0.75201	0.34535	0.47081	712	2	-0.016872	0.60286	0.41246	1.0	365	0	0
KCTD3__P1P2	8	0.7526	0.34536	0.47081	713	2	0.085098	0.28655	0.037368	0.247155	137	0	0
TM9SF3__P1P2	8	0.7579	0.34961	0.475941	714	2	-0.12594	0.94168	0.97565	1.0	713	0	0
BEND2__P1P2	8	0.7604	0.35467	0.481474	715	3	-0.11435	0.76705	0.72321	1.0	504	0	0
ROR1__P1P2	8	0.76188	0.35527	0.481621	716	3	0.016372	0.44887	0.14877	0.587809	240	0	0
YPEL3__P1P2	8	0.76356	0.35708	0.483401	717	3	-0.054002	0.66318	0.49585	1.0	424	0	0
SRSF6__P1	8	0.7645	0.3584	0.484507	718	3	-0.090444	0.69725	0.58072	1.0	443	0	0
DMRT3__P1P2	8	0.76502	0.3591	0.484705	719	3	0.00020163	0.49329	0.20752	0.733479	274	0	0
NUDT15__P1P2	8	0.76543	0.3598	0.484705	720	2	-0.029744	0.77878	0.74348	1.0	514	0	0
TTC23L__P1P2	8	0.76575	0.36004	0.484705	721	3	-0.010226	0.581	0.37283	1.0	342	0	0
CAPZA1__P1P2	8	0.76705	0.3614	0.48587	722	1	0.032498	0.29753	0.037378	0.247155	143	0	0
PTPN20B__48806138	8	0.76849	0.36426	0.489037	723	3	-0.058111	0.66158	0.49348	1.0	422	0	0
CDK10__P1P2	8	0.77012	0.368	0.493375	724	3	0.0067982	0.74769	0.68429	1.0	488	0	0
THAP2__P1	8	0.77211	0.3715	0.497384	725	3	-0.088482	0.89081	0.92133	1.0	636	0	0
EMD__P1P2	8	0.77481	0.3731	0.498422	726	3	-0.075149	0.91361	0.95111	1.0	670	0	0
ATXN2L__P1P2	8	0.77499	0.3733	0.498422	727	3	0.058496	0.38292	0.098879	0.495465	189	0	0
KIDINS220__P1P2	8	0.77766	0.37585	0.501128	728	3	-0.022343	0.6272	0.43583	1.0	389	0	0
KLF5__P1P2	8	0.78835	0.38961	0.518763	729	3	0.15692	0.0457	4.9462e-06	0.000185	19	1	0
FAM107A__P1P2	8	0.78978	0.39052	0.519053	730	1	0.0065583	0.13384	0.00414	0.055124	46	0	0
AMOTL1__P1P2	8	0.79041	0.39089	0.519053	731	1	0.18747	0.18902	0.0084827	0.080929	79	0	0
GATA3__P1P2	8	0.79263	0.39353	0.520689	732	3	-0.05115	0.8458	0.86165	1.0	581	0	0
ATM__P1P2	8	0.7928	0.39353	0.520689	733	3	-0.073826	0.56851	0.35583	1.0	331	0	0
HRAS__P1	8	0.79313	0.39373	0.520689	734	2	0.10655	0.20266	0.0084926	0.080929	90	0	0
DENND5A__P1P2	11	0.79507	0.35358	0.480668	735	4	-0.029985	0.44859	0.084812	0.455456	239	0	0
ZNF644__P1P2	8	0.79635	0.39889	0.526789	736	3	0.072012	0.2779	0.033036	0.237856	132	0	0
FAM179B__P1P2	8	0.79725	0.40047	0.528161	737	2	0.00056474	0.52258	0.27321	0.89415	297	0	0
AP3B1__P1P2	8	0.79972	0.4024	0.529986	738	3	-0.083794	0.88234	0.90922	1.0	624	0	0
CCDC77__P2	8	0.80153	0.40709	0.535436	739	3	-0.13421	0.75526	0.7023	1.0	495	0	0
TXNDC16__P1P2	8	0.80254	0.40989	0.53839	740	3	0.024282	0.34287	0.05834	0.331618	170	0	0
MPHOSPH8__P1	8	0.80419	0.41355	0.542465	741	3	-0.04459	0.4474	0.14877	0.587809	237	0	0
LHFP__P1P2	8	0.80518	0.41614	0.545129	742	3	0.033096	0.26917	0.021194	0.160945	127	0	0
BPTF__P1P2	8	0.8088	0.42702	0.558631	743	2	-0.044358	0.58178	0.37283	1.0	344	0	0
SYT14__P1P2	8	0.81006	0.43069	0.562674	744	3	-0.13964	0.62194	0.43094	1.0	382	0	0
ZNF740__P1P2	8	0.81162	0.43241	0.563409	745	3	-0.070926	0.38129	0.095219	0.48457	187	0	0
UBE2E2__P1P2	8	0.81169	0.43241	0.563409	746	1	0.062893	0.33885	0.054344	0.314417	168	0	0
GTF2H2C__68855815	8	0.81215	0.43301	0.56344	747	3	0.017299	0.39949	0.11814	0.541704	201	0	0
FAM60A__P1P2	8	0.81818	0.44272	0.573239	748	3	0.037119	0.7467	0.68428	1.0	486	0	0
RBM7__P1P2	8	0.81904	0.44273	0.573239	749	1	0.070341	0.41102	0.11815	0.541704	209	0	0
MED25__P1P2	8	0.81941	0.44306	0.573239	750	2	-0.025401	0.49511	0.21456	0.750225	275	0	0
TRIP6__P1P2	8	0.81996	0.44402	0.573239	751	1	0.13537	0.32844	0.046004	0.277741	160	0	0
CST1__P1P2	8	0.82177	0.44698	0.576215	752	3	-0.028667	0.61769	0.42279	1.0	379	0	0
CNR1__P1P2	8	0.82338	0.45495	0.585704	753	2	0.072097	0.4365	0.14474	0.587809	229	0	0
ZIC2__P1P2	8	0.82806	0.46362	0.596084	754	3	0.11008	0.289	0.037368	0.247155	139	0	0
FAM203A__ENST00000347708.4	8	0.82944	0.46662	0.599145	755	3	-0.055242	0.63684	0.44612	1.0	399	0	0
DHRSX__P1P2	8	0.83002	0.46864	0.600943	756	1	0.2003	0.18073	0.00414	0.055124	74	0	0
KMT2D__P1P2	8	0.83568	0.4806	0.615467	757	3	-0.084553	0.90258	0.93701	1.0	653	0	0
EPC1__P1P2	8	0.83791	0.48693	0.621936	758	1	0.19568	0.26413	0.016852	0.131038	125	0	0
MESDC2__P1P2	8	0.83803	0.48693	0.621936	759	3	-0.012761	0.58828	0.38473	1.0	351	0	0
PLA2G7__P1P2	8	0.84157	0.49365	0.6297	760	2	-0.094475	0.35926	0.066709	0.364277	177	0	0
GPRIN2__46993345	8	0.84294	0.49798	0.632724	761	3	0.067667	0.49557	0.21457	0.750225	276	0	0
NEUROD1__P1P2	8	0.84308	0.49798	0.632724	762	3	-0.044176	0.64791	0.4583	1.0	409	0	0
ZEB2__P1	8	0.84483	0.50507	0.640898	763	2	-0.073877	0.8153	0.81067	1.0	552	0	0
NCF1__74188108	8	0.84578	0.50647	0.641843	764	3	-0.013657	0.49963	0.22873	0.788376	281	0	0
PCSK1N__P1P2	11	0.84605	0.43757	0.568612	765	4	-0.040807	0.74283	0.5503	1.0	477	0	0
HIBADH__P1P2	8	0.84635	0.50754	0.641961	766	3	-0.060845	0.92611	0.9628	1.0	688	0	0
PIGL__P1P2	8	0.84649	0.50789	0.641961	767	3	-0.033381	0.53243	0.29553	0.938741	303	0	0
NDUFC1__P2	8	0.84686	0.50969	0.6434	768	2	-0.043037	0.59017	0.38474	1.0	353	0	0
TRAPPC6B__P1P2	8	0.84789	0.51103	0.643415	769	3	-0.073661	0.92089	0.95908	1.0	681	0	0
DEDD__P1P2	8	0.84803	0.51103	0.643415	770	1	0.15401	0.30717	0.041652	0.266416	147	0	0
SOX2__P1P2	11	0.84931	0.44408	0.573239	771	4	-0.063469	0.8306	0.76524	1.0	561	0	0
BBC3__P1P2	8	0.84993	0.51542	0.647691	772	1	0.95964	1.3446e-07	4.9462e-06	0.000185	11	4	0
PTPN14__P1P2	8	0.8501	0.51575	0.647691	773	2	0.099863	0.27167	0.029187	0.219924	128	0	0
KRTCAP3__P1P2	8	0.85123	0.51765	0.647962	774	3	-0.032358	0.90865	0.94491	1.0	665	0	0
CAP1__P1P2	8	0.85149	0.51796	0.647962	775	2	0.047948	0.322	0.045995	0.277741	154	0	0
SLX1B__29465621	8	0.85164	0.51797	0.647962	776	3	-0.057323	0.86291	0.88414	1.0	603	0	0
CALU__P1P2	8	0.85425	0.52757	0.65744	777	3	-0.0066571	0.71807	0.63278	1.0	460	0	0
ZNRF3__P1P2	8	0.85438	0.52757	0.65744	778	3	-0.060704	0.85009	0.86532	1.0	588	0	0
ZNF655__P1P2	8	0.85452	0.52757	0.65744	779	3	0.0037995	0.60907	0.41247	1.0	371	0	0
HIST2H2BE__149857437	8	0.86507	0.53602	0.667112	780	2	-0.04932	0.54543	0.3206	0.98614	316	0	0
DCUN1D3__P1P2	8	0.86744	0.53855	0.669394	781	2	0.1815	0.31076	0.041652	0.266416	148	0	0
MIR205HG__P2	8	0.86947	0.54194	0.672751	782	2	0.030333	0.50768	0.24594	0.835849	286	0	0
CCNK__P2	11	0.87112	0.4962	0.632114	783	4	-0.02907	0.79426	0.66436	1.0	529	0	0
SERF1B__69320873	8	0.87795	0.55118	0.683348	784	2	0.051261	0.45472	0.15273	0.593827	247	0	0
C11orf73__P1P2	8	0.88347	0.55855	0.691603	785	2	-0.01965	0.74892	0.68726	1.0	490	0	0
PHYH__P1P2	8	0.88713	0.56312	0.69549	786	2	0.021285	0.52945	0.29552	0.938741	300	0	0
PPP1R16B__P1P2	8	0.88986	0.56748	0.699989	787	2	0.033777	0.54211	0.31456	0.979983	312	0	0
PAN2__P1P2	8	0.89093	0.56985	0.702014	788	1	0.24382	0.1945	0.0084827	0.080929	84	0	0
DNASE1L1__P1	8	0.89503	0.57605	0.707861	789	2	-0.013068	0.81867	0.81437	1.0	556	0	0
ZC3H7B__P1P2	8	0.89514	0.57605	0.707861	790	2	0.15773	0.21943	0.0084926	0.080929	102	0	0
PTPN20A__46639859	8	0.89588	0.57754	0.708801	791	2	-0.017128	0.53116	0.29552	0.938741	302	0	0
PPM1F__P1P2	8	0.89819	0.58182	0.713157	792	1	-0.025332	0.72932	0.65635	1.0	467	0	0
PCGF1__P1P2	8	0.9023	0.58732	0.718753	793	2	0.042317	0.5693	0.35584	1.0	333	0	0
SLC11A2__P1	8	0.90361	0.58787	0.718753	794	2	0.0042624	0.52215	0.27321	0.89415	296	0	0
ATP1A1__P1P2	8	0.90608	0.59409	0.725448	795	2	-0.049215	0.90524	0.94103	1.0	657	0	0
KLHL5__P1P2	11	0.90614	0.56147	0.694332	796	3	-0.071351	0.50642	0.15957	0.617932	285	0	0
CSPP1__P1P2	8	0.90691	0.59633	0.727265	797	1	0.089392	0.48918	0.19724	0.70484	270	0	0
ATF7IP__P1	8	0.90845	0.59799	0.728377	798	2	0.45645	0.13602	0.00414	0.055124	48	0	0
NAIP__70315936	8	0.91215	0.60682	0.738212	799	1	-0.010526	0.53286	0.29553	0.938741	304	0	0
GGCT__P1P2	8	0.91322	0.60862	0.739477	800	2	0.0015087	0.81322	0.80607	1.0	550	0	0
EVI5__P1P2	8	0.91467	0.61319	0.743772	801	1	0.10532	0.38075	0.095219	0.48457	186	0	0
VGLL3__P1P2	8	0.91496	0.61369	0.743772	802	2	-0.066097	0.74295	0.67658	1.0	478	0	0
OCIAD1__P1P2	8	0.91657	0.61805	0.748126	803	1	0.0722	0.55851	0.34411	1.0	326	0	0
ROCK1__18690984	8	0.91676	0.6191	0.748463	804	2	-0.0097952	0.8817	0.90819	1.0	622	0	0
FUT7__P1P2	8	0.91751	0.62098	0.749803	805	1	0.022968	0.61016	0.41247	1.0	372	0	0
GTF2IRD2B__74508172	8	0.91949	0.62668	0.754808	806	2	0.052616	0.71588	0.63277	1.0	455	0	0
KDM4A__P1P2	8	0.91953	0.62668	0.754808	807	2	-0.1404	0.88195	0.90873	1.0	623	0	0
BAD__P1P2	8	0.92416	0.63941	0.769189	808	2	0.05497	0.42133	0.12954	0.564613	218	0	0
ZNF286B__18584835	8	0.92499	0.64284	0.771421	809	2	0.024008	0.64924	0.46083	1.0	410	0	0
EIF4B__P1P2	8	0.92548	0.64285	0.771421	810	2	0.15071	0.23655	0.012835	0.102341	111	0	0
RALGAPA1__P1P2	8	0.92638	0.64553	0.773683	811	2	0.039954	0.45327	0.15272	0.593827	245	0	0
ARHGAP12__P1P2	8	0.92735	0.6474	0.774968	812	2	0.036167	0.35702	0.066699	0.364277	176	0	0
DUSP22__292259	8	0.9326	0.66545	0.795366	813	1	-0.022708	0.80429	0.78048	1.0	543	0	0
UHMK1__P1P2	8	0.93303	0.66608	0.795366	814	2	-0.0019236	0.81941	0.81546	1.0	557	0	0
LOC643037__P1P2	8	0.93453	0.66889	0.797741	815	1	0.099334	0.24433	0.012845	0.102341	119	0	0
TMEM194A__P1P2	8	0.9357	0.67123	0.799556	816	2	0.038014	0.56811	0.35583	1.0	330	0	0
NKRF__P1P2	8	0.93845	0.6823	0.811747	817	1	0.053716	0.49602	0.21457	0.750225	277	0	0
FAM72A__ENST00000367128.3	8	0.93941	0.68405	0.811843	818	2	0.063174	0.35478	0.066699	0.364277	174	0	0
FAM98A__P1P2	8	0.93945	0.68405	0.811843	819	1	0.32198	0.18281	0.0084827	0.080929	76	0	0
ATG16L1__P1P2	8	0.94017	0.68704	0.814394	820	2	0.10037	0.067663	4.9462e-06	0.000185	22	1	0
IFT172__P1P2	8	0.9414	0.6908	0.817852	821	2	0.10017	0.44247	0.14876	0.587809	232	0	0
PDZK1__145727481	8	0.94297	0.69651	0.823607	822	1	-0.030485	0.81189	0.80391	1.0	548	0	0
NPY4R__P1P2	8	0.94517	0.70521	0.832887	823	2	0.0053795	0.58561	0.38192	1.0	348	0	0
EYA3__P1P2	8	0.94542	0.70663	0.833545	824	1	0.26237	0.18695	0.0084827	0.080929	78	0	0
PATL1__P1P2	8	0.94632	0.71344	0.840565	825	2	0.013572	0.50098	0.23209	0.791582	283	0	0
PTBP3__P1P2	8	0.94708	0.7159	0.842435	826	1	0.057037	0.5689	0.35583	1.0	332	0	0
INTS6__P1P2	8	0.94763	0.71887	0.844916	827	2	0.098753	0.33597	0.054334	0.314417	165	0	0
RNF126__P1P2	8	0.95137	0.73364	0.860194	828	2	0.15786	0.27666	0.033026	0.237856	131	0	0
WDR37__P1P2	8	0.95375	0.7472	0.875029	829	1	0.17011	0.16465	0.00414	0.055124	63	0	0
MLLT4__P1P2	8	0.95423	0.74834	0.875318	830	2	0.078391	0.60798	0.41247	1.0	369	0	0
SPRR2G__P1P2	8	0.95495	0.75071	0.876737	831	2	-0.025852	0.70922	0.61974	1.0	449	0	0
ZNF460__P1P2	8	0.95524	0.75136	0.876737	832	1	0.20468	0.21075	0.0084926	0.080929	95	0	0
OCLN__68788394	8	0.957	0.76011	0.885889	833	2	0.064364	0.60138	0.40995	1.0	363	0	0
TCF3__P1P2	8	0.95758	0.76299	0.888179	834	1	0.098635	0.40423	0.11814	0.541704	202	0	0
CFC1B__131278628	8	0.95967	0.77039	0.895235	835	1	0.13161	0.42184	0.12954	0.564613	219	0	0
CORO1B__67206891	8	0.95989	0.77182	0.895235	836	2	-0.069681	0.96896	0.99412	1.0	759	0	0
SRGAP2__206636520	8	0.95994	0.77182	0.895235	837	2	0.0015166	0.50946	0.24939	0.841697	288	0	0
C6orf62__P1	11	0.96	0.72449	0.850491	838	2	0.026528	0.65494	0.39723	1.0	414	0	0
MARCKS__P1P2	8	0.96128	0.78192	0.905869	839	2	0.26234	0.18212	0.0084827	0.080929	75	0	0
CCR6__ENST00000400926.2	8	0.96171	0.78412	0.906699	840	2	0.088993	0.28347	0.037368	0.247155	135	0	0
IFT52__P1P2	8	0.9618	0.7845	0.906699	841	1	0.092951	0.41877	0.12575	0.56067	215	0	0
NOTCH2NL__145208892	8	0.9621	0.78603	0.907392	842	2	0.042999	0.2951	0.037378	0.247155	142	0	0
TADA2B__P1P2	8	0.963	0.79003	0.909856	843	2	0.7196	5.326e-05	4.9462e-06	0.000185	15	3	0
TMEM81__ENST00000367167.3	8	0.96309	0.79004	0.909856	844	2	0.09139	0.2161	0.0084926	0.080929	99	0	0
ADAMTS16__P2	8	0.96334	0.79114	0.910042	845	1	0.060156	0.67169	0.52146	1.0	430	0	0
SPECC1L__P1P2	8	0.96389	0.79317	0.910814	846	1	0.032061	0.69985	0.58459	1.0	445	0	0
PTPN20A__46640202	8	0.96398	0.79391	0.910814	847	2	-0.015631	0.86072	0.88148	1.0	600	0	0
TMEM198__P1P2	8	0.96407	0.79462	0.910814	848	2	0.10231	0.52988	0.29552	0.938741	301	0	0
UBE2E3__P1P2	8	0.96939	0.80727	0.924226	849	1	0.056613	0.60212	0.40996	1.0	364	0	0
NSG1__NM_001040101_NM_014392	8	0.9704	0.80994	0.924403	850	1	0.069098	0.48133	0.18254	0.659583	266	0	0
TCTN2__P1P2	8	0.97051	0.81027	0.924403	851	1	0.08127	0.64056	0.45099	1.0	404	0	0
SND1__P1P2	8	0.97103	0.81028	0.924403	852	1	0.3366	0.085372	0.0041301	0.055124	31	0	0
CAPG__P1	8	0.97129	0.81145	0.924649	853	1	0.015906	0.44543	0.14877	0.587809	234	0	0
PICALM__P1P2	8	0.97415	0.81913	0.932315	854	1	0.18843	0.13747	0.00414	0.055124	49	0	0
FBXO42__P1P2	8	0.97508	0.82212	0.934621	855	1	0.9404	4.5697e-09	4.9462e-06	0.000185	9	5	0
ZNF286A__15602675	8	0.97842	0.83156	0.944245	856	1	0.11885	0.31729	0.041662	0.266416	150	0	0
PTPN20A__46619211	8	0.97974	0.83674	0.949023	857	1	0.078091	0.39312	0.11055	0.541704	194	0	0
SERF1A__70196291	8	0.9808	0.84147	0.953273	858	1	0.03152	0.48642	0.19723	0.70484	268	0	0
COG5__P1P2	8	0.98152	0.84433	0.954441	859	1	0.19012	0.35083	0.062594	0.351684	172	0	0
KATNA1__P1P2	8	0.98187	0.84508	0.954441	860	1	-0.01477	0.65773	0.4858	1.0	418	0	0
RNF146__P1P2	8	0.98194	0.84545	0.954441	861	1	0.37812	0.19927	0.0084827	0.080929	88	0	0
EXT1__P1P2	8	0.98413	0.85518	0.960977	862	1	0.59642	0.077709	0.0041301	0.055124	27	0	0
SUPT20H__P1P2	8	0.98417	0.85518	0.960977	863	1	1.1386	5.5566e-13	4.9462e-06	0.000185	6	6	0
DHRS3__P1P2	8	0.98424	0.85519	0.960977	864	1	0.056735	0.42031	0.12953	0.564613	216	0	0
FAM115A__143598483	8	0.98546	0.85932	0.964497	865	1	0.03326	0.32435	0.045995	0.277741	156	0	0
EVX2__P1P2	11	0.98608	0.84653	0.954561	866	2	0.0082516	0.45647	0.090184	0.468763	248	0	0
TULP3__P2	8	0.98731	0.86816	0.97219	867	1	0.087641	0.50901	0.24938	0.841697	287	0	0
ARHGAP11A__32907502	8	0.98734	0.86817	0.97219	868	1	0.14512	0.29145	0.037368	0.247155	141	0	0
GPR137__P1	8	0.98777	0.87139	0.974678	869	1	0.0029152	0.58446	0.37846	1.0	346	0	0
SERTAD1__P1P2	8	0.98868	0.87714	0.979979	870	1	0.029755	0.54708	0.32364	0.98618	317	0	0
CHAMP1__P1P2	8	0.98888	0.87862	0.980445	871	1	0.17596	0.21209	0.0084926	0.080929	97	0	0
STRADA__P1P2	8	0.98937	0.88107	0.980445	872	1	0.37492	0.15401	0.00414	0.055124	57	0	0
B3GAT3__P1P2	8	0.98942	0.88159	0.980445	873	1	0.62855	0.12065	0.0041301	0.055124	42	0	0
UNC13B__P1P2	8	0.98946	0.88159	0.980445	874	1	0.15134	0.19039	0.0084827	0.080929	80	0	0
BCLAF1__P1P2	8	0.98979	0.88274	0.980599	875	1	0.08864	0.36317	0.074574	0.402698	178	0	0
KIAA1429__P1P2	8	0.9906	0.88942	0.986889	876	1	0.51786	0.080014	0.0041301	0.055124	29	0	0
UBE2M__P1P2	8	0.9909	0.89273	0.988498	877	1	0.61052	0.064553	4.9462e-06	0.000185	21	1	0
CCNE1__P1P2	8	0.99105	0.89351	0.988498	878	1	0.22503	0.34229	0.05834	0.331618	169	0	0
SHC1__P2	8	0.99124	0.89392	0.988498	879	1	0.24109	0.21343	0.0084926	0.080929	98	0	0
ISOC2__P1	8	0.99181	0.89825	0.99216	880	1	0.077575	0.50188	0.2321	0.791582	284	0	0
HIST1H1E__P1P2	8	0.9923	0.90065	0.993675	881	1	0.36928	0.15187	0.00414	0.055124	56	0	0
FAM122A__P1P2	8	0.99285	0.905	0.997345	882	1	0.34103	0.13529	0.00414	0.055124	47	0	0
FAM222B__P1	11	0.99299	0.91022	0.998573	883	2	0.07023	0.40551	0.057242	0.329227	203	0	0
PMAIP1__57567020	8	0.99301	0.90625	0.997588	884	1	0.41658	1.6111e-07	4.9462e-06	0.000185	12	4	0
ZNF90__P1P2	8	0.9931	0.90774	0.998102	885	1	0.040539	0.8374	0.85019	1.0	570	0	0
CREBBP__P1P2	8	0.99335	0.90994	0.998573	886	1	0.2481	0.19723	0.0084827	0.080929	86	0	0
RBM15__110881839	8	0.99417	0.91784	1.0	887	1	0.64453	1.5371e-05	4.9462e-06	0.000185	14	3	0
NBPF14__148025047	8	0.99495	0.92755	1.0	888	1	-0.03041	0.73711	0.67347	1.0	470	0	0
PRSS40A__131328218	8	0.99496	0.92756	1.0	889	1	0.03808	0.76797	0.72322	1.0	506	0	0
CHST15__P2	8	0.99499	0.92806	1.0	890	1	0.08492	0.17656	0.00414	0.055124	70	0	0
PKDCC__P1P2	8	0.99503	0.92835	1.0	891	1	0.078851	0.60396	0.41246	1.0	366	0	0
PRAMEF12__ENST00000357726.4	8	0.99508	0.92865	1.0	892	1	-0.031189	0.79643	0.77374	1.0	532	0	0
ZBTB7B__P1P2	8	0.99516	0.92973	1.0	893	1	0.204	0.30237	0.037378	0.247155	144	0	0
C11orf71__P1P2	8	0.99544	0.93285	1.0	894	1	0.055238	0.72641	0.65281	1.0	465	0	0
BTBD9__P1P2	8	0.99566	0.93618	1.0	895	1	0.098036	0.46722	0.17127	0.640292	256	0	0
MAZ__P1P2	8	0.99617	0.94168	1.0	896	0	0.2996	0.14972	0.00414	0.055124	55	0	0
MED12__P1P2	8	0.99626	0.9432	1.0	897	0	0.18177	0.31195	0.041652	0.266416	149	0	0
ZSCAN18__P2	8	0.99657	0.95134	1.0	898	0	0.038471	0.55038	0.32679	0.992623	320	0	0
CLDN3__P1P2	8	0.99673	0.9544	1.0	899	0	0.18184	0.17865	0.00414	0.055124	71	0	0
IFT46__P1P2	8	0.99686	0.95616	1.0	900	0	0.083506	0.31788	0.041662	0.266416	151	0	0
BOLA2__29465484	8	0.99691	0.95637	1.0	901	0	0.09097	0.5178	0.26322	0.870241	293	0	0
TAF5L__P1P2	8	0.99695	0.95638	1.0	902	0	0.42985	0.059088	4.9462e-06	0.000185	20	1	0
ZNF121__P1P2	8	0.99697	0.95638	1.0	903	0	0.10616	0.37311	0.087404	0.459278	181	0	0
KDM5C__P1P2	8	0.99722	0.95987	1.0	904	0	0.054533	0.51693	0.26322	0.870241	292	0	0
KDM3A__P1P2	8	0.99737	0.96206	1.0	905	0	0.10955	0.42592	0.13734	0.587809	221	0	0
ZNF43__P1	8	0.99753	0.96328	1.0	906	0	0.044127	0.71062	0.62336	1.0	450	0	0
KLLN__P1P2	8	0.99784	0.96749	1.0	907	0	0.14105	0.38616	0.10277	0.507102	191	0	0
ZNF608__P2	8	0.99791	0.96921	1.0	908	0	0.034738	0.59544	0.3987	1.0	357	0	0
USP22__P1P2	8	0.99803	0.97096	1.0	909	0	0.23075	0.18626	0.0084827	0.080929	77	0	0
ZNF532__P1	8	0.99825	0.97381	1.0	910	0	0.10338	0.4762	0.17875	0.658162	260	0	0
CCNC__P1P2	8	0.99826	0.97381	1.0	911	0	0.50824	0.1382	0.00414	0.055124	50	0	0
ZSCAN10__P1P2	8	0.99844	0.97727	1.0	912	0	0.15444	0.45083	0.14877	0.587809	243	0	0
SUPT7L__P1P2	8	0.99846	0.97742	1.0	913	0	0.18842	0.19655	0.0084827	0.080929	85	0	0
MAU2__P1P2	8	0.99862	0.98018	1.0	914	0	0.92092	0.001245	4.9462e-06	0.000185	16	2	0
MED13__P1P2	8	0.99869	0.98159	1.0	915	0	0.41567	0.16536	0.00414	0.055124	64	0	0
ELK3__P1P2	8	0.99883	0.9839	1.0	916	0	0.085622	0.48872	0.19724	0.70484	269	0	0
CUL3__P1P2	8	0.99895	0.98517	1.0	917	0	0.34234	0.19108	0.0084827	0.080929	81	0	0
AHR__P1P2	11	0.99903	0.96651	1.0	918	1	0.22649	0.45712	0.090184	0.468763	249	0	0
NAIP__70319713	8	0.99912	0.98711	1.0	919	0	0.050704	0.49873	0.22538	0.779616	280	0	0
TMED2__P1P2	8	0.99914	0.98787	1.0	920	0	0.26737	0.20401	0.0084926	0.080929	92	0	0
RFWD2__P1P2	8	0.99922	0.98912	1.0	921	0	0.11989	0.46484	0.17126	0.640292	254	0	0
MID1IP1__P1P2	8	0.99924	0.98924	1.0	922	0	0.096839	0.6987	0.58265	1.0	444	0	0
TICAM2__P2	8	0.99929	0.99008	1.0	923	0	0.12047	0.40737	0.11815	0.541704	205	0	0
TM9SF2__P1P2	8	0.99931	0.99027	1.0	924	0	0.22668	0.23132	0.012835	0.102341	109	0	0
MAP4K3__P1P2	8	0.99932	0.99038	1.0	925	0	0.34327	0.1447	0.00414	0.055124	53	0	0
NF2__29999349	8	0.99934	0.99059	1.0	926	0	1.0248	1.8096e-07	4.9462e-06	0.000185	13	4	0
SAP30__P1P2	8	0.99936	0.9911	1.0	927	0	0.18766	0.25716	0.012845	0.102341	120	0	0
RASA2__P1P2	8	0.9994	0.99174	1.0	928	0	0.36515	0.20671	0.0084926	0.080929	93	0	0
RBM5__P1P2	8	0.99943	0.99246	1.0	929	0	0.10344	0.47667	0.17875	0.658162	261	0	0
USP10__P1P2	8	0.99945	0.99257	1.0	930	0	0.21026	0.19791	0.0084827	0.080929	87	0	0
SLC4A1AP__P1P2	8	0.99948	0.99315	1.0	931	0	0.23465	0.16041	0.00414	0.055124	60	0	0
MTF2__P1P2	8	0.99949	0.99338	1.0	932	0	0.20282	0.29023	0.037368	0.247155	140	0	0
C17orf49__P2	8	0.99951	0.99362	1.0	933	0	0.18409	0.25907	0.012845	0.102341	122	0	0
SHCBP1__P1P2	8	0.99956	0.99427	1.0	934	0	0.41984	0.11473	0.0041301	0.055124	39	0	0
KAT7__P1P2	8	0.99963	0.99526	1.0	935	0	0.14467	0.39632	0.11436	0.541704	199	0	0
B4GALT7__P1P2	8	0.99963	0.99531	1.0	936	0	0.62006	0.089943	0.0041301	0.055124	32	0	0
ZNF787__P1P2	8	0.99963	0.99536	1.0	937	0	0.62171	0.079246	0.0041301	0.055124	28	0	0
ATP2C1__P1P2	8	0.99973	0.99701	1.0	938	0	0.21895	0.22539	0.012835	0.102341	105	0	0
TCTN1__P1P2	8	0.99973	0.99713	1.0	939	0	0.18968	0.41413	0.12202	0.551632	212	0	0
TCF7L1__P1P2	8	0.99975	0.99751	1.0	940	0	0.28627	0.14253	0.00414	0.055124	52	0	0
MED13L__P1P2	8	0.99981	0.99827	1.0	941	0	0.30531	0.20739	0.0084926	0.080929	94	0	0
INPPL1__P1P2	8	0.99982	0.99842	1.0	942	0	0.23929	0.27976	0.033036	0.237856	133	0	0
GTF2IRD2__74267046	8	0.99985	0.99877	1.0	943	0	0.14987	0.39472	0.11435	0.541704	196	0	0
VEZF1__P1P2	8	0.9999	0.9993	1.0	944	0	0.32144	0.22605	0.012835	0.102341	106	0	0
SPRY4__P1P2	8	0.99996	0.99976	1.0	945	0	0.4801	0.13964	0.00414	0.055124	51	0	0
ZDHHC17__P1P2	8	0.99998	0.99989	1.0	946	0	0.24932	0.2847	0.037368	0.247155	136	0	0
IBTK__P1	8	0.99998	0.99991	1.0	947	0	0.25632	0.30597	0.037378	0.247155	146	0	0
L3MBTL2__P1P2	8	0.99999	0.99999	1.0	948	0	0.35419	0.20063	0.0084827	0.080929	89	0	0
GMPR2__P1P2	8	0.99999	0.99999	1.0	949	0	0.21525	0.33713	0.054334	0.314417	167	0	0
SUFU__104263513	8	0.99999	0.99999	1.0	950	0	0.74156	0.0023015	4.9462e-06	0.000185	18	2	0
IFT57__P1P2	8	1.0	1.0	1.0	951	0	0.15597	0.5475	0.32364	0.98618	318	0	0
ING5__P1P2	8	1.0	1.0	1.0	952	0	0.31324	0.16887	0.00414	0.055124	65	0	0
GLCE__P1P2	8	1.0	1.0	1.0	953	0	0.70586	0.11695	0.0041301	0.055124	40	0	0
PAN3__P1P2	8	1.0	1.0	1.0	954	0	0.43782	0.20334	0.0084926	0.080929	91	0	0
SALL2__P1P2	8	1.0	1.0	1.0	955	0	0.46917	0.16957	0.00414	0.055124	66	0	0
CCDC6__P1P2	8	1.0	1.0	1.0	956	0	1.3542	2.3627e-14	4.9462e-06	0.000185	4	7	0
FAM64A__P1P2	8	1.0	1.0	1.0	957	0	0.34946	0.18004	0.00414	0.055124	73	0	0
UBE2R2__P1P2	8	1.0	1.0	1.0	958	0	0.39857	0.21744	0.0084926	0.080929	100	0	0
SGK223__P1P2	8	1.0	1.0	1.0	959	0	0.64082	0.10279	0.0041301	0.055124	35	0	0
KCTD10__P1P2	8	1.0	1.0	1.0	960	0	0.43732	0.13311	0.00414	0.055124	45	0	0
CSDE1__P1P2	8	1.0	1.0	1.0	961	0	1.1308	2.6025e-09	4.9462e-06	0.000185	8	5	0
TRIP12__P1P2	8	1.0	1.0	1.0	962	0	1.0512	3.9772e-08	4.9462e-06	0.000185	10	4	0
NIPBL__P1P2	8	1.0	1.0	1.0	963	0	0.70365	0.075399	4.9462e-06	0.000185	26	1	0
SOX4__P1	8	1.0	1.0	1.0	964	0	0.75483	0.10877	0.0041301	0.055124	38	0	0
TP53BP1__P1	8	1.0	1.0	1.0	965	0	0.97949	0.083844	0.0041301	0.055124	30	0	0
CTNND1__P1P2	8	1.0	1.0	1.0	966	0	0.91342	0.073857	4.9462e-06	0.000185	25	1	0
CYP51A1__P1P2	8	1.0	1.0	1.0	967	0	1.2971	1.9517e-11	4.9462e-06	0.000185	7	6	0
TGFBR2__P1P2	8	1.0	1.0	1.0	968	0	1.3561	3.5828e-14	4.9462e-06	0.000185	5	7	0
TP53__P1P2	8	1.0	1.0	1.0	969	0	1.7921	3.2425e-20	4.9462e-06	0.000185	1	8	0
USP28__P1P2	8	1.0	1.0	1.0	970	0	1.6554	1.0005e-18	4.9462e-06	0.000185	2	8	0
BAK1__33547269	8	1.0	1.0	1.0	971	0	1.3463	2.7586e-17	4.9462e-06	0.000185	3	8	0
