id	num	neg|score	neg|p-value	neg|fdr	neg|rank	neg|goodsgrna	neg|lfc	pos|score	pos|p-value	pos|fdr	pos|rank	pos|goodsgrna	pos|lfc
MYSM1__P1P2	8	1.9204e-12	4.9462e-06	2.5e-05	1	8	-4.4921	1.0	1.0	1.0	971	0	0
ATP6AP1__P1P2	8	8.3975e-10	4.9462e-06	2.5e-05	2	8	-3.2513	1.0	1.0	1.0	957	0	0
CENPF__P1P2	8	8.9285e-10	4.9462e-06	2.5e-05	3	8	-3.2778	1.0	1.0	1.0	970	0	0
ANAPC13__P1P2	8	1.3935e-09	4.9462e-06	2.5e-05	4	8	-3.3067	1.0	1.0	1.0	969	0	0
NDUFS8__P1P2	8	1.8849e-09	4.9462e-06	2.5e-05	5	7	-3.207	0.56293	0.25429	0.821157	300	0	0
C7orf26__P1P2	8	6.5059e-09	4.9462e-06	2.5e-05	6	8	-3.1355	1.0	1.0	1.0	968	0	0
PPM1G__P1	8	7.7362e-09	4.9462e-06	2.5e-05	7	8	-2.8558	1.0	1.0	1.0	967	0	0
MLF1IP__P1P2	8	9.5704e-09	4.9462e-06	2.5e-05	8	7	-3.382	0.97445	0.99546	1.0	767	0	0
UBE2S__P1P2	8	1.4768e-08	4.9462e-06	2.5e-05	9	8	-2.3499	1.0	1.0	1.0	966	0	0
KIAA0020__P1	8	1.7034e-08	4.9462e-06	2.5e-05	10	7	-3.0279	0.8749	0.89029	1.0	611	0	0
ORC5__P1P2	8	2.0088e-08	4.9462e-06	2.5e-05	11	8	-3.228	0.99998	1.0	1.0	930	0	0
HUS1__P1P2	8	3.6014e-08	4.9462e-06	2.5e-05	12	8	-3.1347	1.0	1.0	1.0	951	0	0
PMVK__P1P2	8	3.7579e-08	4.9462e-06	2.5e-05	13	8	-2.5558	1.0	1.0	1.0	965	0	0
CEP63__P1P2	8	3.9772e-08	4.9462e-06	2.5e-05	14	8	-3.4355	1.0	1.0	1.0	941	0	0
RPL36A__P1P2	8	1.2548e-07	4.9462e-06	2.5e-05	15	8	-2.6892	1.0	1.0	1.0	964	0	0
RNF8__P1P2	8	1.2853e-07	4.9462e-06	2.5e-05	16	8	-2.57	1.0	1.0	1.0	963	0	0
PDS5B__P1P2	8	1.5721e-07	4.9462e-06	2.5e-05	17	8	-1.9949	1.0	1.0	1.0	962	0	0
MINOS1-NBL1__P1P2	8	1.7055e-07	4.9462e-06	2.5e-05	18	8	-2.0412	1.0	1.0	1.0	961	0	0
TUBA1C__P1P2	8	1.7541e-07	4.9462e-06	2.5e-05	19	8	-2.1907	1.0	1.0	1.0	959	0	0
LEO1__P1P2	8	2.0952e-07	4.9462e-06	2.5e-05	20	8	-2.5442	1.0	1.0	1.0	960	0	0
METTL15__P2	8	2.6177e-07	4.9462e-06	2.5e-05	21	8	-3.0107	1.0	1.0	1.0	958	0	0
BUB1__P1P2	8	3.5392e-07	4.9462e-06	2.5e-05	22	8	-2.9297	1.0	1.0	1.0	956	0	0
RAD9A__P1P2	8	3.6303e-07	4.9462e-06	2.5e-05	23	7	-3.703	0.88284	0.90253	1.0	617	0	0
ZNF462__P1P2	8	3.9142e-07	4.9462e-06	2.5e-05	24	8	-1.9109	1.0	1.0	1.0	953	0	0
WDR70__P1P2	8	4.6138e-07	4.9462e-06	2.5e-05	25	8	-2.4904	1.0	1.0	1.0	955	0	0
MAD2L1BP__P1P2	8	6.1735e-07	4.9462e-06	2.5e-05	26	8	-3.0643	1.0	1.0	1.0	954	0	0
ACTR8__P1P2	8	6.4322e-07	4.9462e-06	2.5e-05	27	8	-2.3638	1.0	1.0	1.0	946	0	0
H2AFZ__P1P2	8	6.5163e-07	4.9462e-06	2.5e-05	28	8	-1.7127	1.0	1.0	1.0	952	0	0
MUT__P1P2	11	8.5581e-07	4.9462e-06	2.5e-05	29	9	-1.7868	0.99859	1.0	1.0	866	0	0
PALB2__P1P2	8	9.2235e-07	4.9462e-06	2.5e-05	30	7	-2.7212	0.94022	0.97467	1.0	688	0	0
KIF18B__P1P2	8	1.0434e-06	4.9462e-06	2.5e-05	31	8	-1.4538	1.0	1.0	1.0	950	0	0
DICER1__P1P2	8	1.3823e-06	4.9462e-06	2.5e-05	32	8	-1.9438	1.0	1.0	1.0	949	0	0
NSMCE4A__P1P2	8	1.5073e-06	4.9462e-06	2.5e-05	33	8	-1.8425	0.99999	1.0	1.0	938	0	0
EMC1__P1P2	8	1.5267e-06	4.9462e-06	2.5e-05	34	7	-2.2521	0.99837	1.0	1.0	861	0	0
NRF1__P1P2	8	1.5577e-06	4.9462e-06	2.5e-05	35	8	-2.3942	1.0	1.0	1.0	948	0	0
UBE2C__P1P2	8	2.011e-06	4.9462e-06	2.5e-05	36	8	-3.1156	0.99997	1.0	1.0	927	0	0
CHEK1__P1P2	8	2.077e-06	4.9462e-06	2.5e-05	37	8	-2.5733	0.99998	1.0	1.0	932	0	0
MKI67__P1P2	8	2.5632e-06	4.9462e-06	2.5e-05	38	8	-1.679	1.0	1.0	1.0	947	0	0
SAE1__P1P2	8	2.8231e-06	4.9462e-06	2.5e-05	39	7	-3.2623	0.99724	0.99999	1.0	850	0	0
PPP2R5C__P1P2	8	3.3615e-06	4.9462e-06	2.5e-05	40	7	-1.9312	0.99995	1.0	1.0	919	0	0
CYLD__P1P2	8	3.4179e-06	4.9462e-06	2.5e-05	41	8	-1.0829	1.0	1.0	1.0	945	0	0
SEC62__P1P2	8	3.7584e-06	4.9462e-06	2.5e-05	42	8	-1.4177	1.0	1.0	1.0	944	0	0
DUSP12__P1P2	8	3.8829e-06	4.9462e-06	2.5e-05	43	6	-3.1028	0.54873	0.23784	0.786897	291	0	0
PIGY__P1P2	8	3.9242e-06	4.9462e-06	2.5e-05	44	8	-1.3174	1.0	1.0	1.0	943	0	0
ZZZ3__P1P2	8	4.0804e-06	4.9462e-06	2.5e-05	45	8	-1.7113	1.0	1.0	1.0	942	0	0
DHX35__P1P2	8	4.9781e-06	4.9462e-06	2.5e-05	46	6	-2.5803	0.99866	1.0	1.0	867	0	0
DCPS__P1P2	8	5.6224e-06	4.9462e-06	2.5e-05	47	8	-2.1137	0.99999	1.0	1.0	940	0	0
ZAR1L__P1P2	8	5.6462e-06	4.9462e-06	2.5e-05	48	7	-2.4939	0.88744	0.90864	1.0	626	0	0
WDR48__P1P2	8	6.0957e-06	4.9462e-06	2.5e-05	49	7	-2.6435	0.5693	0.26752	0.834583	303	0	0
MMAB__P1P2	8	6.9901e-06	4.9462e-06	2.5e-05	50	8	-1.5933	0.99999	1.0	1.0	939	0	0
NPM1__P1P2	8	9.0212e-06	4.9462e-06	2.5e-05	51	7	-2.266	0.99988	1.0	1.0	907	0	0
ESRP1__P1P2	8	9.5661e-06	4.9462e-06	2.5e-05	52	7	-1.4961	0.99704	0.99999	1.0	847	0	0
ATF6__P1P2	8	9.9792e-06	4.9462e-06	2.5e-05	53	8	-1.2296	0.99999	1.0	1.0	937	0	0
HEATR3__P1P2	8	1.034e-05	4.9462e-06	2.5e-05	54	8	-2.247	0.99999	1.0	1.0	936	0	0
DROSHA__31531421	8	1.2449e-05	4.9462e-06	2.5e-05	55	6	-3.6911	0.99536	0.99997	1.0	834	0	0
NDUFAF6__P1P2	8	1.279e-05	4.9462e-06	2.5e-05	56	7	-2.0684	0.99994	1.0	1.0	916	0	0
SPTLC2__P1P2	8	1.3846e-05	4.9462e-06	2.5e-05	57	8	-1.2438	0.99999	1.0	1.0	935	0	0
PARL__P1P2	8	1.4459e-05	4.9462e-06	2.5e-05	58	8	-1.1732	0.99999	1.0	1.0	934	0	0
AK2__P1P2	8	1.4848e-05	4.9462e-06	2.5e-05	59	8	-0.83091	0.99999	1.0	1.0	933	0	0
CTDSPL2__P1P2	8	1.4878e-05	4.9462e-06	2.5e-05	60	6	-3.2494	0.97749	0.99691	1.0	774	0	0
CDC26__P1P2	8	1.5026e-05	4.9462e-06	2.5e-05	61	7	-2.6768	0.75885	0.65832	1.0	484	0	0
KIF22__P1	8	1.5371e-05	4.9462e-06	2.5e-05	62	7	-1.5166	0.62755	0.36474	0.96742	361	0	0
GNB2L1__P1P2	8	1.6284e-05	4.9462e-06	2.5e-05	63	6	-2.5305	0.99525	0.99997	1.0	832	0	0
UBE2G2__P1P2	8	1.7837e-05	4.9462e-06	2.5e-05	64	8	-1.216	0.99998	1.0	1.0	931	0	0
WDR89__P1P2	8	2.033e-05	4.9462e-06	2.5e-05	65	7	-2.8441	0.99551	0.99997	1.0	835	0	0
VWA9__P1P2	8	2.066e-05	4.9462e-06	2.5e-05	66	6	-2.4418	0.97051	0.99426	1.0	759	0	0
RPS13__P1P2	8	2.1206e-05	4.9462e-06	2.5e-05	67	8	-2.0065	0.99998	1.0	1.0	929	0	0
MDM4__P1P2	8	2.4652e-05	4.9462e-06	2.5e-05	68	7	-2.3258	0.99906	1.0	1.0	873	0	0
SMN2__69345238	8	2.5739e-05	4.9462e-06	2.5e-05	69	6	-3.1126	0.9854	0.99877	1.0	791	0	0
WDR7__P1P2	8	2.5988e-05	4.9462e-06	2.5e-05	70	8	-1.3374	0.99997	1.0	1.0	928	0	0
KAT2A__P1P2	8	3.2633e-05	4.9462e-06	2.5e-05	71	6	-2.8294	0.99187	0.99971	1.0	819	0	0
GPALPP1__P1P2	8	3.2917e-05	4.9462e-06	2.5e-05	72	7	-1.7017	0.78999	0.72893	1.0	507	0	0
GHITM__P1P2	8	3.3852e-05	4.9462e-06	2.5e-05	73	8	-0.93012	0.99997	1.0	1.0	926	0	0
IPO7__P1P2	8	3.467e-05	4.9462e-06	2.5e-05	74	8	-2.0808	0.99997	1.0	1.0	925	0	0
RPL34__P1P2	8	3.5506e-05	4.9462e-06	2.5e-05	75	8	-1.6596	0.99996	1.0	1.0	924	0	0
CABIN1__P1P2	8	3.6574e-05	4.9462e-06	2.5e-05	76	8	-0.93209	0.99996	1.0	1.0	923	0	0
C1D__P1P2	8	3.668e-05	4.9462e-06	2.5e-05	77	7	-1.6728	0.99933	1.0	1.0	884	0	0
RPS14__P1P2	8	3.823e-05	4.9462e-06	2.5e-05	78	8	-2.1765	0.99996	1.0	1.0	922	0	0
FNBP4__P1P2	8	4.7083e-05	4.9462e-06	2.5e-05	79	7	-1.7353	0.90753	0.93789	1.0	652	0	0
PRKDC__P1P2	8	4.7264e-05	4.9462e-06	2.5e-05	80	7	-1.7294	0.98738	0.99916	1.0	800	0	0
MDM2__P1P2	8	4.7445e-05	4.9462e-06	2.5e-05	81	7	-2.6562	0.35982	0.034203	0.185727	179	1	0.46703
POLE3__P1P2	8	5.296e-05	4.9462e-06	2.5e-05	82	7	-1.3987	0.77612	0.70118	1.0	497	0	0
MCTS1__P1P2	8	5.3198e-05	4.9462e-06	2.5e-05	83	6	-1.6816	0.55365	0.24125	0.786897	296	0	0
PFDN1__P1P2	8	5.4166e-05	4.9462e-06	2.5e-05	84	7	-1.7903	0.99804	1.0	1.0	858	0	0
MDC1__P1P2	8	5.459e-05	4.9462e-06	2.5e-05	85	7	-1.5195	0.99889	1.0	1.0	872	0	0
HMGCS1__P1P2	8	5.544e-05	4.9462e-06	2.5e-05	86	7	-2.1141	0.95742	0.98751	1.0	722	0	0
ZWILCH__P1P2	8	6.1679e-05	4.9462e-06	2.5e-05	87	7	-1.9864	0.99635	0.99998	1.0	840	0	0
ZNHIT3__P1P2	8	6.7841e-05	4.9462e-06	2.5e-05	88	6	-2.0249	0.98759	0.99916	1.0	801	0	0
UBA5__P1P2	8	6.8555e-05	4.9462e-06	2.5e-05	89	7	-1.1628	0.99995	1.0	1.0	917	0	0
CHERP__P1P2	8	6.9635e-05	4.9462e-06	2.5e-05	90	6	-3.3097	0.49602	0.15253	0.576867	252	0	0
U2SURP__P1P2	8	8.2675e-05	4.9462e-06	2.5e-05	91	7	-2.0859	0.98001	0.9977	1.0	784	0	0
PHF6__P1P2	8	8.5461e-05	4.9462e-06	2.5e-05	92	7	-1.1636	0.88498	0.90581	1.0	622	0	0
ZC3H4__P1	8	8.6966e-05	4.9462e-06	2.5e-05	93	7	-1.7558	0.99977	1.0	1.0	896	0	0
BTAF1__P1P2	8	9.2347e-05	4.9462e-06	2.5e-05	94	6	-2.0698	0.39791	0.041592	0.209471	193	1	0.40638
PPIL1__P1P2	8	0.00010158	4.9462e-06	2.5e-05	95	6	-2.6868	0.96535	0.99211	1.0	748	0	0
ZRSR2__P1P2	8	0.00011047	4.9462e-06	2.5e-05	96	6	-2.5504	0.71478	0.57325	1.0	439	0	0
MRRF__P1P2	8	0.00011201	4.9462e-06	2.5e-05	97	7	-1.9062	0.98544	0.99877	1.0	792	0	0
DPF2__P1	8	0.00011428	4.9462e-06	2.5e-05	98	7	-1.5088	0.94876	0.98183	1.0	700	0	0
TAF6__P1P2	8	0.00011776	4.9462e-06	2.5e-05	99	7	-1.6553	0.99598	0.99998	1.0	836	0	0
POLE4__P1P2	8	0.00011894	4.9462e-06	2.5e-05	100	7	-1.4412	0.99984	1.0	1.0	904	0	0
RBPMS2__P1P2	8	0.00011902	4.9462e-06	2.5e-05	101	6	-1.8522	0.75502	0.65341	1.0	480	0	0
NUTF2__P1P2	8	0.00012452	4.9462e-06	2.5e-05	102	5	-2.7102	0.99935	1.0	1.0	885	0	0
PPP4R2__P1P2	8	0.00013022	4.9462e-06	2.5e-05	103	7	-2.1666	0.99987	1.0	1.0	906	0	0
BCKDHA__P1	8	0.00013272	4.9462e-06	2.5e-05	104	6	-2.4867	0.99643	0.99999	1.0	841	0	0
INTS10__P1P2	8	0.000139	4.9462e-06	2.5e-05	105	6	-2.608	0.98467	0.99867	1.0	790	0	0
RIF1__P1P2	8	0.00014353	4.9462e-06	2.5e-05	106	7	-2.4397	0.99982	1.0	1.0	902	0	0
TAF9__P1P2	8	0.00015639	4.9462e-06	2.5e-05	107	6	-1.6794	0.8895	0.91318	1.0	628	0	0
BRMS1__P1P2	8	0.00015884	4.9462e-06	2.5e-05	108	7	-1.1512	0.94943	0.98206	1.0	702	0	0
C8orf59__P1P2	8	0.00016282	4.9462e-06	2.5e-05	109	6	-1.9514	0.98573	0.99885	1.0	793	0	0
DNMT1__P1P2	8	0.00016845	4.9462e-06	2.5e-05	110	5	-2.9167	0.54997	0.24124	0.786897	293	0	0
UBR5__P1P2	8	0.00017086	4.9462e-06	2.5e-05	111	6	-2.1891	0.95642	0.98685	1.0	719	0	0
ACAT2__P1P2	8	0.00017298	4.9462e-06	2.5e-05	112	7	-1.3066	0.99991	1.0	1.0	912	0	0
NEK2__P1P2	8	0.00018874	4.9462e-06	2.5e-05	113	7	-1.3268	0.96433	0.99133	1.0	744	0	0
NCSTN__P1P2	8	0.00018992	4.9462e-06	2.5e-05	114	7	-1.1366	0.99931	1.0	1.0	883	0	0
CBLL1__P1P2	8	0.00020264	4.9462e-06	2.5e-05	115	5	-1.8501	0.7224	0.58333	1.0	452	0	0
DNAJC2__P1P2	8	0.00020566	4.9462e-06	2.5e-05	116	6	-2.1663	0.93945	0.97418	1.0	685	0	0
DGCR8__P1P2	8	0.00020856	4.9462e-06	2.5e-05	117	5	-2.4868	0.99978	1.0	1.0	898	0	0
XRCC1__P1P2	11	0.00021076	4.9462e-06	2.5e-05	118	9	-1.8012	0.66305	0.30911	0.883022	390	0	0
AATF__P1P2	8	0.00021402	4.9462e-06	2.5e-05	119	7	-2.3796	0.99665	0.99999	1.0	843	0	0
PHF8__P1P2	11	0.00025879	4.9462e-06	2.5e-05	120	9	-1.1552	0.99967	1.0	1.0	891	0	0
ILK__P1P2	8	0.00029701	4.9462e-06	2.5e-05	121	7	-1.918	0.99819	1.0	1.0	859	0	0
INO80C__P1P2	8	0.00031031	4.9462e-06	2.5e-05	122	7	-1.2142	0.99994	1.0	1.0	915	0	0
DDRGK1__P1P2	8	0.00031073	4.9462e-06	2.5e-05	123	6	-1.452	0.53116	0.20615	0.703087	282	0	0
DCP2__P1P2	8	0.00031839	4.9462e-06	2.5e-05	124	7	-0.83224	0.99968	1.0	1.0	892	0	0
ANLN__P1P2	8	0.00032135	4.9462e-06	2.5e-05	125	6	-1.5681	0.97982	0.99767	1.0	782	0	0
GTF3C4__P1P2	8	0.00032759	4.9462e-06	2.5e-05	126	7	-2.1751	0.85056	0.84766	1.0	579	0	0
PPP2CA__P1P2	8	0.00035427	4.9462e-06	2.5e-05	127	5	-3.0249	0.98782	0.99918	1.0	803	0	0
COL4A3BP__P1P2	8	0.00036972	4.9462e-06	2.5e-05	128	7	-1.1485	0.99995	1.0	1.0	918	0	0
ASPM__P1P2	8	0.00038038	4.9462e-06	2.5e-05	129	6	-1.624	0.93338	0.96846	1.0	681	0	0
CPNE1__P1P2	8	0.00038219	4.9462e-06	2.5e-05	130	6	-1.7116	0.41671	0.060833	0.287038	201	1	0.38122
SNRPB2__P1P2	8	0.00039954	4.9462e-06	2.5e-05	131	7	-0.73821	0.99854	1.0	1.0	864	0	0
AUNIP__P1P2	8	0.00040955	4.9462e-06	2.5e-05	132	7	-1.1611	0.9983	1.0	1.0	860	0	0
PARN__P1P2	11	0.00041126	4.9462e-06	2.5e-05	133	7	-2.3482	0.55922	0.12899	0.519329	298	1	0.35214
TIMM17B__P1P2	8	0.0004118	4.9462e-06	2.5e-05	134	7	-1.3378	0.89081	0.91452	1.0	631	0	0
RBM14-RBM4__P2	8	0.00042042	4.9462e-06	2.5e-05	135	6	-2.5605	0.96288	0.99056	1.0	738	0	0
PPP1CB__P1P2	8	0.00045423	4.9462e-06	2.5e-05	136	6	-2.4622	0.67044	0.46819	1.0	400	0	0
BMS1__P1P2	8	0.00046656	4.9462e-06	2.5e-05	137	7	-1.7017	0.99738	0.99999	1.0	853	0	0
GTF2H2__ENST00000274400.5_ENST00000330280.7	8	0.00046772	4.9462e-06	2.5e-05	138	5	-3.0351	0.87	0.88304	1.0	605	0	0
RPL14__P1P2	8	0.00047159	4.9462e-06	2.5e-05	139	7	-1.4705	0.9998	1.0	1.0	901	0	0
ZNF296__P1P2	8	0.00047796	4.9462e-06	2.5e-05	140	7	-0.78455	0.99995	1.0	1.0	921	0	0
CNOT3__P1P2	8	0.00048181	4.9462e-06	2.5e-05	141	7	-1.6551	0.99989	1.0	1.0	909	0	0
RBM34__P1P2	8	0.00053749	4.9462e-06	2.5e-05	142	6	-1.7637	0.99713	0.99999	1.0	848	0	0
MIEF1__P1P2	8	0.00055429	4.9462e-06	2.5e-05	143	7	-0.89998	0.99988	1.0	1.0	908	0	0
GTF3A__P1P2	8	0.00056342	4.9462e-06	2.5e-05	144	7	-1.5298	0.48872	0.14512	0.555364	249	0	0
TINF2__P1P2	8	0.00059308	4.9462e-06	2.5e-05	145	7	-1.5436	0.92007	0.95289	1.0	664	0	0
CENPQ__P1P2	11	0.00061218	4.9462e-06	2.5e-05	146	8	-1.523	0.99995	1.0	1.0	920	0	0
EXOC5__P1P2	8	0.00062302	4.9462e-06	2.5e-05	147	6	-2.0413	0.50546	0.16709	0.610559	262	0	0
NUP188__P1P2	8	0.00068409	4.9462e-06	2.5e-05	148	6	-1.2262	0.3676	0.038002	0.192433	182	1	0.39898
OBFC1__P1P2	8	0.00070647	4.9462e-06	2.5e-05	149	6	-1.862	0.96625	0.99253	1.0	751	0	0
TBC1D31__P1P2	8	0.0007341	4.9462e-06	2.5e-05	150	6	-1.1738	0.95789	0.98763	1.0	725	0	0
ABHD16A__P1P2	8	0.00076237	4.9462e-06	2.5e-05	151	7	-0.97608	0.99871	1.0	1.0	868	0	0
ARHGAP4__P1	8	0.0007723	4.9462e-06	2.5e-05	152	6	-1.8879	0.40894	0.052919	0.25848	198	1	0.47084
ANKRD17__P1P2	8	0.00077959	4.9462e-06	2.5e-05	153	7	-1.1962	0.99984	1.0	1.0	905	0	0
PPME1__P1P2	8	0.00079833	4.9462e-06	2.5e-05	154	6	-2.3106	0.99993	1.0	1.0	914	0	0
SDF2__P1P2	8	0.00080793	4.9462e-06	2.5e-05	155	6	-2.1555	0.73428	0.60152	1.0	463	0	0
CCS__P1P2	8	0.00081101	4.9462e-06	2.5e-05	156	7	-0.75079	0.9997	1.0	1.0	893	0	0
ERC1__P1P2	8	0.00084143	4.9462e-06	2.5e-05	157	7	-1.0753	0.99742	0.99999	1.0	854	0	0
FKBPL__P1P2	8	0.00097634	4.9462e-06	2.5e-05	158	6	-1.9874	0.99979	1.0	1.0	899	0	0
CHTF18__P1P2	8	0.00099096	4.9462e-06	2.5e-05	159	6	-1.9253	0.99236	0.99979	1.0	821	0	0
PRPF40A__P1P2	8	0.0010726	4.9462e-06	2.5e-05	160	5	-2.2236	0.984	0.99857	1.0	789	0	0
DBF4__P1P2	8	0.0011529	4.9462e-06	2.5e-05	161	6	-1.4877	0.53243	0.20966	0.710115	283	0	0
UHRF1__P1P2	8	0.0011904	4.9462e-06	2.5e-05	162	6	-1.9753	0.99948	1.0	1.0	886	0	0
LIAS__P1P2	8	0.0012119	4.9462e-06	2.5e-05	163	6	-2.3603	0.79643	0.74264	1.0	516	0	0
CFDP1__P1	8	0.0013602	4.9462e-06	2.5e-05	164	4	-3.1502	0.96557	0.99212	1.0	750	0	0
KIFC1__P1P2	8	0.0013813	4.9462e-06	2.5e-05	165	6	-1.4533	0.99075	0.99963	1.0	814	0	0
UBA3__P1P2	8	0.0014566	4.9462e-06	2.5e-05	166	5	-2.3518	0.73813	0.61291	1.0	466	0	0
LIMS1__P1P2	8	0.0017099	4.9462e-06	2.5e-05	167	6	-1.6096	0.95192	0.98374	1.0	707	0	0
ANKRD49__P1P2	8	0.0017716	4.9462e-06	2.5e-05	168	5	-2.329	0.97793	0.99707	1.0	778	0	0
GTF3C2__P1P2	8	0.0018688	4.9462e-06	2.5e-05	169	5	-2.4631	0.91458	0.94778	1.0	658	0	0
SMARCAL1__P1P2	8	0.0019319	4.9462e-06	2.5e-05	170	6	-1.4891	0.99391	0.99988	1.0	827	0	0
CCDC12__P1	8	0.0019472	4.9462e-06	2.5e-05	171	6	-2.1878	0.88297	0.90254	1.0	618	0	0
NAE1__P1P2	8	0.0021524	4.9462e-06	2.5e-05	172	4	-2.7775	0.016927	0.00015333	0.001447	103	3	0.68886
TAF11__P1P2	8	0.0022006	4.9462e-06	2.5e-05	173	6	-1.4949	0.93174	0.9661	1.0	676	0	0
TRIP13__P1P2	8	0.0022221	4.9462e-06	2.5e-05	174	5	-3.0788	0.73246	0.59949	1.0	462	0	0
WDR82__P1P2	8	0.002328	4.9462e-06	2.5e-05	175	6	-1.7547	0.99251	0.9998	1.0	822	0	0
PPP1R10__P1P2	8	0.0026723	4.9462e-06	2.5e-05	176	6	-1.1141	0.81643	0.78526	1.0	543	0	0
PDSS1__P1P2	11	0.0027308	4.9462e-06	2.5e-05	177	5	-2.1842	0.98962	0.99855	1.0	810	0	0
NABP2__P1	8	0.0028003	4.9462e-06	2.5e-05	178	6	-1.1448	0.47807	0.13037	0.519329	242	0	0
RUNX1T1__P2	8	0.0028204	4.9462e-06	2.5e-05	179	4	-2.1882	0.8458	0.83625	1.0	575	0	0
ANKRA2__P1P2	8	0.0030122	4.9462e-06	2.5e-05	180	6	-1.5054	0.95769	0.98762	1.0	724	0	0
NEDD8-MDP1__P1P2	8	0.0031219	4.9462e-06	2.5e-05	181	3	-2.3966	0.17238	0.014962	0.095054	153	1	0.8707
ILF3__P1P2	8	0.0032194	4.9462e-06	2.5e-05	182	6	-1.5177	0.99782	1.0	1.0	856	0	0
RAD17__P1P2	8	0.0032373	4.9462e-06	2.5e-05	183	3	-3.4749	0.97758	0.99692	1.0	776	0	0
NPLOC4__P1P2	8	0.003249	4.9462e-06	2.5e-05	184	6	-1.8092	0.90183	0.92915	1.0	645	0	0
ATRIP__P1P2	8	0.0032911	4.9462e-06	2.5e-05	185	6	-1.3363	0.99377	0.99988	1.0	825	0	0
USP1__P1P2	8	0.0034098	4.9462e-06	2.5e-05	186	6	-1.4282	0.9999	1.0	1.0	910	0	0
FOXK1__P1P2	8	0.0035319	4.9462e-06	2.5e-05	187	6	-1.0818	0.99759	1.0	1.0	855	0	0
POLR1B__P1P2	8	0.0036321	4.9462e-06	2.5e-05	188	6	-1.9433	0.99975	1.0	1.0	894	0	0
KAT6A__P1P2	8	0.0039916	1.4839e-05	6.8e-05	189	6	-0.88158	0.95825	0.9877	1.0	726	0	0
NRBP1__P1P2	8	0.004102	1.4839e-05	6.8e-05	190	6	-1.1838	0.93952	0.97418	1.0	686	0	0
STAG2__P1	8	0.00413	1.4839e-05	6.8e-05	191	6	-0.88878	0.5573	0.24773	0.805329	297	0	0
SNRNP40__P1P2	8	0.0041776	1.4839e-05	6.8e-05	192	6	-1.373	0.99133	0.99969	1.0	817	0	0
PTBP1__P1P2	8	0.0042529	1.4839e-05	6.8e-05	193	6	-1.2339	0.99094	0.99963	1.0	815	0	0
MAGOHB__P1P2	8	0.0043129	1.4839e-05	6.8e-05	194	4	-2.7943	0.37966	0.038011	0.192433	184	1	0.43533
SLC25A33__P1P2	8	0.0043592	1.4839e-05	6.8e-05	195	6	-0.90984	0.9996	1.0	1.0	889	0	0
MBIP__P1P2	8	0.0043894	1.4839e-05	6.8e-05	196	3	-2.8453	0.60138	0.30977	0.883022	336	0	0
TIMM10__P1P2	8	0.0044577	1.4839e-05	6.8e-05	197	6	-1.4614	0.99523	0.99997	1.0	831	0	0
CMC2__P1P2	8	0.0045024	1.4839e-05	6.8e-05	198	5	-2.4339	0.37749	0.038002	0.192433	183	1	0.39221
POLG__P1P2	8	0.0045579	1.4839e-05	6.8e-05	199	6	-1.5932	0.7567	0.65492	1.0	481	0	0
RAD51AP1__P1P2	8	0.0045883	1.4839e-05	6.8e-05	200	6	-0.83259	0.97422	0.99544	1.0	765	0	0
PKMYT1__P1P2	8	0.0046394	1.4839e-05	6.8e-05	201	6	-1.4318	0.99719	0.99999	1.0	849	0	0
PFDN4__P1P2	8	0.0047392	1.4839e-05	6.8e-05	202	6	-2.0156	0.41206	0.056985	0.276947	199	1	0.43204
TLN1__P1P2	8	0.0048587	1.4839e-05	6.8e-05	203	6	-0.72932	0.35702	0.034193	0.185727	177	1	0.46161
DDA1__P1P2	8	0.0049173	1.4839e-05	6.8e-05	204	5	-1.4147	0.92737	0.96142	1.0	669	0	0
SF1__P1P2	8	0.0050641	1.4839e-05	6.8e-05	205	6	-0.98174	0.9988	1.0	1.0	870	0	0
KAT5__P1P2	8	0.0050819	1.4839e-05	6.8e-05	206	5	-2.1063	0.46484	0.10331	0.43098	232	1	0.32878
PTK2__P1P2	8	0.0051193	1.4839e-05	6.8e-05	207	6	-1.185	0.99842	1.0	1.0	862	0	0
RAD1__P1P2	8	0.0051304	1.4839e-05	6.8e-05	208	6	-1.3072	0.96491	0.99185	1.0	747	0	0
DCLRE1B__P1P2	8	0.0052764	1.4839e-05	6.8e-05	209	6	-1.3635	0.98591	0.9989	1.0	794	0	0
IPO5__P1P2	8	0.0053909	1.4839e-05	6.8e-05	210	6	-1.502	0.89188	0.91611	1.0	632	0	0
UNC45A__P1	8	0.0054819	2.4731e-05	0.000107	211	6	-1.7073	0.90365	0.93178	1.0	647	0	0
WEE1__P1P2	8	0.0055261	2.4731e-05	0.000107	212	5	-2.3417	0.91506	0.94852	1.0	659	0	0
NXT1__P1P2	8	0.0055308	2.4731e-05	0.000107	213	6	-0.98332	0.96316	0.99063	1.0	740	0	0
RANBP2__109335729	8	0.0056737	2.4731e-05	0.000107	214	6	-1.6858	0.76566	0.68143	1.0	489	0	0
USP42__P1P2	8	0.0059932	2.4731e-05	0.000107	215	6	-0.95455	0.99859	1.0	1.0	865	0	0
HAX1__P1P2	8	0.0060242	2.4731e-05	0.000107	216	5	-1.8583	0.96402	0.99125	1.0	743	0	0
RNF168__P1P2	8	0.0060932	2.4731e-05	0.000107	217	5	-1.6512	0.93361	0.96885	1.0	682	0	0
APEX2__P1P2	8	0.0062097	2.4731e-05	0.000107	218	6	-0.95913	0.98022	0.99772	1.0	785	0	0
CCDC137__P1P2	8	0.0062875	2.4731e-05	0.000107	219	6	-1.7766	0.99064	0.99962	1.0	812	0	0
PNKP__P1P2	8	0.0066358	2.4731e-05	0.000107	220	5	-1.5548	0.76889	0.68908	1.0	491	0	0
TBCC__P1P2	8	0.0067021	2.4731e-05	0.000107	221	6	-1.2251	0.85381	0.85284	1.0	584	0	0
CWC25__P1P2	8	0.0067158	2.4731e-05	0.000107	222	6	-1.0886	0.99929	1.0	1.0	881	0	0
EIF3F__P1P2	11	0.0067895	4.9462e-06	2.5e-05	223	6	-2.1086	0.93708	0.94334	1.0	684	0	0
SPECC1L__P1P2	8	0.0068543	2.4731e-05	0.000107	224	6	-0.84178	0.99963	1.0	1.0	890	0	0
CHAF1A__P1P2	8	0.0070699	3.4623e-05	0.000145	225	5	-1.7323	0.94331	0.97746	1.0	694	0	0
AP1G1__P1P2	8	0.0070948	3.4623e-05	0.000145	226	6	-0.71568	0.99684	0.99999	1.0	845	0	0
UQCRC2__P1P2	11	0.007125	4.9462e-06	2.5e-05	227	7	-1.5268	0.95592	0.96978	1.0	718	0	0
HEXIM1__P1P2	8	0.0072394	3.4623e-05	0.000145	228	6	-0.71236	0.98703	0.99913	1.0	798	0	0
OGFR__P1P2	8	0.0072979	3.4623e-05	0.000145	229	6	-0.61692	0.92885	0.96314	1.0	673	0	0
TERF1__P1P2	8	0.007733	3.4623e-05	0.000145	230	6	-0.95217	0.99992	1.0	1.0	913	0	0
KANSL1__P1P2	8	0.0077696	3.4623e-05	0.000145	231	5	-1.0911	0.9993	1.0	1.0	882	0	0
NUFIP1__P1P2	8	0.0080204	3.4623e-05	0.000145	232	5	-1.4104	0.9999	1.0	1.0	911	0	0
RPS8__P1P2	8	0.0082174	4.4516e-05	0.000183	233	5	-2.0867	0.91917	0.95168	1.0	663	0	0
DR1__P1P2	8	0.0084782	4.4516e-05	0.000183	234	4	-1.9693	0.97166	0.99451	1.0	762	0	0
FECH__P1P2	8	0.008914	4.4516e-05	0.000183	235	5	-1.1951	0.66126	0.45257	1.0	386	0	0
DDX10__P1P2	8	0.0090091	4.4516e-05	0.000183	236	5	-2.9299	0.87677	0.89227	1.0	612	0	0
PSPH__P2	8	0.011855	7.4193e-05	0.000267	237	5	-1.4099	0.97998	0.9977	1.0	783	0	0
CSK__P1P2	8	0.012331	7.4193e-05	0.000267	238	5	-1.0751	0.9003	0.92696	1.0	642	0	0
ACTR5__P1P2	8	0.014107	7.4193e-05	0.000267	239	5	-1.2366	0.9044	0.93275	1.0	649	0	0
ASUN__P1P2	8	0.014355	7.4193e-05	0.000267	240	2	-3.501	0.89058	0.91452	1.0	629	0	0
C1QTNF9B-AS1__P1P2	8	0.014495	7.4193e-05	0.000267	241	5	-1.4453	0.94522	0.97893	1.0	695	0	0
NAA15__P1P2	8	0.014647	7.4193e-05	0.000267	242	5	-1.3121	0.66445	0.45763	1.0	392	0	0
HMGCR__P1P2	8	0.014769	7.4193e-05	0.000267	243	5	-1.5677	0.98929	0.99942	1.0	808	0	0
SLTM__P1P2	8	0.015046	7.4193e-05	0.000267	244	5	-0.9636	0.75357	0.65196	1.0	478	0	0
DYNC1LI1__P1P2	8	0.015139	7.4193e-05	0.000267	245	5	-1.4047	0.55283	0.24125	0.786897	294	0	0
ELOF1__P1P2	8	0.01517	7.4193e-05	0.000267	246	4	-1.7997	0.60615	0.31637	0.893937	340	0	0
BRPF1__P1P2	8	0.016358	7.4193e-05	0.000267	247	4	-1.8205	0.9333	0.96845	1.0	680	0	0
NAA30__P1P2	8	0.016556	7.4193e-05	0.000267	248	5	-1.2336	0.96971	0.99406	1.0	758	0	0
SREK1IP1__P1P2	8	0.016689	7.4193e-05	0.000267	249	5	-1.1058	0.57946	0.27746	0.834583	313	0	0
ENY2__P1P2	8	0.016927	7.4193e-05	0.000267	250	3	-1.9015	0.64258	0.40914	1.0	371	0	0
RRNAD1__P1P2	8	0.016958	7.4193e-05	0.000267	251	5	-1.5581	0.99452	0.99995	1.0	828	0	0
GOLGA7__P1P2	8	0.01723	7.4193e-05	0.000267	252	5	-1.1547	0.88535	0.90581	1.0	623	0	0
HAUS8__P1P2	8	0.017437	7.4193e-05	0.000267	253	5	-1.4259	0.4677	0.10752	0.442817	235	1	0.33531
EXOSC1__P1P2	8	0.018424	7.4193e-05	0.000267	254	3	-2.2087	0.75284	0.65195	1.0	477	0	0
KPNA2__P1P2	8	0.018712	7.4193e-05	0.000267	255	5	-1.107	0.79396	0.73466	1.0	513	0	0
MOSPD2__P1P2	8	0.021262	7.4193e-05	0.000267	256	5	-1.4391	0.98709	0.99914	1.0	799	0	0
RPS4Y1__P1P2	8	0.021663	7.4193e-05	0.000267	257	5	-0.80712	0.99977	1.0	1.0	895	0	0
WDR18__P1P2	8	0.021856	7.4193e-05	0.000267	258	5	-1.4508	0.87396	0.88756	1.0	610	0	0
UBE2L3__P1P2	8	0.022275	7.4193e-05	0.000267	259	5	-1.2655	0.58446	0.28076	0.834583	319	0	0
AKAP3__P1	8	0.022689	7.4193e-05	0.000267	260	5	-1.3779	0.82949	0.81067	1.0	557	0	0
ISY1__P1P2	8	0.022855	7.4193e-05	0.000267	261	4	-1.5078	0.6499	0.4369	1.0	375	0	0
FAM69B__P1P2	8	0.023499	7.4193e-05	0.000267	262	4	-1.6234	0.7732	0.69682	1.0	495	0	0
LSR__P1P2	8	0.023772	7.4193e-05	0.000267	263	4	-1.7891	0.5744	0.27086	0.834583	309	0	0
CMC1__P1P2	8	0.02414	7.4193e-05	0.000267	264	5	-0.7325	0.99733	0.99999	1.0	852	0	0
PSMG3__P2	8	0.024218	7.4193e-05	0.000267	265	4	-1.8062	0.95508	0.98589	1.0	716	0	0
PSPC1__P1P2	8	0.024491	7.4193e-05	0.000267	266	5	-0.92856	0.9901	0.99952	1.0	811	0	0
KDM5A__P1P2	8	0.024712	7.4193e-05	0.000267	267	5	-0.95419	0.84058	0.82675	1.0	567	0	0
VPS51__P1P2	8	0.02522	7.4193e-05	0.000267	268	5	-1.3352	0.92836	0.96291	1.0	671	0	0
PRKRIR__P1P2	8	0.026207	7.4193e-05	0.000267	269	5	-1.5599	0.77433	0.69962	1.0	496	0	0
RPL29__P1P2	8	0.027049	8.4085e-05	0.000267	270	5	-0.97303	0.8856	0.90582	1.0	624	0	0
TMEM68__P1P2	8	0.027862	8.4085e-05	0.000267	271	5	-1.3417	0.99672	0.99999	1.0	844	0	0
BRAP__P1P2	8	0.028055	8.4085e-05	0.000267	272	5	-1.2686	0.95307	0.98421	1.0	710	0	0
DET1__P1P2	8	0.028691	8.4085e-05	0.000267	273	5	-1.0378	0.98228	0.99826	1.0	786	0	0
C19orf70__P1P2	8	0.02884	8.4085e-05	0.000267	274	5	-0.66082	0.9973	0.99999	1.0	851	0	0
COPE__P1P2	8	0.028914	8.4085e-05	0.000267	275	3	-1.9066	0.78163	0.71456	1.0	501	0	0
SMARCC1__P1P2	8	0.029238	8.4085e-05	0.000267	276	5	-0.85533	0.65966	0.45011	1.0	385	0	0
RPL28__P1P2	8	0.029279	8.4085e-05	0.000267	277	4	-2.0953	0.93205	0.96669	1.0	677	0	0
EIF4A1__P1P2	8	0.029342	8.4085e-05	0.000267	278	4	-1.3537	0.11473	0.0082948	0.056778	142	1	1.1709
CENPO__P1P2	8	0.029443	8.4085e-05	0.000267	279	3	-1.6101	0.87729	0.89228	1.0	614	0	0
USMG5__P1P2	8	0.02962	8.4085e-05	0.000267	280	3	-1.8899	0.92653	0.96068	1.0	667	0	0
PPP6R3__P1P2	8	0.029791	8.4085e-05	0.000267	281	5	-1.3111	0.99984	1.0	1.0	903	0	0
ATPAF2__P1P2	8	0.030045	8.4085e-05	0.000267	282	5	-1.3531	0.6223	0.35879	0.963411	355	0	0
NSDHL__P1P2	8	0.030816	8.4085e-05	0.000267	283	5	-1.6576	0.89718	0.92183	1.0	639	0	0
SUGP1__P1P2	8	0.031344	8.4085e-05	0.000267	284	4	-2.0341	0.72454	0.58546	1.0	455	0	0
FDXR__P1P2	11	0.031497	0.00015333	0.000479	285	6	-1.4762	0.81775	0.68052	1.0	547	0	0
SETDB1__P1P2	8	0.03159	8.4085e-05	0.000267	286	5	-1.3355	0.97608	0.99608	1.0	773	0	0
FAM178A__P1P2	8	0.031973	8.4085e-05	0.000267	287	5	-1.1976	0.48365	0.13413	0.527815	244	0	0
ASXL2__P1P2	8	0.033378	8.4085e-05	0.000267	288	5	-1.0605	0.58293	0.28076	0.834583	318	0	0
TSSC1__P1P2	8	0.033543	8.4085e-05	0.000267	289	5	-0.65873	0.88473	0.90513	1.0	621	0	0
TOP1__P1P2	8	0.03374	8.4085e-05	0.000267	290	5	-1.4165	0.54211	0.2273	0.761887	287	0	0
SUB1__P1	8	0.03393	8.4085e-05	0.000267	291	5	-1.2277	0.95116	0.98301	1.0	704	0	0
USF1__P1P2	8	0.03477	8.4085e-05	0.000267	292	5	-0.64923	0.93276	0.9678	1.0	678	0	0
C14orf169__P1P2	8	0.034827	8.4085e-05	0.000267	293	5	-0.66001	0.99927	1.0	1.0	879	0	0
TATDN2__P1P2	8	0.035338	8.4085e-05	0.000267	294	5	-0.89496	0.99922	1.0	1.0	878	0	0
TFAP4__P1P2	8	0.036144	8.4085e-05	0.000267	295	5	-0.72484	0.80646	0.76419	1.0	530	0	0
PPP2R1A__P1	8	0.036949	8.4085e-05	0.000267	296	3	-1.9962	0.59953	0.30662	0.883022	334	0	0
DDX31__P1P2	8	0.036963	8.4085e-05	0.000267	297	5	-1.4811	0.96888	0.9939	1.0	755	0	0
RNF2__P1P2	8	0.037496	8.4085e-05	0.000267	298	5	-0.65896	0.98957	0.99943	1.0	809	0	0
DNAJC3__P1P2	8	0.038336	8.4085e-05	0.000267	299	5	-1.238	0.99843	1.0	1.0	863	0	0
XPO5__P1P2	8	0.038517	8.4085e-05	0.000267	300	5	-1.1292	0.98243	0.99827	1.0	787	0	0
ERCC1__P1P2	8	0.038883	8.4085e-05	0.000267	301	5	-1.1632	0.8585	0.86123	1.0	592	0	0
CENPL__P1P2	8	0.03993	8.4085e-05	0.000267	302	5	-1.5899	0.71752	0.57731	1.0	447	0	0
GLYR1__P1P2	8	0.040242	8.4085e-05	0.000267	303	5	-0.67189	0.97569	0.99601	1.0	770	0	0
AP1B1__P1P2	8	0.040493	8.4085e-05	0.000267	304	5	-1.1401	0.99959	1.0	1.0	888	0	0
MGEA5__P1P2	8	0.041061	8.4085e-05	0.000267	305	5	-1.1183	0.95347	0.98441	1.0	711	0	0
ANP32B__P1P2	8	0.041621	8.4085e-05	0.000267	306	3	-2.0714	0.98293	0.99841	1.0	788	0	0
SUPT4H1__P1P2	8	0.041703	8.4085e-05	0.000267	307	4	-2.2089	0.72879	0.59554	1.0	456	0	0
TACC3__P1	8	0.044776	0.00010387	0.000329	308	4	-2.5912	0.4586	0.099621	0.421008	229	1	0.38646
FAM216A__P1P2	8	0.051203	0.00012365	0.000388	309	3	-1.9689	0.59469	0.29665	0.863326	330	0	0
UFL1__P1P2	8	0.052964	0.00012365	0.000388	310	4	-1.5958	0.78293	0.71457	1.0	502	0	0
C19orf53__P1P2	8	0.056026	0.00012365	0.000388	311	4	-1.5989	0.8579	0.86034	1.0	591	0	0
MAPRE1__P1P2	8	0.056975	0.00017312	0.000538	312	4	-1.4771	0.50143	0.15989	0.593163	258	0	0
SF3A2__P2	8	0.058611	0.00018301	0.000552	313	4	-1.2236	0.72958	0.59555	1.0	458	0	0
FZR1__P1P2	8	0.059	0.00018301	0.000552	314	4	-1.449	0.65448	0.44245	1.0	379	0	0
PFDN5__P1P2	8	0.061767	0.00018301	0.000552	315	4	-0.97315	0.79499	0.73734	1.0	515	0	0
PLEKHA5__P1P2	8	0.062995	0.00018301	0.000552	316	2	-2.2486	0.84724	0.83978	1.0	577	0	0
MED15__P1	8	0.063802	0.00018301	0.000552	317	3	-1.9404	0.67075	0.46819	1.0	401	0	0
HMBS__P1	8	0.063893	0.00018301	0.000552	318	4	-1.2172	0.006773	1.4839e-05	0.000153	94	3	0.52268
RBX1__P1P2	8	0.065571	0.00018301	0.000552	319	3	-2.0299	0.077741	0.0048918	0.036934	125	2	0.48715
UBA2__P1P2	8	0.066376	0.00018301	0.000552	320	4	-1.5279	0.92828	0.96291	1.0	670	0	0
PABPC4__P1P2	8	0.066691	0.00018301	0.000552	321	4	-1.6484	0.97874	0.9973	1.0	779	0	0
CD22__P1P2	11	0.068698	0.00017312	0.000538	322	1	-3.9644	0.70068	0.36527	0.96742	427	0	0
TRAPPC2L__P1P2	8	0.069561	0.0001929	0.000572	323	4	-0.95225	0.96928	0.99396	1.0	757	0	0
RRP8__P1P2	8	0.069884	0.0001929	0.000572	324	4	-1.2314	0.67602	0.48045	1.0	404	0	0
HSPA14__P1P2	8	0.071313	0.0001929	0.000572	325	4	-1.3868	0.89582	0.92136	1.0	637	0	0
ARRDC4__P1P2	8	0.07694	0.0001929	0.000572	326	1	-3.8587	0.85939	0.86267	1.0	594	0	0
KDSR__P1P2	8	0.077569	0.0001929	0.000572	327	4	-1.0251	0.9543	0.98515	1.0	712	0	0
HNRNPA2B1__P1P2	8	0.077799	0.0001929	0.000572	328	4	-0.96318	0.71588	0.57521	1.0	442	0	0
GMEB1__P1P2	8	0.079886	0.00031161	0.000915	329	4	-0.80921	0.86847	0.87882	1.0	603	0	0
HSPA4__P1P2	8	0.080014	0.00031161	0.000915	330	1	-4.6457	0.59506	0.29666	0.863326	331	0	0
ESYT2__P1P2	8	0.080781	0.00031161	0.000915	331	1	-3.867	0.072343	0.00065784	0.005157	123	2	0.55125
CSNK1A1__P1P2	8	0.084005	0.0003215	0.00093	332	3	-1.7301	0.9474	0.98115	1.0	698	0	0
IRX1__P1P2	8	0.085229	0.0003215	0.00093	333	2	-2.2962	0.83263	0.81374	1.0	559	0	0
IMMT__P1P2	8	0.085475	0.0003215	0.00093	334	3	-1.9407	0.68092	0.48765	1.0	410	0	0
CDC42EP5__P1P2	8	0.089038	0.0003215	0.00093	335	3	-1.8032	0.60798	0.31953	0.895076	342	0	0
PPP6C__P1P2	8	0.089054	0.0003215	0.00093	336	4	-0.86375	0.83975	0.82568	1.0	564	0	0
RAB1A__P1P2	8	0.089428	0.00033139	0.00095	337	4	-1.2926	0.94632	0.98024	1.0	696	0	0
DOCK1__P1P2	8	0.089677	0.00033139	0.00095	338	4	-0.96301	0.99263	0.9998	1.0	823	0	0
SNF8__P1P2	8	0.09068	0.00033139	0.00095	339	4	-1.3642	0.93031	0.96448	1.0	674	0	0
SERBP1__P1P2	8	0.09424	0.0042686	0.011721	340	4	-1.5674	0.65121	0.43981	1.0	377	0	0
SMN1__70220656	8	0.094494	0.0042686	0.011721	341	3	-2.1032	0.71643	0.57522	1.0	444	0	0
UFM1__P1P2	8	0.095046	0.0042686	0.011721	342	3	-1.4048	0.8005	0.75321	1.0	519	0	0
ARF1__P1P2	8	0.095142	0.0042686	0.011721	343	4	-0.88429	0.28839	0.018553	0.107986	167	1	0.64216
UBE2D3__P1P2	8	0.09553	0.0042686	0.011721	344	4	-1.3518	0.99607	0.99998	1.0	837	0	0
FOXK2__P1P2	8	0.09683	0.0042686	0.011721	345	4	-0.8354	0.63718	0.39226	1.0	366	0	0
HUWE1__P1P2	8	0.09787	0.0042785	0.011721	346	4	-1.3554	0.96469	0.99174	1.0	745	0	0
GET4__P1P2	8	0.099992	0.0042785	0.011721	347	4	-1.3016	0.99915	1.0	1.0	876	0	0
SAMD1__P1P2	8	0.10128	0.0042785	0.011721	348	2	-2.4323	0.097024	0.0059799	0.043377	133	2	0.43526
XPC__P1	8	0.10141	0.0042785	0.011721	349	3	-2.2948	0.84467	0.83369	1.0	574	0	0
PRR14L__P1P2	8	0.10402	0.0043576	0.011721	350	4	-1.0116	0.86291	0.86977	1.0	596	0	0
NUDT22__P1P2	8	0.10649	0.0043675	0.011721	351	4	-1.1563	0.97769	0.99697	1.0	777	0	0
CSTF2__P1P2	8	0.10787	0.0043675	0.011721	352	4	-0.64764	0.95453	0.98536	1.0	714	0	0
ING1__P1	8	0.10815	0.0043675	0.011721	353	4	-0.91612	0.82613	0.80333	1.0	554	0	0
NPDC1__P1P2	8	0.10828	0.0043675	0.011721	354	4	-1.1034	0.68122	0.48765	1.0	411	0	0
ACAD11__P1P2	8	0.10884	0.0043675	0.011721	355	4	-0.86594	0.65611	0.44478	1.0	381	0	0
ARHGAP11B__30918117	8	0.11324	0.0043675	0.011721	356	2	-1.5813	0.94243	0.97653	1.0	692	0	0
PDS5A__P1P2	8	0.1168	0.0043774	0.011721	357	4	-0.8922	0.96784	0.99346	1.0	752	0	0
RBM47__P1P2	8	0.11695	0.0043774	0.011721	358	1	-4.2638	0.00020963	4.9462e-06	5.2e-05	66	4	0.71414
NFYB__P1P2	8	0.11843	0.0043774	0.011721	359	3	-1.5788	0.85473	0.85451	1.0	585	0	0
RPL9__P1P2	8	0.11855	0.0043774	0.011721	360	4	-1.6907	0.97144	0.99449	1.0	760	0	0
ZFAT__P1	8	0.12252	0.0043774	0.011721	361	4	-1.0304	0.52301	0.19563	0.679104	277	0	0
COPS8__237994319	8	0.12277	0.0043774	0.011721	362	3	-1.8636	0.51255	0.17814	0.631966	269	0	0
AEN__P1P2	8	0.12357	0.0043774	0.011721	363	4	-0.68205	0.85319	0.85126	1.0	583	0	0
SFPQ__P1P2	8	0.12447	0.0087201	0.022872	364	4	-0.6418	0.58023	0.27746	0.834583	315	0	0
LCOR__P1P2	8	0.12726	0.0087201	0.022872	365	3	-1.3447	0.4878	0.14145	0.547751	248	0	0
GPR89B__147400326	8	0.12873	0.0087201	0.022872	366	1	-3.4635	0.58254	0.28076	0.834583	317	0	0
NDE1__P1	8	0.12916	0.0087201	0.022872	367	3	-1.8051	0.79292	0.73316	1.0	510	0	0
TAF3__P1P2	8	0.13379	0.00873	0.022872	368	4	-0.8454	0.59168	0.29015	0.854618	328	0	0
SOS1__P1P2	8	0.13708	0.00873	0.022872	369	4	-0.54139	0.14398	0.014952	0.095054	150	1	0.93338
FERMT1__P1P2	8	0.13998	0.00873	0.022872	370	3	-1.5274	0.9267	0.96094	1.0	668	0	0
VPS26A__P1P2	8	0.14026	0.00873	0.022872	371	4	-1.1953	0.99228	0.99978	1.0	820	0	0
MANSC1__P1P2	8	0.14174	0.012647	0.030295	372	2	-2.9955	0.82433	0.79877	1.0	552	0	0
ACLY__P1P2	8	0.14215	0.012647	0.030295	373	4	-1.0305	0.14326	0.014952	0.095054	149	1	1.0454
ARL14EP__P1P2	8	0.14251	0.012647	0.030295	374	4	-0.56536	0.99909	1.0	1.0	874	0	0
UBE2O__P1P2	8	0.14267	0.012647	0.030295	375	4	-0.58845	0.67756	0.48263	1.0	406	0	0
NOSIP__P1P2	8	0.14412	0.012657	0.030295	376	4	-0.58696	0.99491	0.99996	1.0	829	0	0
MNT__P1P2	8	0.14444	0.012657	0.030295	377	4	-0.80922	0.99071	0.99963	1.0	813	0	0
SNAI1__P1P2	8	0.1482	0.012667	0.030295	378	4	-0.7591	0.99922	1.0	1.0	877	0	0
PHC1__P1P2	8	0.14968	0.012677	0.030295	379	4	-1.0615	0.9521	0.98382	1.0	708	0	0
SAP30BP__P1P2	8	0.15034	0.012677	0.030295	380	4	-0.6304	0.4058	0.045282	0.223423	196	1	0.45593
RAC1__P1P2	8	0.15301	0.012687	0.030295	381	3	-1.3627	0.68962	0.51171	1.0	418	0	0
XKR8__P1P2	8	0.15334	0.012687	0.030295	382	4	-0.5105	0.8665	0.87654	1.0	599	0	0
PPP2R5E__P1P2	8	0.15417	0.012697	0.030295	383	4	-1.1152	0.9998	1.0	1.0	900	0	0
FGD1__P1P2	8	0.15653	0.012697	0.030295	384	4	-0.72061	0.96307	0.99062	1.0	739	0	0
CORO1A__30194716	8	0.15721	0.012697	0.030295	385	4	-1.1255	0.9608	0.98911	1.0	731	0	0
SRCAP__P1P2	8	0.15924	0.012707	0.030295	386	4	-0.87857	0.9568	0.98719	1.0	721	0	0
TRIM24__P1P2	8	0.16027	0.012707	0.030295	387	4	-0.89661	0.99977	1.0	1.0	897	0	0
DOT1L__P1P2	8	0.16095	0.012707	0.030295	388	4	-0.68243	0.19655	0.018543	0.107986	157	1	0.75158
ATP6AP2__P1P2	8	0.16281	0.012707	0.030295	389	3	-1.6944	0.88347	0.90355	1.0	619	0	0
GRWD1__P1P2	8	0.17118	0.012707	0.030295	390	3	-1.3044	0.84692	0.83978	1.0	576	0	0
CD99L2__P1P2	8	0.17168	0.012707	0.030295	391	2	-2.5017	0.97361	0.99515	1.0	764	0	0
STX7__P1P2	8	0.1727	0.012707	0.030295	392	3	-1.5151	0.89808	0.92363	1.0	640	0	0
ISCA1__P1P2	8	0.17447	0.012717	0.030295	393	1	-2.1848	0.034228	0.00029182	0.002651	106	2	0.80382
DEGS1__P1P2	8	0.18487	0.012717	0.030295	394	2	-2.3532	0.077029	0.00065784	0.005157	124	2	0.43684
MEX3A__P1P2	8	0.19164	0.012845	0.030295	395	3	-2.0307	0.99949	1.0	1.0	887	0	0
MRGBP__P1P2	8	0.19225	0.012845	0.030295	396	3	-1.6822	0.067764	0.00064795	0.005157	118	2	0.51428
CTIF__P1P2	8	0.19548	0.012855	0.030295	397	3	-1.335	0.59093	0.29014	0.854618	327	0	0
PLEKHH2__P1P2	8	0.19597	0.012855	0.030295	398	2	-1.881	0.91871	0.95135	1.0	662	0	0
GNG4__P1P2	8	0.1984	0.012875	0.030295	399	3	-1.4909	0.36205	0.038002	0.192433	180	1	0.47309
DHH__P1P2	8	0.20063	0.012885	0.030295	400	2	-2.318	0.51387	0.17815	0.631966	270	0	0
SREBF1__P1	8	0.20266	0.012885	0.030295	401	2	-1.4636	0.97755	0.99692	1.0	775	0	0
PIP4K2C__P1P2	8	0.20782	0.012895	0.030295	402	3	-1.6782	0.57087	0.26753	0.834583	305	0	0
HIGD2A__P1P2	8	0.21116	0.012895	0.030295	403	3	-1.0942	0.95524	0.9859	1.0	717	0	0
SIN3B__P1P2	8	0.21277	0.012895	0.030295	404	3	-0.88507	0.95027	0.98285	1.0	703	0	0
SRSF6__P1	8	0.21416	0.012895	0.030295	405	3	-1.0805	0.86833	0.87882	1.0	602	0	0
REC8__P1P2	8	0.21442	0.012895	0.030295	406	2	-2.1052	0.81436	0.78272	1.0	540	0	0
SPIN1__P1P2	8	0.21477	0.012895	0.030295	407	2	-2.8534	0.10824	0.0079584	0.056464	136	2	0.40086
C19orf43__P1P2	8	0.21877	0.012895	0.030295	408	1	-3.6949	0.60359	0.30978	0.883022	338	0	0
OPRD1__P1P2	8	0.23347	0.012905	0.030295	409	2	-1.796	0.97206	0.99468	1.0	763	0	0
IFT88__P1P2	8	0.23589	0.012905	0.030295	410	1	-2.6054	0.39632	0.038011	0.192433	192	1	0.3981
PRC1__P1P2	8	0.23625	0.012914	0.030295	411	3	-1.1237	0.5059	0.16709	0.610559	263	0	0
CTXN1__P1P2	8	0.2372	0.012914	0.030295	412	2	-1.9528	0.60907	0.31954	0.895076	344	0	0
TMEM86A__P1P2	8	0.23827	0.012914	0.030295	413	3	-2.0906	0.85579	0.85761	1.0	586	0	0
FAM83H__P1P2	8	0.24538	0.012914	0.030295	414	3	-1.0925	0.97475	0.9956	1.0	769	0	0
EHBP1__P1P2	8	0.24707	0.012994	0.030295	415	3	-0.84359	0.98894	0.99938	1.0	806	0	0
CCDC94__P1P2	8	0.25752	0.013023	0.030295	416	3	-1.0693	0.68	0.48764	1.0	409	0	0
CYFIP2__P1P2	8	0.25948	0.013162	0.030295	417	3	-1.0519	0.81417	0.78272	1.0	539	0	0
C7orf49__P1P2	8	0.26588	0.01331	0.030295	418	3	-1.7763	0.9367	0.97178	1.0	683	0	0
COG6__P1P2	8	0.2673	0.01331	0.030295	419	3	-1.4661	0.0038803	4.9462e-06	5.2e-05	89	3	0.61562
PCGF2__P1	8	0.26983	0.01331	0.030295	420	3	-0.71536	0.99654	0.99999	1.0	842	0	0
TMEM258__P1P2	8	0.27033	0.01332	0.030295	421	3	-0.95638	0.80489	0.76174	1.0	528	0	0
SUPT3H__P1P2	8	0.27182	0.01332	0.030295	422	3	-0.76148	0.84124	0.82743	1.0	569	0	0
LRP6__P1P2	8	0.2751	0.01332	0.030295	423	2	-1.9225	0.12946	0.014952	0.095054	146	1	1.0558
SLC38A10__P1P2	8	0.27852	0.01332	0.030295	424	1	-2.8051	0.92231	0.95492	1.0	665	0	0
SMG7__P1P2	8	0.28906	0.01334	0.030295	425	3	-0.96683	0.56811	0.26752	0.834583	302	0	0
TSPYL1__P1P2	8	0.29108	0.01334	0.030295	426	3	-1.1243	0.9931	0.99983	1.0	824	0	0
SNRK__P1P2	8	0.29284	0.01334	0.030295	427	3	-1.01	0.58828	0.28077	0.834583	325	0	0
PLOD3__P1P2	8	0.29467	0.01334	0.030295	428	2	-1.4244	0.8033	0.75831	1.0	525	0	0
TGDS__P1P2	8	0.30116	0.017425	0.038734	429	1	-3.4208	0.50857	0.17096	0.613238	265	0	0
MTF1__P1P2	8	0.30858	0.017534	0.038734	430	3	-0.76533	0.78032	0.71156	1.0	500	0	0
PGPEP1__P1P2	8	0.30873	0.017534	0.038734	431	2	-2.3424	0.79375	0.73465	1.0	512	0	0
ACTA2__P2	8	0.30956	0.017534	0.038734	432	1	-2.4668	0.64492	0.41761	1.0	374	0	0
RASAL2__P1P2	8	0.31254	0.017534	0.038734	433	2	-2.1519	0.001875	4.9462e-06	5.2e-05	87	4	0.48854
G0S2__P1P2	8	0.3161	0.017544	0.038734	434	2	-1.663	0.56093	0.25428	0.821157	299	0	0
ACADS__P1P2	8	0.31729	0.017544	0.038734	435	2	-1.7479	0.6695	0.46819	1.0	398	0	0
GOLGA7B__P1P2	8	0.31788	0.017544	0.038734	436	1	-2.9779	0.64392	0.41467	1.0	372	0	0
RYR3__P1P2	8	0.32082	0.017544	0.038734	437	2	-2.1607	0.64425	0.41468	1.0	373	0	0
MED24__P1P2	8	0.32088	0.017544	0.038734	438	3	-0.73555	0.58561	0.28077	0.834583	321	0	0
DCP1A__P1P2	8	0.32397	0.017544	0.038734	439	3	-0.63942	0.72984	0.59555	1.0	459	0	0
MSI1__P1P2	8	0.32669	0.017574	0.038734	440	2	-1.6572	0.99108	0.99964	1.0	816	0	0
BRD1__P1P2	8	0.32783	0.017574	0.038734	441	3	-0.75746	0.90608	0.93446	1.0	651	0	0
GDI2__P1	8	0.33999	0.021828	0.046584	442	3	-0.65108	0.97604	0.99607	1.0	772	0	0
VPS9D1__P1P2	8	0.34211	0.021837	0.046584	443	2	-1.3192	0.54252	0.22731	0.761887	288	0	0
RAI14__P1P2	8	0.34244	0.021837	0.046584	444	2	-1.9013	0.98868	0.99936	1.0	805	0	0
CCDC101__P1P2	8	0.3444	0.021837	0.046584	445	3	-0.80244	0.89616	0.92182	1.0	638	0	0
ZCCHC11__P1P2	8	0.34596	0.021857	0.046584	446	3	-0.66888	0.95447	0.98535	1.0	713	0	0
GART__P1P2	8	0.34702	0.022105	0.046584	447	2	-1.078	0.61769	0.34681	0.949607	350	0	0
CCDC130__P1	8	0.34882	0.022105	0.046584	448	3	-1.5065	0.84091	0.82743	1.0	568	0	0
MCM7__P1P2	8	0.34969	0.022105	0.046584	449	2	-1.8036	0.64123	0.40646	1.0	369	0	0
HNRNPLL__P1P2	8	0.35028	0.022105	0.046584	450	3	-1.4045	0.90041	0.92697	1.0	643	0	0
USF2__P1P2	8	0.35534	0.022134	0.046584	451	3	-0.68178	0.99503	0.99996	1.0	830	0	0
RPS11__P1P2	8	0.35821	0.022233	0.046584	452	3	-2.0631	0.96539	0.99211	1.0	749	0	0
FDX1__P1P2	8	0.35977	0.022243	0.046584	453	3	-0.70664	0.96021	0.98893	1.0	729	0	0
NDC1__P1P2	8	0.3603	0.022243	0.046584	454	3	-0.53629	0.9953	0.99997	1.0	833	0	0
RPUSD4__P1P2	8	0.36428	0.022243	0.046584	455	2	-1.3882	0.07188	0.00064795	0.005157	122	2	0.48177
CHEK2__P1P2	8	0.36526	0.022253	0.046584	456	3	-0.58743	1.7722e-06	4.9462e-06	5.2e-05	41	5	1.2468
SURF2__P1P2	11	0.36534	0.019216	0.042258	457	4	-0.65725	0.93321	0.93556	1.0	679	0	0
MAP3K7__P1P2	8	0.36594	0.022253	0.046584	458	1	-2.0378	0.0012929	4.9462e-06	5.2e-05	79	4	0.43502
SMARCA5__P1P2	8	0.3684	0.022253	0.046584	459	3	-0.66241	0.66887	0.46819	1.0	397	0	0
SRSF11__P2	8	0.37146	0.022283	0.046584	460	2	-1.4937	0.69783	0.53503	1.0	426	0	0
ARHGEF5__144052240	8	0.37207	0.022283	0.046584	461	3	-1.2744	0.66698	0.46818	1.0	393	0	0
CORO1B__67210174	8	0.37569	0.022332	0.046584	462	2	-1.9485	0.701	0.54614	1.0	428	0	0
GAL__P1P2	8	0.37601	0.022332	0.046584	463	2	-1.4948	0.057522	0.00046	0.003888	112	1	1.8252
PTRHD1__P1P2	8	0.3781	0.022342	0.046584	464	3	-0.78148	0.83991	0.82568	1.0	565	0	0
EMD__P1P2	8	0.37941	0.022372	0.046584	465	3	-0.78076	0.66286	0.45496	1.0	389	0	0
FUBP3__P1P2	8	0.37994	0.022372	0.046584	466	3	-1.6576	0.99621	0.99998	1.0	839	0	0
PYGO2__P1P2	8	0.38177	0.022381	0.046584	467	3	-0.44653	0.84288	0.82907	1.0	572	0	0
TPR__P1P2	8	0.38562	0.022629	0.046719	468	2	-1.1033	0.91676	0.9498	1.0	660	0	0
EIF4H__P1P2	8	0.38616	0.022629	0.046719	469	1	-2.6102	0.81662	0.78526	1.0	544	0	0
SPAG9__P1P2	8	0.3865	0.022629	0.046719	470	3	-1.2472	0.99928	1.0	1.0	880	0	0
ZSCAN10__P1P2	8	0.38676	0.022639	0.046719	471	3	-0.62702	0.99913	1.0	1.0	875	0	0
WNT7A__P1P2	8	0.39259	0.026803	0.054106	472	1	-2.7126	0.78681	0.72335	1.0	506	0	0
FAM203A__ENST00000347708.4	8	0.39517	0.026823	0.054106	473	3	-0.52867	0.84819	0.84255	1.0	578	0	0
GPX3__P1P2	8	0.39738	0.026892	0.054106	474	1	-2.5375	0.62335	0.35879	0.963411	357	0	0
CWC27__P1P2	8	0.39754	0.026892	0.054106	475	3	-0.53724	0.99786	1.0	1.0	857	0	0
GTDC1__P1P2	8	0.39807	0.026902	0.054106	476	3	-0.90137	0.8136	0.78039	1.0	538	0	0
TMSB10__P1P2	8	0.39949	0.026932	0.054106	477	1	-3.0882	0.58714	0.28077	0.834583	323	0	0
CNKSR3__P1P2	8	0.40348	0.026932	0.054106	478	2	-1.5185	0.96084	0.98912	1.0	732	0	0
ZNF444__P1P2	8	0.40412	0.026932	0.054106	479	2	-1.5362	0.46579	0.10751	0.442817	233	1	0.3021
RNPS1__P1P2	8	0.4083	0.026932	0.054106	480	2	-2.1536	0.49692	0.15253	0.576867	254	0	0
MYO9B__P1P2	8	0.41154	0.026942	0.054106	481	2	-1.7096	0.11386	0.0082948	0.056778	140	2	0.37151
ZNF236__P1P2	8	0.41246	0.026942	0.054106	482	2	-1.7078	0.45278	0.099611	0.421008	224	1	0.37011
IBA57__P1P2	8	0.41568	0.026942	0.054106	483	2	-1.2849	0.52128	0.18872	0.657482	276	0	0
PDIA4__P1P2	8	0.42082	0.027357	0.054828	484	1	-3.5579	0.47432	0.13036	0.519329	240	1	0.38133
CXorf56__P1P2	11	0.42089	0.025547	0.05261	485	2	-1.5765	2.1085e-05	4.9462e-06	5.2e-05	51	6	0.48651
HIVEP1__P1P2	8	0.4376	0.027812	0.055625	486	2	-1.3859	0.87028	0.88305	1.0	606	0	0
TRABD__P1	8	0.44048	0.032007	0.063751	487	1	-2.5025	0.95175	0.98373	1.0	706	0	0
ZBTB4__P1	8	0.44454	0.032007	0.063751	488	2	-1.3414	0.82361	0.79759	1.0	551	0	0
LOC730183__NM_001256932	8	0.4557	0.032264	0.064125	489	2	-1.558	0.66793	0.46818	1.0	396	0	0
ARAP3__P1P2	8	0.46051	0.032571	0.064125	490	2	-1.2569	0.69375	0.52852	1.0	420	0	0
FLII__18161284	8	0.46532	0.032749	0.064125	491	2	-1.8848	0.95475	0.98557	1.0	715	0	0
DSCR3__P1P2	8	0.46817	0.032759	0.064125	492	2	-1.377	0.70669	0.55449	1.0	432	0	0
SPEN__P1P2	8	0.47149	0.032759	0.064125	493	1	-1.6674	0.61591	0.3381	0.933607	349	0	0
GNPNAT1__P1P2	8	0.47243	0.032976	0.064125	494	1	-1.8777	0.96384	0.99124	1.0	741	0	0
CHRNA7__32322509	8	0.47507	0.032976	0.064125	495	2	-0.90253	0.75813	0.65672	1.0	483	0	0
RABL5__P1P2	8	0.47846	0.032976	0.064125	496	2	-1.518	0.77812	0.70742	1.0	498	0	0
PIH1D1__P1P2	8	0.48214	0.032986	0.064125	497	2	-1.1178	0.75089	0.64469	1.0	474	0	0
TMTC2__P1P2	8	0.48272	0.032986	0.064125	498	2	-1.2155	0.90193	0.92916	1.0	646	0	0
ADD1__P1P2	8	0.48596	0.032986	0.064125	499	1	-1.5701	0.7467	0.63378	1.0	472	0	0
TMEM110__P1P2	8	0.48734	0.032986	0.064125	500	1	-2.2165	0.57636	0.27086	0.834583	311	0	0
KLHL5__P1P2	11	0.49434	0.037279	0.069417	501	2	-1.1827	0.099092	0.0010832	0.008423	134	1	1.5009
FBXL14__P1P2	8	0.49738	0.033738	0.064625	502	2	-1.5645	0.91096	0.94219	1.0	655	0	0
SERPINB9__P1P2	8	0.50143	0.033738	0.064625	503	1	-1.8248	0.6087	0.31954	0.895076	343	0	0
STK3__P1P2	8	0.50492	0.033748	0.064625	504	2	-1.6564	0.86277	0.86977	1.0	595	0	0
MTCH2__P1P2	8	0.50501	0.033748	0.064625	505	2	-1.0333	0.9176	0.95081	1.0	661	0	0
ADAM18__P1P2	8	0.50724	0.033748	0.064625	506	1	-2.6705	0.83486	0.81754	1.0	561	0	0
HSPA13__P1P2	8	0.51451	0.034104	0.064625	507	2	-1.0032	0.72267	0.58333	1.0	453	0	0
HOXC4__ENST00000430889.2	8	0.52128	0.034114	0.064625	508	2	-1.3705	0.75138	0.64646	1.0	475	0	0
ZMYM4__P1P2	11	0.52181	0.037814	0.070277	509	3	-1.0066	0.96823	0.9838	1.0	753	0	0
TRIP6__P1P2	8	0.52774	0.03443	0.064625	510	1	-1.8425	0.0017104	4.9462e-06	5.2e-05	85	4	0.41827
RIC8A__P2	8	0.53073	0.03443	0.064625	511	1	-1.636	0.51474	0.17815	0.631966	271	0	0
ATP12A__P1P2	8	0.53313	0.03443	0.064625	512	2	-1.1874	0.70243	0.55034	1.0	429	0	0
CCDC64__ENST00000397558.2	8	0.53634	0.03443	0.064625	513	2	-1.0411	0.68213	0.49302	1.0	412	0	0
UFC1__P1P2	8	0.53925	0.03443	0.064625	514	2	-1.1841	0.9688	0.9939	1.0	754	0	0
MEAF6__P1P2	8	0.5396	0.03443	0.064625	515	2	-1.579	0.043895	0.00038086	0.003428	108	2	0.7464
HIF1AN__P1P2	8	0.54303	0.03444	0.064625	516	2	-0.84108	0.40842	0.052919	0.25848	197	1	0.39077
JPH3__P1P2	8	0.54336	0.03444	0.064625	517	1	-2.0702	0.59394	0.29345	0.859143	329	0	0
GNAI1__P1P2	8	0.54679	0.03444	0.064625	518	2	-1.1832	0.38292	0.038011	0.192433	187	1	0.37079
USP3__P1P2	8	0.54791	0.03444	0.064625	519	1	-2.1091	0.82826	0.80841	1.0	555	0	0
UBE2Q1__P1P2	8	0.55597	0.03444	0.064625	520	2	-1.0917	0.6673	0.46818	1.0	394	0	0
KIFAP3__P1P2	8	0.56053	0.035064	0.065434	521	1	-2.5299	0.09371	0.0058612	0.042835	131	2	0.41625
CNOT11__P1P2	8	0.56213	0.035064	0.065434	522	1	-1.9937	0.15757	0.014962	0.095054	151	1	0.94093
TM9SF3__P1P2	8	0.56613	0.035073	0.065434	523	1	-1.4737	0.00011003	4.9462e-06	5.2e-05	65	5	0.53881
STX4__P1P2	8	0.57182	0.039129	0.072583	524	2	-0.93641	0.73583	0.60565	1.0	465	0	0
SSR1__P1P2	8	0.5744	0.043027	0.078321	525	1	-2.0091	0.57519	0.27086	0.834583	310	0	0
FBXO28__P1P2	8	0.57519	0.043027	0.078321	526	1	-1.6909	0.00010785	4.9462e-06	5.2e-05	64	3	1.3392
HNRNPUL1__P1P2	11	0.57824	0.04366	0.078321	527	2	-1.0774	0.65451	0.29215	0.857904	380	0	0
AGPS__P1P2	8	0.59017	0.043334	0.078321	528	1	-1.4079	0.84008	0.82569	1.0	566	0	0
FAM115A__143579171	8	0.59055	0.043334	0.078321	529	1	-2.3228	0.77094	0.6923	1.0	493	0	0
PCDHGA12__P1P2	8	0.59093	0.043334	0.078321	530	1	-1.8421	0.623	0.35879	0.963411	356	0	0
TTBK2__P1P2	8	0.59393	0.043334	0.078321	531	2	-1.1654	0.69754	0.53502	1.0	425	0	0
TAF4__P1P2	8	0.59394	0.043334	0.078321	532	2	-1.2423	0.64224	0.40914	1.0	370	0	0
H2AFX__P1P2	8	0.5942	0.043334	0.078321	533	2	-0.67385	0.90408	0.93236	1.0	648	0	0
SCAF11__P1P2	8	0.59581	0.043343	0.078321	534	1	-2.1311	0.50323	0.16352	0.602036	260	0	0
DCAF4__P1P2	8	0.59962	0.043343	0.078321	535	2	-0.72492	0.96123	0.98948	1.0	735	0	0
CRLS1__P1P2	8	0.60528	0.043709	0.078321	536	2	-1.0554	0.29995	0.02256	0.127544	169	1	0.55306
ARHGEF18__P1P2	8	0.61484	0.044066	0.078321	537	1	-1.7777	0.96104	0.98937	1.0	734	0	0
STT3B__P1P2	8	0.61555	0.044066	0.078321	538	1	-1.6411	0.66222	0.45258	1.0	388	0	0
PTPRF__P1P2	8	0.61805	0.044066	0.078321	539	2	-1.1413	0.41979	0.060833	0.287038	205	1	0.36644
LAMC1__P1P2	8	0.62144	0.044066	0.078321	540	2	-0.92287	0.78617	0.72335	1.0	505	0	0
AGO2__141644983	8	0.62194	0.044066	0.078321	541	1	-1.7484	0.82252	0.79405	1.0	550	0	0
WDR86__P1P2	8	0.6223	0.044066	0.078321	542	1	-2.7519	0.51078	0.17097	0.613238	267	0	0
FAM107A__P1P2	8	0.63136	0.044075	0.078321	543	1	-1.352	0.13457	0.014952	0.095054	148	1	0.99256
AJUBA__P1P2	8	0.63239	0.044075	0.078321	544	1	-2.0106	0.11118	0.0082849	0.056778	138	2	0.44096
ARID1A__P1P2	8	0.63311	0.044075	0.078321	545	2	-0.51476	0.7322	0.59949	1.0	461	0	0
ZC3H7A__P1P2	8	0.63414	0.044075	0.078321	546	2	-1.0278	0.57284	0.27085	0.834583	308	0	0
NKRF__P1P2	8	0.63491	0.044075	0.078321	547	2	-0.55839	0.92844	0.96291	1.0	672	0	0
SENP2__P1P2	8	0.63798	0.048438	0.084849	548	2	-0.57424	0.97425	0.99544	1.0	766	0	0
KCTD3__P1P2	8	0.63989	0.048438	0.084849	549	1	-1.2524	0.60979	0.32268	0.90129	345	0	0
EAF1__P1P2	8	0.64381	0.048438	0.084849	550	2	-0.83786	0.98624	0.99899	1.0	796	0	0
ZNF532__P2	8	0.64592	0.048448	0.084849	551	1	-2.557	0.00099541	4.9462e-06	5.2e-05	73	4	0.59064
BCL2L13__P1P2	8	0.64608	0.048448	0.084849	552	2	-0.79911	0.6251	0.3588	0.963411	359	0	0
SPINT1__P1P2	8	0.64625	0.048448	0.084849	553	1	-1.9771	0.078217	0.0048918	0.036934	126	2	0.50306
ABCB10__P1P2	8	0.64758	0.048448	0.084849	554	1	-3.2701	0.69433	0.52853	1.0	421	0	0
TTLL10__P1	8	0.64934	0.048448	0.084849	555	2	-0.662	0.071419	0.00064795	0.005157	121	2	0.51785
IFT52__P1P2	8	0.65318	0.052385	0.09158	556	1	-1.0779	0.11521	0.008641	0.058327	143	2	0.41487
LTN1__P1P2	8	0.65606	0.05648	0.096546	557	2	-1.0895	0.95664	0.98711	1.0	720	0	0
ZNF710__P1P2	8	0.65729	0.05648	0.096546	558	2	-0.82584	0.96213	0.99007	1.0	737	0	0
FBXO8__P1	8	0.65754	0.05648	0.096546	559	2	-0.95685	0.384	0.038011	0.192433	188	1	0.38805
PCNXL3__P1P2	8	0.65976	0.05648	0.096546	560	2	-0.65847	0.79313	0.73316	1.0	511	0	0
FAF1__P1P2	8	0.66123	0.05649	0.096546	561	2	-0.74905	0.87234	0.88608	1.0	608	0	0
SSBP3__P1P2	8	0.66147	0.05649	0.096546	562	2	-0.56306	0.98898	0.99938	1.0	807	0	0
BRD2__P1	8	0.66221	0.05649	0.096546	563	2	-0.62061	0.47196	0.12265	0.498813	238	1	0.35237
SCYL1__P1P2	8	0.6644	0.05649	0.096546	564	2	-0.84212	0.67633	0.48046	1.0	405	0	0
NONO__P1P2	8	0.66465	0.05649	0.096546	565	2	-1.1927	0.96142	0.98957	1.0	736	0	0
RBM7__P1P2	8	0.66793	0.056817	0.096546	566	1	-1.4999	0.047592	0.00039075	0.003484	109	2	0.57532
RAD21__P1P2	8	0.66887	0.056827	0.096546	567	1	-1.3286	0.39366	0.038011	0.192433	191	1	0.41122
HES1__P1P2	8	0.67166	0.057203	0.096546	568	2	-0.8731	0.98855	0.99934	1.0	804	0	0
JMJD1C__P1P2	8	0.6731	0.057203	0.096546	569	2	-0.55384	0.96916	0.99396	1.0	756	0	0
ATG16L1__P1P2	8	0.67334	0.057203	0.096546	570	2	-0.48837	0.059088	0.00046	0.003888	114	1	1.7334
PIGB__P1P2	8	0.67406	0.057203	0.096546	571	2	-0.86845	0.51606	0.18174	0.640033	273	0	0
ARHGAP21__P1P2	8	0.67525	0.057213	0.096546	572	2	-0.61955	0.067538	0.00064795	0.005157	117	2	0.5296
PPFIBP1__P1P2	8	0.67541	0.057213	0.096546	573	2	-0.86156	0.86889	0.87946	1.0	604	0	0
RBL1__P1P2	8	0.67549	0.057213	0.096546	574	2	-0.47729	0.81718	0.78653	1.0	545	0	0
ICMT__P1P2	8	0.67645	0.057213	0.096546	575	2	-0.4829	0.80938	0.77108	1.0	533	0	0
NDUFS4__P1P2	8	0.67811	0.057213	0.096546	576	2	-0.49713	0.34572	0.030206	0.166876	175	1	0.44065
KIDINS220__P1P2	8	0.68119	0.057697	0.097195	577	2	-0.53356	0.83037	0.81151	1.0	558	0	0
FAM3B__P1P2	8	0.68213	0.057984	0.09751	578	2	-0.45904	0.81303	0.77915	1.0	537	0	0
C11orf58__P1P2	8	0.68394	0.059033	0.098931	579	1	-2.7832	0.84239	0.82906	1.0	570	0	0
FAM115C__143317820	8	0.68514	0.059033	0.098931	580	1	-1.8414	0.44494	0.088077	0.390916	218	1	0.41365
ZEB2__P1	8	0.68992	0.063009	0.105052	581	1	-1.526	0.85594	0.85761	1.0	587	0	0
ZFC3H1__P1P2	8	0.69307	0.064018	0.106386	582	2	-0.6881	0.6184	0.34682	0.949607	351	0	0
ATM__P1P2	8	0.69521	0.064028	0.106386	583	1	-1.142	0.2847	0.018553	0.107986	166	1	0.65177
GNE__P1P2	11	0.69533	0.060309	0.100739	584	1	-1.3265	0.44727	0.043076	0.215826	220	1	0.46509
GNB1__P1P2	8	0.6956	0.067946	0.111705	585	2	-0.4883	0.9606	0.98903	1.0	730	0	0
CLK3__P2	8	0.69725	0.067946	0.111705	586	1	-1.1592	0.021307	0.00028193	0.00261	105	2	0.87319
CCDC77__P2	8	0.69743	0.067946	0.111705	587	2	-0.45634	0.81246	0.77801	1.0	536	0	0
SMCHD1__P1P2	8	0.69754	0.067956	0.111705	588	1	-1.4412	0.81792	0.78757	1.0	548	0	0
TMX2__P1P2	8	0.69766	0.067956	0.111705	589	2	-0.55942	0.6272	0.36474	0.96742	360	0	0
CAB39__P1P2	8	0.69956	0.06844	0.111705	590	1	-1.1591	0.80783	0.76535	1.0	532	0	0
LDB3__P1P2	8	0.70043	0.06844	0.111705	591	1	-1.3357	0.94057	0.97468	1.0	689	0	0
FRMPD2__49481953	8	0.703	0.069004	0.111705	592	1	-2.9303	0.87808	0.89343	1.0	615	0	0
LYRM7__P1P2	8	0.70355	0.069014	0.111705	593	2	-0.47795	0.69287	0.5264	1.0	419	0	0
HEXIM2__P2	11	0.7037	0.060319	0.100739	594	1	-1.6339	0.94827	0.96043	1.0	699	0	0
CSNK2A1__P1P2	8	0.70443	0.069014	0.111705	595	1	-1.6393	0.44197	0.079955	0.356541	216	1	0.36833
C1orf101__P1P2	8	0.7049	0.069519	0.111705	596	2	-1.6992	0.48918	0.14512	0.555364	250	0	0
USP44__P1	8	0.70535	0.069519	0.111705	597	2	-0.63136	0.38238	0.038011	0.192433	186	1	0.42757
GDF7__P1P2	8	0.70557	0.069519	0.111705	598	2	-0.82057	0.95886	0.98803	1.0	728	0	0
GPR137__P2	8	0.70585	0.069519	0.111705	599	1	-1.5282	0.77298	0.69682	1.0	494	0	0
KIRREL__P1P2	8	0.70669	0.069519	0.111705	600	1	-1.3348	2.5336e-08	4.9462e-06	5.2e-05	26	7	0.57739
LSM12__P1P2	8	0.70754	0.069519	0.111705	601	1	-1.2719	0.11171	0.0082849	0.056778	139	2	0.51393
NR2E3__P1P2	8	0.71174	0.069519	0.111705	602	1	-1.2672	0.91006	0.94056	1.0	654	0	0
HDAC7__P1P2	8	0.7145	0.069519	0.111705	603	1	-2.9548	0.67878	0.48498	1.0	407	0	0
AKAP10__P1P2	8	0.728	0.069529	0.111705	604	1	-1.5755	0.8037	0.75832	1.0	527	0	0
FAM58A__P1P2	8	0.72826	0.069529	0.111705	605	1	-2.6109	0.41361	0.060823	0.287038	200	1	0.37928
MYH9__P1P2	8	0.73376	0.07677	0.122949	606	1	-1.2273	2.1545e-06	4.9462e-06	5.2e-05	43	6	0.57763
C21orf58__P1	8	0.73737	0.07678	0.122949	607	1	-1.1703	0.8846	0.90512	1.0	620	0	0
MRE11A__P1P2	8	0.74093	0.080153	0.127317	608	1	-1.2273	0.52603	0.19913	0.6888	278	0	0
LNPEP__P1P2	8	0.74446	0.080153	0.127317	609	1	-1.1351	0.77966	0.71155	1.0	499	0	0
G3BP2__P1P2	8	0.74818	0.080153	0.127317	610	1	-1.2265	0.7109	0.56742	1.0	435	0	0
TNRC6A__P1P2	8	0.75138	0.080163	0.127317	611	1	-1.1158	0.60579	0.31636	0.893937	339	0	0
HLA-DMA__P2	8	0.75405	0.080163	0.127317	612	1	-1.3736	0.91106	0.9422	1.0	656	0	0
AMOTL1__P1P2	8	0.75909	0.083892	0.132176	613	1	-1.1084	0.0012359	4.9462e-06	5.2e-05	76	4	0.45995
MAGED2__P2	8	0.7652	0.083892	0.132176	614	1	-1.0303	0.73011	0.59555	1.0	460	0	0
LHFP__P1P2	8	0.76682	0.083892	0.132176	615	1	-1.2244	0.49147	0.14513	0.555364	251	0	0
RSPH3__P1P2	8	0.77523	0.083902	0.132176	616	1	-0.95518	0.73505	0.6035	1.0	464	0	0
PTPN12__P1P2	8	0.78141	0.083902	0.132176	617	1	-1.5733	0.013384	4.4516e-05	0.000437	97	3	0.6898
PLEKHG2__P1P2	8	0.78957	0.094457	0.148324	618	1	-0.87553	0.65676	0.44478	1.0	382	0	0
PLA2G7__P1P2	8	0.79292	0.098276	0.153591	619	1	-0.96499	0.45763	0.099621	0.421008	228	1	0.40935
HIST2H2BE__149857437	8	0.8015	0.098286	0.153591	620	1	-0.9427	0.65902	0.4501	1.0	384	0	0
MLLT3__P1P2	8	0.8019	0.098286	0.153591	621	1	-1.048	0.62859	0.36475	0.96742	362	0	0
ZMIZ1__P1P2	11	0.80666	0.089541	0.140831	622	2	-0.59585	0.99615	0.99986	1.0	838	0	0
MED16__P1P2	8	0.81016	0.10502	0.163855	623	1	-0.90586	0.82451	0.79877	1.0	553	0	0
S100A16__P1P2	8	0.8153	0.10864	0.169232	624	1	-0.86418	0.81624	0.78525	1.0	542	0	0
SGK3__ENST00000396596.1_ENST00000522398.1	8	0.81977	0.11236	0.173927	625	1	-1.1957	0.49828	0.1563	0.588868	255	0	0
FAM179B__P1P2	8	0.82343	0.11237	0.173927	626	1	-0.9797	0.46722	0.10752	0.442817	234	1	0.37167
VGLL3__P1P2	8	0.82415	0.11237	0.173927	627	1	-0.78475	0.42642	0.068371	0.315006	207	1	0.40577
CHAMP1__P1P2	8	0.82469	0.11237	0.173927	628	1	-0.77009	0.99143	0.99969	1.0	818	0	0
GPATCH8__P1P2	8	0.82896	0.11598	0.178662	629	1	-0.97082	3.634e-06	4.9462e-06	5.2e-05	46	6	0.5412
FUT7__P1P2	8	0.82931	0.11598	0.178662	630	1	-0.88475	0.36594	0.038002	0.192433	181	1	0.44917
GNA13__P1P2	8	0.82949	0.11598	0.178662	631	1	-0.9415	0.60064	0.30662	0.883022	335	0	0
TRIM56__P1P2	8	0.83452	0.12369	0.188753	632	1	-0.83626	0.61876	0.34682	0.949607	352	0	0
KIAA0247__P1P2	8	0.83503	0.12369	0.188753	633	1	-0.87069	0.85625	0.85762	1.0	588	0	0
CST1__P1P2	8	0.8352	0.1237	0.188753	634	1	-0.9246	0.76216	0.66829	1.0	486	0	0
SNAP29__P1P2	8	0.83554	0.1237	0.188753	635	1	-0.72318	0.99879	1.0	1.0	869	0	0
HCN2__P1P2	8	0.83588	0.1237	0.188753	636	1	-0.77434	0.72213	0.58332	1.0	451	0	0
PRCP__P1	8	0.83891	0.1237	0.188753	637	1	-1.0325	0.45618	0.099611	0.421008	227	1	0.37737
ATL3__P1P2	8	0.84074	0.12758	0.194061	638	1	-0.97276	0.21477	0.018543	0.107986	159	1	0.69427
RFWD2__P1P2	8	0.84255	0.12758	0.194061	639	1	-0.68922	0.47338	0.12669	0.513081	239	1	0.32839
LUZP1__P1P2	8	0.85024	0.13119	0.197697	640	1	-0.84169	0.018646	0.00020279	0.001895	104	3	0.4624
YPEL3__P1P2	8	0.85258	0.13119	0.197697	641	1	-1.0441	0.26979	0.018553	0.107986	164	1	0.62304
MED19__P1P2	8	0.85289	0.13119	0.197697	642	1	-0.68503	0.50098	0.15989	0.593163	257	0	0
GPR89A__ENST00000313835.9	8	0.85458	0.13119	0.197697	643	1	-0.86546	0.74917	0.64289	1.0	473	0	0
ANAPC7__P1P2	8	0.85519	0.13119	0.197697	644	1	-0.85051	0.71533	0.57326	1.0	441	0	0
BEND2__P1P2	8	0.85579	0.13119	0.197697	645	1	-0.781	0.97162	0.99451	1.0	761	0	0
SYT14__P1P2	8	0.86565	0.1382	0.205415	646	1	-0.80089	0.90996	0.94055	1.0	653	0	0
CORO1B__67206891	8	0.87055	0.1382	0.205415	647	1	-0.62149	0.71062	0.56742	1.0	434	0	0
PRKCI__P1P2	8	0.87083	0.1382	0.205415	648	1	-0.65514	0.94937	0.98206	1.0	701	0	0
MED23__P1P2	8	0.87247	0.1382	0.205415	649	1	-0.72253	0.94304	0.97728	1.0	693	0	0
HDAC8__P1P2	8	0.87261	0.13821	0.205415	650	1	-0.71925	0.0015981	4.9462e-06	5.2e-05	83	4	0.3638
ZNF740__P1P2	8	0.87597	0.13821	0.205415	651	1	-0.7688	0.58599	0.28077	0.834583	322	0	0
GPBP1__P1P2	8	0.8769	0.13821	0.205415	652	1	-0.86797	0.63136	0.37003	0.977359	364	0	0
NUDT15__P1P2	8	0.87729	0.13821	0.205415	653	1	-0.7609	0.85196	0.84868	1.0	582	0	0
PTPN20A__46639859	8	0.87939	0.13821	0.205415	654	1	-0.56327	0.67293	0.47294	1.0	402	0	0
MLLT4__P1P2	8	0.88297	0.14192	0.209025	655	1	-0.60561	0.8029	0.75696	1.0	524	0	0
HYDIN__71263838	8	0.88385	0.14193	0.209025	656	1	-0.60278	0.8035	0.75832	1.0	526	0	0
LNP1__P1P2	8	0.88398	0.14193	0.209025	657	1	-0.70976	0.39152	0.038011	0.192433	189	1	0.55857
ELMO3__P1P2	8	0.88572	0.14193	0.209025	658	1	-0.64612	0.97592	0.99603	1.0	771	0	0
DOCK2__P1P2	8	0.88621	0.14193	0.209025	659	1	-0.5426	0.71505	0.57326	1.0	440	0	0
PORCN__P2	8	0.88634	0.14193	0.209025	660	1	-0.70469	0.83841	0.82223	1.0	562	0	0
DEDD__P1P2	8	0.88707	0.14559	0.212499	661	1	-0.72449	0.014471	5.4408e-05	0.000524	101	3	0.44506
GPI__P1P2	8	0.88744	0.14559	0.212499	662	1	-0.73503	0.75235	0.65015	1.0	476	0	0
EPC1__P1P2	8	0.88926	0.1456	0.212499	663	1	-0.62177	0.00027625	4.9462e-06	5.2e-05	68	4	0.66543
ITGB3__P1P2	8	0.8895	0.1456	0.212499	664	1	-0.55097	0.76866	0.68908	1.0	490	0	0
DUSP11__P1P2	8	0.88986	0.1456	0.212499	665	1	-0.64588	0.997	0.99999	1.0	846	0	0
FAM192A__P1P2	8	0.89034	0.1456	0.212499	666	1	-0.80323	0.8588	0.86124	1.0	593	0	0
GFRA4__ENST00000290417.2_ENST00000319242.3	8	0.89117	0.14931	0.21534	667	1	-0.58046	0.69492	0.53066	1.0	422	0	0
SMAD1__P1P2	8	0.89468	0.14931	0.21534	668	1	-0.59417	0.96094	0.98927	1.0	733	0	0
KATNA1__P1P2	8	0.89479	0.14931	0.21534	669	1	-0.57738	0.98616	0.99898	1.0	795	0	0
USP48__P1P2	8	0.89502	0.14931	0.21534	670	1	-0.60376	0.925	0.95871	1.0	666	0	0
ARHGEF2__P1P2	8	0.89616	0.14932	0.21534	671	1	-0.67914	0.59842	0.30661	0.883022	333	0	0
ZBTB2__P1P2	8	0.89775	0.14932	0.21534	672	1	-0.60156	0.62475	0.3588	0.963411	358	0	0
PRMT7__P1P2	8	0.89853	0.14932	0.21534	673	1	-0.62991	0.81455	0.78272	1.0	541	0	0
ATRN__P1P2	8	0.90052	0.14932	0.21534	674	1	-0.63894	0.87315	0.88609	1.0	609	0	0
LRRC28__P1P2	8	0.90226	0.15633	0.221203	675	1	-0.56532	0.89819	0.92363	1.0	641	0	0
CAPZA1__P1P2	8	0.90237	0.15633	0.221203	676	1	-0.64811	0.0019018	4.9462e-06	5.2e-05	88	3	0.80181
DHRSX__P1P2	8	0.90312	0.15633	0.221203	677	1	-0.71934	0.00010434	4.9462e-06	5.2e-05	63	5	0.49163
TMEM229B__P1	8	0.90323	0.15633	0.221203	678	1	-0.71373	0.76934	0.68908	1.0	492	0	0
CACHD1__P1P2	8	0.90461	0.15633	0.221203	679	1	-0.61474	0.43899	0.072684	0.327079	215	1	0.35311
EVI5__P1P2	8	0.90471	0.15633	0.221203	680	1	-0.59025	0.30597	0.02256	0.127544	171	1	0.51546
SKP2__P1P2	8	0.90608	0.15634	0.221203	681	1	-0.65077	0.71257	0.56743	1.0	437	0	0
LOC643037__P1P2	8	0.90618	0.15634	0.221203	682	1	-0.61609	0.4249	0.064582	0.303256	206	1	0.3928
SERF1B__69320873	8	0.90732	0.15634	0.221203	683	1	-0.66096	0.52817	0.20251	0.695552	280	0	0
TM9SF2__P1P2	8	0.90834	0.15634	0.221203	684	1	-0.45781	2.1216e-05	4.9462e-06	5.2e-05	52	5	0.5828
SMURF2__P1P2	8	0.90885	0.15634	0.221203	685	1	-0.55241	0.90597	0.93445	1.0	650	0	0
C17orf49__P2	8	0.90936	0.15634	0.221203	686	1	-0.49737	0.069127	0.00064795	0.005157	119	2	0.53005
DENND5A__P1P2	11	0.91028	0.15479	0.221203	687	1	-0.88566	0.30107	0.029494	0.165713	170	1	0.59999
RHOG__P1P2	8	0.91195	0.15976	0.225375	688	1	-0.62555	0.91293	0.9449	1.0	657	0	0
PCGF1__P1P2	8	0.91274	0.15976	0.225375	689	1	-0.45913	0.47479	0.13036	0.519329	241	0	0
GAPVD1__P1P2	8	0.91458	0.16336	0.229788	690	1	-0.53603	0.53073	0.20614	0.703087	281	0	0
USP15__P1P2	8	0.91496	0.16336	0.229788	691	1	-0.51	0.82843	0.80841	1.0	556	0	0
AES__P1P2	8	0.91591	0.16694	0.233488	692	1	-0.64423	0.2945	0.02256	0.127544	168	1	0.57629
GTF2H2C__68855815	8	0.91619	0.16694	0.233488	693	1	-0.54302	0.72186	0.58332	1.0	450	0	0
PDLIM7__P1	8	0.91751	0.16695	0.233488	694	1	-0.43759	0.94689	0.98064	1.0	697	0	0
AP3B1__P1P2	8	0.91778	0.16695	0.233488	695	1	-0.62183	0.437	0.072684	0.327079	214	1	0.34744
TRIM52__P1P2	8	0.91862	0.17036	0.237919	696	1	-0.47601	0.86777	0.87881	1.0	600	0	0
OXR1__ENST00000312046.6	8	0.92354	0.19132	0.26606	697	1	-0.45734	0.79417	0.73466	1.0	514	0	0
ESYT1__P2	8	0.9238	0.19132	0.26606	698	1	-0.44282	0.60322	0.30978	0.883022	337	0	0
CAPG__P1	8	0.92611	0.19133	0.26606	699	1	-0.39975	0.66981	0.46819	1.0	399	0	0
TMEM194A__P1P2	8	0.9272	0.19481	0.269731	700	1	-0.63893	0.84418	0.83178	1.0	573	0	0
RBM5__P1P2	8	0.92728	0.19481	0.269731	701	1	-0.48716	0.79062	0.73025	1.0	508	0	0
INTS6__P1P2	8	0.92745	0.19481	0.269731	702	1	-0.43782	0.98775	0.99917	1.0	802	0	0
SLX1B__29465621	8	0.92877	0.20171	0.278116	703	1	-0.42942	0.68334	0.49764	1.0	413	0	0
HIST1H2AB__P1P2	8	0.92918	0.20171	0.278116	704	0	0	0.9867	0.99908	1.0	797	0	0
WNT3A__P1P2	8	0.9295	0.20172	0.278116	705	0	0	0.79104	0.73163	1.0	509	0	0
PPM1F__P1P2	8	0.93127	0.20502	0.2803	706	0	0	0.50813	0.17096	0.613238	264	0	0
ATP6V0E1__P1P2	8	0.93135	0.20502	0.2803	707	0	0	0.76098	0.66489	1.0	485	0	0
IL18R1__P1	8	0.93158	0.20503	0.2803	708	0	0	0.89305	0.91717	1.0	633	0	0
DPP9__P1	8	0.93237	0.20503	0.2803	709	0	0	0.093964	0.0058612	0.042835	132	2	0.6174
RSPRY1__P1P2	8	0.93245	0.20503	0.2803	710	0	0	0.97924	0.99738	1.0	781	0	0
C14orf119__P1P2	8	0.93252	0.20503	0.2803	711	0	0	0.70357	0.55034	1.0	430	0	0
NCOA6__P1P2	8	0.93338	0.20886	0.285133	712	0	0	0.89548	0.92096	1.0	636	0	0
ZCCHC8__P1P2	8	0.9343	0.21568	0.292398	713	0	0	0.54832	0.23783	0.786897	290	0	0
INPP4A__P1P2	8	0.93453	0.21568	0.292398	714	0	0	0.48319	0.13413	0.527815	243	0	0
C6orf47__P1P2	8	0.9346	0.21568	0.292398	715	0	0	0.99881	1.0	1.0	871	0	0
NPY4R__P1P2	8	0.93498	0.21568	0.292398	716	0	0	0.581	0.28076	0.834583	316	0	0
BAD__P1P2	8	0.93596	0.21569	0.292398	717	0	0	0.8025	0.75696	1.0	522	0	0
CSDE1__P1P2	8	0.93772	0.22224	0.300856	718	0	0	1.053e-07	4.9462e-06	5.2e-05	32	7	1.0319
POC1B__P1P2	8	0.93816	0.22563	0.30377	719	0	0	0.66318	0.45496	1.0	391	0	0
CAP1__P1P2	8	0.93866	0.22563	0.30377	720	0	0	0.51122	0.17097	0.613238	268	0	0
ZNF655__P1P2	8	0.93873	0.22564	0.30377	721	0	0	0.97888	0.99732	1.0	780	0	0
CNR1__P1P2	8	0.93902	0.22564	0.30377	722	0	0	0.54002	0.22395	0.755826	286	0	0
TRAPPC13__P1P2	8	0.94154	0.23284	0.312613	723	0	0	0.94113	0.97512	1.0	690	0	0
SLC25A46__P1P2	8	0.94216	0.23285	0.312613	724	0	0	0.61124	0.32558	0.904217	346	0	0
PTPN20B__48826780	8	0.94424	0.23622	0.316268	725	0	0	0.95267	0.98399	1.0	709	0	0
FAR1__P1P2	8	0.94444	0.23622	0.316268	726	0	0	0.96482	0.99182	1.0	746	0	0
PLCG1__P1P2	8	0.94503	0.23946	0.320158	727	0	0	0.08206	0.0049017	0.036934	128	2	0.46544
FAM102A__P1P2	8	0.94765	0.25293	0.336795	728	0	0	0.78552	0.72181	1.0	504	0	0
FNIP1__P1P2	8	0.94808	0.25294	0.336795	729	0	0	0.68694	0.50691	1.0	415	0	0
KAT7__P1P2	8	0.94821	0.25294	0.336795	730	0	0	0.85134	0.84767	1.0	580	0	0
NCF1__74188108	8	0.94919	0.26655	0.35348	731	0	0	0.75405	0.65196	1.0	479	0	0
CISD1__P1P2	8	0.94925	0.26655	0.35348	732	0	0	0.9583	0.9877	1.0	727	0	0
MTF2__P1P2	8	0.94931	0.26656	0.35348	733	0	0	0.0041473	4.9462e-06	5.2e-05	91	3	0.64587
TTC3__P1P2	8	0.94967	0.2699	0.35694	734	0	0	0.51998	0.18529	0.647845	275	0	0
PDZK1__145727481	8	0.94985	0.26991	0.35694	735	0	0	0.81093	0.77439	1.0	534	0	0
GTF2I__74071821	8	0.95039	0.27278	0.360244	736	0	0	0.11549	0.008641	0.058327	144	2	0.44545
CCR6__ENST00000400926.2	8	0.9521	0.28624	0.377511	737	0	0	0.66761	0.46818	1.0	395	0	0
UBE3A__P1P2	8	0.95279	0.28929	0.380497	738	0	0	0.79908	0.7532	1.0	517	0	0
TRAPPC6B__P1P2	8	0.95284	0.28929	0.380497	739	0	0	0.99381	0.99988	1.0	826	0	0
AGO1__36348590	8	0.95296	0.29231	0.383441	740	0	0	0.63785	0.39226	1.0	367	0	0
NEUROD1__P1P2	8	0.95324	0.29231	0.383441	741	0	0	0.97449	0.99546	1.0	768	0	0
MID1IP1__P1P2	8	0.95414	0.29557	0.386667	742	0	0	0.87165	0.88482	1.0	607	0	0
SLC11A2__P1	8	0.95425	0.29557	0.386667	743	0	0	0.81227	0.778	1.0	535	0	0
LRRC40__P1P2	8	0.95469	0.29867	0.389668	744	0	0	0.89445	0.91913	1.0	635	0	0
MED12__P1P2	8	0.9548	0.29867	0.389668	745	0	0	0.7432	0.62344	1.0	469	0	0
NSG1__NM_001040101_NM_014392	8	0.95535	0.30497	0.397356	746	0	0	0.57166	0.26753	0.834583	307	0	0
ZFYVE9__P1P2	8	0.956	0.31148	0.405294	747	0	0	0.65383	0.44245	1.0	378	0	0
PICALM__P1P2	8	0.95637	0.31772	0.412864	748	0	0	0.00072175	4.9462e-06	5.2e-05	72	4	0.63619
C11orf71__P1P2	8	0.95758	0.3326	0.43162	749	0	0	0.10402	0.0066526	0.047899	135	2	0.52088
NAIP__70319713	8	0.95805	0.34119	0.440424	750	0	0	0.95146	0.98326	1.0	705	0	0
MBD6__P1P2	8	0.9581	0.34119	0.440424	751	0	0	0.11467	0.0082948	0.056778	141	2	0.37511
MLLT1__P1P2	8	0.9582	0.34119	0.440424	752	0	0	0.89433	0.91912	1.0	634	0	0
HIBADH__P1P2	8	0.9583	0.34119	0.440424	753	0	0	0.42946	0.068381	0.315006	210	1	0.39009
SPRR2G__P1P2	8	0.95932	0.35081	0.451052	754	0	0	0.93959	0.97418	1.0	687	0	0
FCGR1B__120935150	8	0.95957	0.35082	0.451052	755	0	0	0.8573	0.85905	1.0	589	0	0
SERF1A__70196291	8	0.95962	0.35082	0.451052	756	0	0	0.69667	0.5329	1.0	423	0	0
KDM4A__P1P2	8	0.96036	0.35638	0.457595	757	0	0	0.4345	0.072674	0.327079	213	1	0.3916
BOLA2__29465484	8	0.9607	0.35942	0.460898	758	0	0	0.8023	0.75695	1.0	521	0	0
GGCT__P1P2	8	0.96099	0.36254	0.464281	759	0	0	0.78423	0.71875	1.0	503	0	0
KAT6B__P1P2	8	0.96209	0.37735	0.481356	760	0	0	0.89069	0.91452	1.0	630	0	0
PRAMEF12__ENST00000357726.4	8	0.96246	0.37736	0.481356	761	0	0	0.72159	0.58332	1.0	449	0	0
SHC1__P2	8	0.96256	0.37736	0.481356	762	0	0	0.50367	0.16352	0.602036	261	0	0
TUFM__28856875	8	0.96279	0.3854	0.4897	763	0	0	0.72347	0.58333	1.0	454	0	0
ELK3__P1P2	8	0.96283	0.3854	0.4897	764	0	0	0.60688	0.31637	0.893937	341	0	0
FAM122A__P1P2	8	0.96293	0.38541	0.4897	765	0	0	4.2793e-07	4.9462e-06	5.2e-05	36	5	1.1047
NOTCH2__120611488	8	0.96361	0.39081	0.495268	766	0	0	0.76333	0.67342	1.0	487	0	0
RBM15__110881839	8	0.96407	0.39371	0.498291	767	0	0	4.0238e-06	4.9462e-06	5.2e-05	47	4	1.8828
ZC3H7B__P1P2	8	0.96469	0.40165	0.507037	768	0	0	0.014238	5.4408e-05	0.000524	100	3	0.52027
CORIN__P1P2	8	0.96478	0.40166	0.507037	769	0	0	0.67417	0.47295	1.0	403	0	0
MON2__P1P2	8	0.96496	0.40475	0.509622	770	0	0	0.84271	0.82907	1.0	571	0	0
CALU__P1P2	8	0.965	0.40476	0.509622	771	0	0	0.8003	0.75321	1.0	518	0	0
USP22__P1P2	8	0.96557	0.41591	0.522981	772	0	0	0.35926	0.034203	0.185727	178	1	0.5027
CNTD2__P1	8	0.96634	0.42138	0.527812	773	0	0	0.43148	0.072674	0.327079	211	1	0.41133
PAXIP1__P1P2	8	0.96647	0.42138	0.527812	774	0	0	0.63684	0.39225	1.0	365	0	0
GATA3__P1P2	8	0.96705	0.43245	0.538221	775	0	0	0.72932	0.59554	1.0	457	0	0
ZSCAN18__P2	8	0.9671	0.43245	0.538221	776	0	0	0.7167	0.57522	1.0	445	0	0
VEZF1__P1P2	8	0.96722	0.43246	0.538221	777	0	0	0.68514	0.5046	1.0	414	0	0
TNKS2__P1P2	8	0.96726	0.43246	0.538221	778	0	0	0.88829	0.91026	1.0	627	0	0
FBXO42__P1P2	8	0.96743	0.43246	0.538221	779	0	0	1.6619e-09	4.9462e-06	5.2e-05	16	6	1.7818
CTNNB1__P1P2	8	0.96804	0.44538	0.552885	780	0	0	0.49647	0.15253	0.576867	253	0	0
GPR137__P1	8	0.9684	0.45567	0.564935	781	0	0	0.71615	0.57521	1.0	443	0	0
WDR37__P1P2	8	0.96904	0.45847	0.567681	782	0	0	0.42845	0.068381	0.315006	209	1	0.40697
TADA2B__P1P2	8	0.96982	0.4659	0.576146	783	0	0	3.2245e-07	4.9462e-06	5.2e-05	35	5	1.3793
OCIAD1__P1P2	8	0.9699	0.46838	0.577027	784	0	0	0.705	0.55035	1.0	431	0	0
KCTD10__P1P2	8	0.96994	0.46838	0.577027	785	0	0	0.41877	0.060833	0.287038	204	1	0.40745
CHST15__P2	8	0.97009	0.46839	0.577027	786	0	0	0.16253	0.014962	0.095054	152	1	0.86005
RTKN2__P1P2	8	0.9704	0.47086	0.579339	787	0	0	0.4634	0.10331	0.43098	230	1	0.33608
C20orf196__P1P2	8	0.9707	0.47577	0.584636	788	0	0	0.59017	0.28704	0.850624	326	0	0
NDUFC1__P2	8	0.97118	0.48596	0.596403	789	0	0	0.75718	0.65492	1.0	482	0	0
ATXN2L__P1P2	8	0.97151	0.49085	0.599397	790	0	0	0.52731	0.20251	0.695552	279	0	0
PTPN20A__46640202	8	0.97159	0.49085	0.599397	791	0	0	0.8518	0.84867	1.0	581	0	0
DMRT3__P1P2	8	0.97166	0.49086	0.599397	792	0	0	0.45229	0.099611	0.421008	223	1	0.35159
PAPPA__P1P2	8	0.97173	0.49086	0.599397	793	0	0	0.61232	0.32883	0.910599	348	0	0
PINK1__P1P2	8	0.97288	0.51022	0.622255	794	0	0	0.4855	0.13788	0.54042	245	0	0
NBPF14__148025047	8	0.97312	0.51245	0.622638	795	0	0	0.6116	0.32559	0.904217	347	0	0
PKNOX1__P1P2	9	0.97319	0.38973	0.494546	796	0	0	0.59729	0.27163	0.834583	332	0	0
TTC23L__P1P2	8	0.97319	0.51245	0.622638	797	0	0	0.65022	0.43691	1.0	376	0	0
KLLN__P1P2	8	0.97354	0.51246	0.622638	798	0	0	0.0013001	4.9462e-06	5.2e-05	80	4	0.41055
BIVM__P1	8	0.97405	0.51954	0.630456	799	0	0	0.47007	0.12264	0.498813	236	1	0.35874
PIGL__P1P2	8	0.97439	0.52171	0.632295	800	0	0	0.50053	0.15988	0.593163	256	0	0
CHCHD3__P1P2	8	0.97495	0.53264	0.642352	801	0	0	0.71285	0.56743	1.0	438	0	0
ARHGAP11A__32907502	8	0.97505	0.53264	0.642352	802	0	0	0.62997	0.36475	0.96742	363	0	0
EXT1__P1P2	8	0.97511	0.53265	0.642352	803	0	0	1.3969e-07	4.9462e-06	5.2e-05	34	6	0.75807
PKDCC__P1P2	8	0.97518	0.53265	0.642352	804	0	0	0.83349	0.81471	1.0	560	0	0
SRGAP2__206636520	8	0.97569	0.54347	0.653781	805	0	0	0.71916	0.57932	1.0	448	0	0
RNF126__P1P2	8	0.97633	0.55447	0.666189	806	0	0	0.28409	0.018553	0.107986	165	1	0.60127
LYPLA2__P1P2	8	0.97645	0.55656	0.66706	807	0	0	0.90085	0.92731	1.0	644	0	0
ATP1A1__P1P2	8	0.97651	0.55657	0.66706	808	0	0	0.88003	0.89754	1.0	616	0	0
ZNF121__P1P2	8	0.97688	0.56113	0.670871	809	0	0	0.96398	0.99125	1.0	742	0	0
ZNF608__P2	8	0.97697	0.56113	0.670871	810	0	0	0.61947	0.34993	0.955421	353	0	0
IFT46__P1P2	8	0.97722	0.56309	0.671573	811	0	0	0.48734	0.14145	0.547751	247	0	0
ZBTB7B__P1P2	8	0.97737	0.5631	0.671573	812	0	0	0.41825	0.060833	0.287038	203	1	0.38185
KLF5__P1P2	8	0.97749	0.56512	0.673154	813	0	0	0.061434	0.00046989	0.003937	116	1	1.559
HRAS__P1	8	0.97793	0.5719	0.678742	814	0	0	0.036686	0.00029182	0.002651	107	2	0.81033
ROR1__P1P2	8	0.97802	0.5719	0.678742	815	0	0	0.74595	0.63204	1.0	470	0	0
PHYH__P1P2	8	0.97808	0.57397	0.680365	816	0	0	0.47102	0.12264	0.498813	237	1	0.39909
DNASE1L1__P1	8	0.97862	0.588	0.696143	817	0	0	0.66158	0.45257	1.0	387	0	0
TRIM28__P1P2	8	0.97919	0.59796	0.707076	818	0	0	0.44641	0.092063	0.406753	219	1	0.41195
MIR205HG__P2	8	0.97944	0.60593	0.715633	819	0	0	0.45034	0.095981	0.418355	222	1	0.35161
DUSP22__292259	8	0.97993	0.61537	0.725897	820	0	0	0.8009	0.75321	1.0	520	0	0
CD8B__87088218	8	0.98067	0.63211	0.744738	821	0	0	0.69696	0.5329	1.0	424	0	0
FAM115A__143598483	8	0.98132	0.63723	0.749866	822	0	0	0.35196	0.030216	0.166876	176	1	0.4407
ZDHHC17__P1P2	8	0.98149	0.63894	0.750971	823	0	0	9.6895e-05	4.9462e-06	5.2e-05	62	5	0.4998
TCF3__P1P2	8	0.98162	0.64047	0.751852	824	0	0	0.10851	0.0079584	0.056464	137	2	0.39644
BCLAF1__P1P2	8	0.98174	0.64419	0.755306	825	0	0	0.23	0.018543	0.107986	161	1	0.6697
ZNRF3__P1P2	8	0.98192	0.64758	0.757469	826	0	0	0.62124	0.35594	0.963411	354	0	0
BPTF__P1P2	8	0.98199	0.64759	0.757469	827	0	0	0.93103	0.96548	1.0	675	0	0
UBE2E3__P1P2	8	0.98228	0.65286	0.762718	828	0	0	0.54543	0.23445	0.783125	289	0	0
TMEM198__P1P2	8	0.98252	0.66199	0.772457	829	0	0	0.68813	0.50692	1.0	416	0	0
MED13L__P1P2	8	0.98328	0.67882	0.791142	830	0	0	9.2379e-05	4.9462e-06	5.2e-05	61	5	0.48725
POC1A__P1P2	8	0.98337	0.68056	0.792221	831	0	0	0.57752	0.27438	0.834583	312	0	0
TXNDC16__P1P2	8	0.98359	0.68229	0.793286	832	0	0	0.8769	0.89228	1.0	613	0	0
FAM60A__P1P2	8	0.98444	0.69451	0.806526	833	0	0	0.31669	0.022569	0.127544	173	1	0.46481
HELLS__P1P2	8	0.98463	0.69879	0.810532	834	0	0	0.73992	0.61476	1.0	467	0	0
ZNF286B__18584835	8	0.98467	0.70044	0.81148	835	0	0	0.8027	0.75696	1.0	523	0	0
KDM3A__P1P2	8	0.98491	0.70482	0.814807	836	0	0	0.58485	0.28077	0.834583	320	0	0
TMEM81__ENST00000367167.3	8	0.98495	0.70614	0.814807	837	0	0	0.31254	0.022569	0.127544	172	1	0.52759
MPHOSPH8__P1	8	0.98497	0.70614	0.814807	838	0	0	0.2616	0.018553	0.107986	163	1	0.62751
SERTAD1__P1P2	8	0.98511	0.7075	0.814807	839	0	0	0.41774	0.060833	0.287038	202	1	0.37122
CDK4__P1P2	8	0.9852	0.70751	0.814807	840	0	0	0.43399	0.072674	0.327079	212	1	0.38034
PTPN20A__46619211	8	0.98536	0.71199	0.818997	841	0	0	0.57985	0.27746	0.834583	314	0	0
C11orf73__P1P2	8	0.98555	0.71351	0.81978	842	0	0	0.51955	0.18529	0.647845	274	0	0
ZC3H14__P1P2	8	0.98581	0.7178	0.823727	843	0	0	0.58752	0.28077	0.834583	324	0	0
RALGAPA1__P1P2	8	0.98618	0.72326	0.829015	844	0	0	0.65773	0.44743	1.0	383	0	0
CDK2__P1P2	8	0.98636	0.72629	0.831516	845	0	0	0.88621	0.90582	1.0	625	0	0
EVX2__P1P2	11	0.98677	0.41772	0.524579	846	0	0	0.17452	0.015457	0.097559	154	1	1.1188
KMT2D__P1P2	8	0.98709	0.73996	0.846171	847	0	0	0.82234	0.79405	1.0	549	0	0
STMND1__P1P2	8	0.98729	0.74367	0.849414	848	0	0	0.13384	0.014952	0.095054	147	1	1.0399
C6orf62__P1	11	0.9874	0.43893	0.545575	849	0	0	0.18351	0.018395	0.107986	155	2	0.36739
PAN2__P1P2	8	0.98745	0.74751	0.852795	850	0	0	1.7489e-08	4.9462e-06	5.2e-05	25	7	0.66259
THAP2__P1	8	0.98789	0.75514	0.858474	851	0	0	0.016798	0.00014344	0.001367	102	3	0.417
NOTCH2NL__145208892	8	0.98791	0.75514	0.858474	852	0	0	0.40476	0.045282	0.223423	195	1	0.41487
MESDC2__P1P2	8	0.98793	0.75514	0.858474	853	0	0	0.95753	0.98762	1.0	723	0	0
CEP128__P1P2	8	0.98822	0.75853	0.861324	854	0	0	0.83891	0.82301	1.0	563	0	0
NAIP__70315936	8	0.98839	0.76193	0.86316	855	0	0	0.86805	0.87881	1.0	601	0	0
PURB__P1P2	8	0.98844	0.76193	0.86316	856	0	0	0.8632	0.86978	1.0	597	0	0
TMED2__P1P2	8	0.9886	0.76346	0.86389	857	0	0	2.1742e-06	4.9462e-06	5.2e-05	44	6	0.71814
SLC30A3__P1P2	8	0.98894	0.77299	0.873664	858	0	0	0.74194	0.61992	1.0	468	0	0
UBE2E2__P1P2	8	0.9892	0.77922	0.879674	859	0	0	0.2385	0.018553	0.107986	162	1	0.65327
ROCK1__18690984	8	0.9896	0.79054	0.890404	860	0	0	0.056598	0.00043032	0.003768	110	2	0.6049
ZNF644__P1P2	8	0.98963	0.79055	0.890404	861	0	0	0.44247	0.079965	0.356541	217	1	0.37523
BTBD9__P1P2	8	0.9897	0.79162	0.890575	862	0	0	0.40055	0.045272	0.223423	194	1	0.41419
UHMK1__P1P2	8	0.98982	0.79598	0.894448	863	0	0	0.48688	0.14144	0.547751	246	0	0
ING5__P1P2	8	0.99003	0.7973	0.894891	864	0	0	0.0010948	4.9462e-06	5.2e-05	75	4	0.52578
ADAMTS16__P2	8	0.99031	0.7994	0.89621	865	0	0	0.45424	0.099611	0.421008	226	1	0.35652
STRADA__P1P2	8	0.99069	0.81109	0.908272	866	0	0	0.0013443	4.9462e-06	5.2e-05	81	4	0.50339
SOX2__P1P2	11	0.99073	0.54049	0.651004	867	0	0	0.5383	0.094309	0.414789	285	1	0.37918
ZNF43__P1	8	0.99098	0.81406	0.910546	868	0	0	0.68843	0.50692	1.0	417	0	0
PTBP3__P1P2	8	0.99105	0.81526	0.910837	869	0	0	0.54955	0.24124	0.786897	292	0	0
OCLN__68788394	8	0.99152	0.82495	0.919554	870	0	0	0.76473	0.67658	1.0	488	0	0
CCNK__P2	11	0.9916	0.57179	0.678742	871	0	0	0.63953	0.2656	0.834583	368	0	0
IFT57__P1P2	8	0.9917	0.82878	0.922763	872	0	0	0.42693	0.068371	0.315006	208	1	0.33298
CLDN3__P1P2	8	0.99176	0.83059	0.923721	873	0	0	0.19176	0.018543	0.107986	156	1	0.85082
DHRS3__P1P2	8	0.99197	0.83441	0.926907	874	0	0	0.56453	0.25747	0.82869	301	0	0
GTF2IRD2B__74508172	8	0.99209	0.83615	0.92778	875	0	0	0.86436	0.8713	1.0	598	0	0
SAP30__P1P2	8	0.99251	0.84443	0.93572	876	0	0	0.5354	0.20967	0.710115	284	0	0
HIST1H1E__P1P2	8	0.99258	0.84523	0.93572	877	0	0	0.0018034	4.9462e-06	5.2e-05	86	3	0.76298
RASA2__P1P2	8	0.99265	0.84693	0.936537	878	0	0	1.229e-08	4.9462e-06	5.2e-05	24	7	0.6318
MED25__P1P2	8	0.99282	0.85244	0.941559	879	0	0	0.46388	0.10331	0.43098	231	1	0.35562
ZNF286A__15602675	8	0.99302	0.85572	0.943959	880	0	0	0.7095	0.5655	1.0	433	0	0
GPRIN2__46993345	8	0.99304	0.85656	0.943959	881	0	0	0.21276	0.018543	0.107986	158	1	0.72801
TCF7L1__P1P2	8	0.99318	0.86035	0.946827	882	0	0	0.0042296	4.9462e-06	5.2e-05	92	3	0.68784
CSPP1__P1P2	8	0.99323	0.86111	0.946827	883	0	0	0.80666	0.76419	1.0	531	0	0
GTF2IRD2__74267046	8	0.99337	0.86481	0.949821	884	0	0	0.0583	0.00046	0.003888	113	2	0.53508
PTPN20B__48806138	8	0.99363	0.87296	0.957691	885	0	0	0.71697	0.57522	1.0	446	0	0
PRSS40A__131328218	8	0.99375	0.87421	0.957988	886	0	0	0.81774	0.78756	1.0	546	0	0
UNC13B__P1P2	8	0.99423	0.88906	0.973162	887	0	0	0.39312	0.038011	0.192433	190	1	0.42909
TPI1__P1P2	8	0.9943	0.89227	0.974476	888	0	0	0.74645	0.63378	1.0	471	0	0
L3MBTL2__P1P2	8	0.99501	0.90572	0.986962	889	0	0	1.4198e-05	4.9462e-06	5.2e-05	49	5	0.67474
DCUN1D3__P1P2	8	0.99509	0.90573	0.986962	890	0	0	0.4474	0.095971	0.418355	221	1	0.33816
FAM72A__ENST00000367128.3	8	0.99523	0.91005	0.988359	891	0	0	0.6797	0.48764	1.0	408	0	0
SLX1A__30205037	8	0.99526	0.91006	0.988359	892	0	0	0.94196	0.97621	1.0	691	0	0
BCR__P1P2	8	0.99526	0.91006	0.988359	893	0	0	0.0096706	2.4731e-05	0.000253	95	3	0.45077
FCGR1A__149755456	8	0.99544	0.9131	0.990551	894	0	0	0.71201	0.56743	1.0	436	0	0
COG5__P1P2	8	0.99565	0.91727	0.99396	895	0	0	2.2025e-05	4.9462e-06	5.2e-05	53	5	0.53918
KRTCAP3__P1P2	8	0.99586	0.92051	0.996273	896	0	0	0.34458	0.030206	0.166876	174	1	0.49054
KDM5C__P1P2	8	0.99592	0.92145	0.996273	897	0	0	0.55324	0.24125	0.786897	295	0	0
TCTN1__P1P2	8	0.99604	0.92382	0.996633	898	0	0	0.084739	0.0050698	0.037907	129	2	0.44243
ZNF460__P1P2	8	0.99607	0.92383	0.996633	899	0	0	0.00033478	4.9462e-06	5.2e-05	69	4	0.81101
GMPR2__P1P2	8	0.99647	0.93533	1.0	900	0	0	0.05681	0.00043032	0.003768	111	2	0.55313
ATF7IP__P1	8	0.99663	0.93759	1.0	901	0	0	0.11766	0.0089674	0.060113	145	2	0.49085
CFC1B__131278628	8	0.99684	0.94368	1.0	902	0	0	0.50946	0.17097	0.613238	266	0	0
PCSK1N__P1P2	11	0.99696	0.81666	0.911359	903	0	0	0.80582	0.64704	1.0	529	0	0
INPPL1__P1P2	8	0.99725	0.95186	1.0	904	0	0	0.013835	4.4516e-05	0.000437	99	3	0.43396
TICAM2__P2	8	0.99732	0.95247	1.0	905	0	0	4.2601e-05	4.9462e-06	5.2e-05	57	5	0.63695
TULP3__P2	8	0.99771	0.96148	1.0	906	0	0	0.51562	0.18173	0.640033	272	0	0
KIAA1429__P1P2	8	0.99771	0.96149	1.0	907	0	0	7.9162e-07	4.9462e-06	5.2e-05	38	5	1.2429
GLCE__P1P2	8	0.99786	0.96473	1.0	908	0	0	7.7982e-09	4.9462e-06	5.2e-05	21	6	1.0506
RNF146__P1P2	8	0.99789	0.96557	1.0	909	0	0	0.013609	4.4516e-05	0.000437	98	3	0.55035
SND1__P1P2	8	0.99793	0.96585	1.0	910	0	0	3.4932e-05	4.9462e-06	5.2e-05	56	5	0.71333
ZIC2__P1P2	8	0.99799	0.96609	1.0	911	0	0	0.00062242	4.9462e-06	5.2e-05	71	4	0.63704
PTPN14__P1P2	8	0.99808	0.96688	1.0	912	0	0	0.0050777	1.4839e-05	0.000153	93	3	0.60921
ISOC2__P1	8	0.99819	0.9694	1.0	913	0	0	0.50188	0.15989	0.593163	259	0	0
ZNF787__P1P2	8	0.9982	0.96941	1.0	914	0	0	6.5672e-05	4.9462e-06	5.2e-05	58	4	1.0493
AHR__P1P2	11	0.99827	0.89054	0.973679	915	0	0	0.85757	0.7702	1.0	590	0	0
CCNE1__P1P2	8	0.99837	0.97351	1.0	916	0	0	2.7895e-05	4.9462e-06	5.2e-05	54	5	0.5627
TCTN2__P1P2	8	0.99851	0.97593	1.0	917	0	0	0.45375	0.099611	0.421008	225	1	0.38085
EIF4B__P1P2	8	0.99905	0.9861	1.0	918	0	0	0.00022555	4.9462e-06	5.2e-05	67	4	0.62544
DCUN1D1__P1P2	8	0.9991	0.9872	1.0	919	0	0	0.091188	0.0056733	0.042095	130	2	0.4675
ELOVL6__P1P2	8	0.99911	0.98747	1.0	920	0	0	0.2181	0.018543	0.107986	160	1	0.87342
MAP4K3__P1P2	8	0.99927	0.99039	1.0	921	0	0	0.0012641	4.9462e-06	5.2e-05	78	4	0.50335
CDK10__P1P2	8	0.99929	0.99065	1.0	922	0	0	0.070499	0.00064795	0.005157	120	2	0.48613
CUL3__P1P2	8	0.99934	0.99142	1.0	923	0	0	0.0039593	4.9462e-06	5.2e-05	90	3	0.61172
FAM98A__P1P2	8	0.99936	0.99182	1.0	924	0	0	1.1938e-06	4.9462e-06	5.2e-05	39	6	0.75909
PEX7__P1P2	8	0.99944	0.99321	1.0	925	0	0	0.38075	0.038011	0.192433	185	1	0.40025
SUPT7L__P1P2	8	0.99953	0.99454	1.0	926	0	0	7.3788e-05	4.9462e-06	5.2e-05	60	5	0.57517
IFT172__P1P2	8	0.99959	0.99554	1.0	927	0	0	0.57048	0.26753	0.834583	304	0	0
SPRY4__P1P2	8	0.99961	0.99601	1.0	928	0	0	6.9218e-10	4.9462e-06	5.2e-05	15	7	1.0562
PPP1R16B__P1P2	8	0.99962	0.99609	1.0	929	0	0	0.078455	0.0048918	0.036934	127	2	0.45355
FAM222B__P1	11	0.99962	0.97979	1.0	930	0	0	0.57146	0.1341	0.527815	306	1	0.36827
EYA3__P1P2	8	0.9997	0.99714	1.0	931	0	0	7.0144e-05	4.9462e-06	5.2e-05	59	5	0.60263
MAZ__P1P2	8	0.99984	0.99879	1.0	932	0	0	3.1258e-05	4.9462e-06	5.2e-05	55	5	0.54018
BBC3__P1P2	8	0.99989	0.99925	1.0	933	0	0	1.1288e-11	4.9462e-06	5.2e-05	9	7	1.9649
FAM64A__P1P2	8	0.99989	0.99925	1.0	934	0	0	0.011462	3.4623e-05	0.000351	96	3	0.50555
NF2__29999349	8	0.99991	0.99936	1.0	935	0	0	3.2578e-09	4.9462e-06	5.2e-05	19	6	1.5917
USP10__P1P2	8	0.99992	0.99942	1.0	936	0	0	0.06002	0.00046	0.003888	115	2	0.53261
SHCBP1__P1P2	8	0.99996	0.99987	1.0	937	0	0	6.0039e-06	4.9462e-06	5.2e-05	48	5	0.69275
NIPBL__P1P2	8	0.99997	0.99991	1.0	938	0	0	2.8445e-09	4.9462e-06	5.2e-05	17	7	0.87727
PMAIP1__57567020	8	0.99997	0.99992	1.0	939	0	0	6.8767e-08	4.9462e-06	5.2e-05	31	5	1.8526
MED13__P1P2	8	0.99998	0.99998	1.0	940	0	0	1.1785e-07	4.9462e-06	5.2e-05	33	7	0.646
ZNF90__P1P2	8	0.99999	1.0	1.0	941	0	0	0.001257	4.9462e-06	5.2e-05	77	4	0.57705
MARCKS__P1P2	8	0.99999	1.0	1.0	942	0	0	0.00048177	4.9462e-06	5.2e-05	70	4	0.5168
UBE2M__P1P2	8	0.99999	1.0	1.0	943	0	0	2.9427e-08	4.9462e-06	5.2e-05	28	7	0.81354
TAF5L__P1P2	8	1.0	1.0	1.0	944	0	0	2.0019e-06	4.9462e-06	5.2e-05	42	6	0.88455
CREBBP__P1P2	8	1.0	1.0	1.0	945	0	0	5.3924e-07	4.9462e-06	5.2e-05	37	6	0.79931
ARHGAP12__P1P2	8	1.0	1.0	1.0	946	0	0	0.0014992	4.9462e-06	5.2e-05	82	4	0.45246
ZNF532__P1	8	1.0	1.0	1.0	947	0	0	3.3416e-06	4.9462e-06	5.2e-05	45	6	0.44982
ATP2C1__P1P2	8	1.0	1.0	1.0	948	0	0	0.0016406	4.9462e-06	5.2e-05	84	4	0.49375
PATL1__P1P2	8	1.0	1.0	1.0	949	0	0	0.0010014	4.9462e-06	5.2e-05	74	4	0.47358
PAN3__P1P2	8	1.0	1.0	1.0	950	0	0	3.0314e-09	4.9462e-06	5.2e-05	18	7	0.74888
UBE2R2__P1P2	8	1.0	1.0	1.0	951	0	0	6.5829e-08	4.9462e-06	5.2e-05	30	7	0.54517
CCNC__P1P2	8	1.0	1.0	1.0	952	0	0	4.7406e-09	4.9462e-06	5.2e-05	20	6	1.0608
B3GAT3__P1P2	8	1.0	1.0	1.0	953	0	0	2.8112e-08	4.9462e-06	5.2e-05	27	7	0.85241
SLC4A1AP__P1P2	8	1.0	1.0	1.0	954	0	0	3.6819e-08	4.9462e-06	5.2e-05	29	7	0.53256
IBTK__P1	8	1.0	1.0	1.0	955	0	0	1.7345e-05	4.9462e-06	5.2e-05	50	5	0.55727
SGK223__P1P2	8	1.0	1.0	1.0	956	0	0	8.9834e-09	4.9462e-06	5.2e-05	22	7	0.92609
B4GALT7__P1P2	8	1.0	1.0	1.0	957	0	0	1.675e-06	4.9462e-06	5.2e-05	40	6	0.98843
SUPT20H__P1P2	8	1.0	1.0	1.0	958	0	0	1.2122e-11	4.9462e-06	5.2e-05	10	7	1.6895
SUFU__104263513	8	1.0	1.0	1.0	959	0	0	9.192e-09	4.9462e-06	5.2e-05	23	7	0.9721
TRIP12__P1P2	8	1.0	1.0	1.0	960	0	0	6.1229e-10	4.9462e-06	5.2e-05	14	8	1.1838
SALL2__P1P2	8	1.0	1.0	1.0	961	0	0	2.5797e-10	4.9462e-06	5.2e-05	13	8	0.62124
MAU2__P1P2	8	1.0	1.0	1.0	962	0	0	1.4631e-11	4.9462e-06	5.2e-05	11	8	1.1751
SOX4__P1	8	1.0	1.0	1.0	963	0	0	2.9329e-11	4.9462e-06	5.2e-05	12	8	0.75269
CYP51A1__P1P2	8	1.0	1.0	1.0	964	0	0	7.2405e-12	4.9462e-06	5.2e-05	8	8	0.98812
CCDC6__P1P2	8	1.0	1.0	1.0	965	0	0	3.5828e-14	4.9462e-06	5.2e-05	7	8	1.8626
CTNND1__P1P2	8	1.0	1.0	1.0	966	0	0	2.1856e-15	4.9462e-06	5.2e-05	6	8	1.1853
TP53BP1__P1	8	1.0	1.0	1.0	967	0	0	8.6274e-19	4.9462e-06	5.2e-05	2	8	2.2736
TP53__P1P2	8	1.0	1.0	1.0	968	0	0	1.7637e-22	4.9462e-06	5.2e-05	1	8	3.4864
USP28__P1P2	8	1.0	1.0	1.0	969	0	0	2.9929e-18	4.9462e-06	5.2e-05	3	8	2.8608
BAK1__33547269	8	1.0	1.0	1.0	970	0	0	1.2198e-17	4.9462e-06	5.2e-05	5	8	1.7383
TGFBR2__P1P2	8	1.0	1.0	1.0	971	0	0	3.3981e-18	4.9462e-06	5.2e-05	4	8	2.2495
