id	num	neg|score	neg|p-value	neg|fdr	neg|rank	neg|goodsgrna	neg|lfc	pos|score	pos|p-value	pos|fdr	pos|rank	pos|goodsgrna	pos|lfc
AATF__P1P2	8	4.3776e-11	4.9462e-06	4.5e-05	1	8	-3.0303	1.0	1.0	1.0	971	0	0
MYSM1__P1P2	8	7.3623e-11	4.9462e-06	4.5e-05	2	8	-2.6612	1.0	1.0	1.0	970	0	0
AUNIP__P1P2	8	3.5106e-10	4.9462e-06	4.5e-05	3	7	-3.9563	0.705	0.62283	1.0	492	0	0
NABP2__P1	8	4.0693e-09	4.9462e-06	4.5e-05	4	7	-3.5416	0.52689	0.32738	0.951043	327	0	0
PPM1G__P1	8	4.8705e-09	4.9462e-06	4.5e-05	5	7	-2.8635	1.0	1.0	1.0	964	0	0
ANAPC13__P1P2	8	7.8037e-09	4.9462e-06	4.5e-05	6	7	-3.3021	1.0	1.0	1.0	969	0	0
SAE1__P1P2	8	2.5852e-08	4.9462e-06	4.5e-05	7	6	-4.053	0.32435	0.057915	0.296331	178	0	0
ORC5__P1P2	8	2.5882e-08	4.9462e-06	4.5e-05	8	5	-5.1167	0.83673	0.79731	1.0	639	0	0
UBE2C__P1P2	8	4.0775e-08	4.9462e-06	4.5e-05	9	6	-3.5288	0.99484	0.99917	1.0	889	0	0
RPS13__P1P2	8	1.0193e-07	4.9462e-06	4.5e-05	10	6	-2.6796	0.99894	0.99997	1.0	915	0	0
CEP63__P1P2	8	2.8134e-07	4.9462e-06	4.5e-05	11	5	-4.3601	0.99699	0.9997	1.0	897	0	0
DROSHA__31531421	8	3.122e-07	4.9462e-06	4.5e-05	12	6	-3.939	0.96747	0.98096	1.0	828	0	0
DDRGK1__P1P2	8	3.4538e-07	4.9462e-06	4.5e-05	13	6	-2.5293	0.86057	0.83437	1.0	668	0	0
RPS14__P1P2	8	3.7213e-07	4.9462e-06	4.5e-05	14	6	-2.6968	0.85715	0.8301	1.0	662	0	0
PMVK__P1P2	8	4.9512e-07	4.9462e-06	4.5e-05	15	5	-3.736	0.99995	1.0	1.0	947	0	0
RPL9__P1P2	8	5.8449e-07	4.9462e-06	4.5e-05	16	6	-2.564	0.99999	1.0	1.0	953	0	0
PIGY__P1P2	8	7.6418e-07	4.9462e-06	4.5e-05	17	6	-2.7189	1.0	1.0	1.0	960	0	0
RAD9A__P1P2	8	1.1142e-06	4.9462e-06	4.5e-05	18	5	-4.2363	0.99879	0.99995	1.0	913	0	0
TRIP13__P1P2	8	1.4362e-06	4.9462e-06	4.5e-05	19	5	-3.1101	0.73608	0.66657	1.0	531	0	0
GTF3C4__P1P2	8	2.9466e-06	4.9462e-06	4.5e-05	20	5	-3.3754	0.99992	1.0	1.0	941	0	0
HUS1__P1P2	8	3.7296e-06	4.9462e-06	4.5e-05	21	5	-3.4113	0.56213	0.39544	1.0	361	0	0
C7orf26__P1P2	8	4.98e-06	4.9462e-06	4.5e-05	22	4	-4.7086	1.0	1.0	1.0	968	0	0
MAD2L1BP__P1P2	8	5.6356e-06	4.9462e-06	4.5e-05	23	5	-3.6399	0.99993	1.0	1.0	943	0	0
MLF1IP__P1P2	8	9.2572e-06	4.9462e-06	4.5e-05	24	5	-2.6084	1.0	1.0	1.0	967	0	0
BUB1__P1P2	8	9.572e-06	4.9462e-06	4.5e-05	25	5	-3.5217	0.9963	0.99954	1.0	892	0	0
MDM2__P1P2	8	1.3473e-05	4.9462e-06	4.5e-05	26	5	-3.0324	0.89081	0.88178	1.0	710	0	0
CENPF__P1P2	8	1.4053e-05	4.9462e-06	4.5e-05	27	5	-2.87	1.0	1.0	1.0	959	0	0
RNF8__P1P2	8	1.7345e-05	4.9462e-06	4.5e-05	28	5	-2.7183	0.9985	0.99991	1.0	910	0	0
ILK__P1P2	8	1.7861e-05	4.9462e-06	4.5e-05	29	5	-2.7378	0.99986	1.0	1.0	936	0	0
UHRF1__P1P2	8	1.8211e-05	4.9462e-06	4.5e-05	30	5	-2.6373	0.94509	0.95886	1.0	789	0	0
NRF1__P1P2	8	1.8389e-05	4.9462e-06	4.5e-05	31	5	-3.1746	0.38129	0.12222	0.537526	220	0	0
KIAA0020__P1	8	2.4376e-05	4.9462e-06	4.5e-05	32	5	-2.2728	0.99172	0.99819	1.0	876	0	0
RPL14__P1P2	8	2.7404e-05	4.9462e-06	4.5e-05	33	5	-2.0452	0.91971	0.92281	1.0	752	0	0
RPL34__P1P2	8	3.4055e-05	4.9462e-06	4.5e-05	34	5	-2.1617	0.96971	0.98293	1.0	833	0	0
HMGCS1__P1P2	8	5.483e-05	4.9462e-06	4.5e-05	35	4	-3.1103	0.5375	0.33658	0.951043	339	0	0
MMAB__P1P2	8	8.0868e-05	4.9462e-06	4.5e-05	36	4	-4.3595	0.99742	0.99978	1.0	901	0	0
ACAT2__P1P2	8	8.5791e-05	4.9462e-06	4.5e-05	37	4	-3.3901	1.0	1.0	1.0	963	0	0
ATP6AP1__P1P2	8	8.7821e-05	4.9462e-06	4.5e-05	38	4	-3.0005	0.91544	0.9187	1.0	744	0	0
CHEK1__P1P2	8	0.0001363	4.9462e-06	4.5e-05	39	4	-3.0284	0.65966	0.55821	1.0	445	0	0
UBA3__P1P2	8	0.0001549	4.9462e-06	4.5e-05	40	3	-3.7434	0.21209	0.02066	0.182561	107	0	0
SMN2__69345238	8	0.00015716	4.9462e-06	4.5e-05	41	4	-2.4594	0.90597	0.90645	1.0	730	0	0
SETDB1__P1P2	8	0.00020579	4.9462e-06	4.5e-05	42	4	-2.9992	1.0	1.0	1.0	965	0	0
NDUFS8__P1P2	8	0.00025776	4.9462e-06	4.5e-05	43	4	-2.9247	0.99997	1.0	1.0	950	0	0
ZAR1L__P1P2	8	0.0002662	4.9462e-06	4.5e-05	44	4	-3.4397	0.97579	0.98853	1.0	845	0	0
RPL36A__P1P2	8	0.0002932	4.9462e-06	4.5e-05	45	4	-2.566	0.99982	1.0	1.0	932	0	0
POLR1B__P1P2	8	0.00029534	4.9462e-06	4.5e-05	46	4	-3.4966	0.92222	0.92572	1.0	756	0	0
CTDSPL2__P1P2	8	0.00040108	4.9462e-06	4.5e-05	47	3	-4.9076	0.74744	0.68277	1.0	540	0	0
KPNA2__P1P2	8	0.00044051	4.9462e-06	4.5e-05	48	4	-2.8066	0.7389	0.67495	1.0	534	0	0
GTF2H2__ENST00000274400.5_ENST00000330280.7	8	0.00044547	4.9462e-06	4.5e-05	49	4	-3.2464	0.82197	0.78145	1.0	615	0	0
DPF2__P1	8	0.00045057	4.9462e-06	4.5e-05	50	4	-2.4101	0.98865	0.99696	1.0	867	0	0
WDR89__P1P2	8	0.00045396	4.9462e-06	4.5e-05	51	4	-3.4335	0.99852	0.99991	1.0	911	0	0
ZRSR2__P1P2	8	0.00053611	4.9462e-06	4.5e-05	52	3	-3.4305	0.9533	0.96608	1.0	800	0	0
ANKRD49__P1P2	8	0.00063102	4.9462e-06	4.5e-05	53	4	-2.4853	0.72958	0.66163	1.0	525	0	0
DDX10__P1P2	8	0.00068899	4.9462e-06	4.5e-05	54	4	-2.4885	0.89605	0.89036	1.0	719	0	0
WEE1__P1P2	8	0.00079833	4.9462e-06	4.5e-05	55	3	-3.3218	0.74818	0.68277	1.0	541	0	0
DNMT1__P1P2	8	0.00084708	4.9462e-06	4.5e-05	56	3	-4.0691	0.89514	0.88846	1.0	718	0	0
CHERP__P1P2	8	0.00096095	4.9462e-06	4.5e-05	57	3	-3.502	0.69985	0.61329	1.0	489	0	0
ACTR8__P1P2	8	0.0010047	4.9462e-06	4.5e-05	58	3	-3.7697	0.86678	0.84514	1.0	678	0	0
NUTF2__P1P2	8	0.0013468	4.9462e-06	4.5e-05	59	3	-3.2449	0.85939	0.83252	1.0	666	0	0
DCPS__P1P2	8	0.0014991	4.9462e-06	4.5e-05	60	3	-3.1002	0.85273	0.82212	1.0	659	0	0
PALB2__P1P2	8	0.0023102	4.9462e-06	4.5e-05	61	3	-2.9235	0.94522	0.95887	1.0	791	0	0
NPLOC4__P1P2	8	0.0024643	4.9462e-06	4.5e-05	62	3	-3.1179	0.25652	0.037903	0.240856	135	0	0
RIF1__P1P2	8	0.0027072	4.9462e-06	4.5e-05	63	3	-3.1769	0.35252	0.090649	0.421628	201	0	0
MAGOHB__P1P2	8	0.0029209	4.9462e-06	4.5e-05	64	3	-3.2498	0.79313	0.74624	1.0	584	0	0
RAD17__P1P2	8	0.003054	4.9462e-06	4.5e-05	65	3	-3.2921	0.53328	0.33657	0.951043	332	0	0
ZFC3H1__P1P2	8	0.003214	4.9462e-06	4.5e-05	66	3	-2.3739	0.99985	1.0	1.0	935	0	0
TIMM17B__P1P2	8	0.0033792	4.9462e-06	4.5e-05	67	3	-2.5744	0.99681	0.99965	1.0	894	0	0
CMC2__P1P2	8	0.003525	4.9462e-06	4.5e-05	68	3	-3.3585	0.27042	0.037913	0.240856	144	0	0
ASUN__P1P2	8	0.003728	4.9462e-06	4.5e-05	69	2	-4.4106	0.26665	0.037903	0.240856	141	0	0
WDR70__P1P2	8	0.0041473	4.9462e-06	4.5e-05	70	3	-3.0924	0.99994	1.0	1.0	945	0	0
VWA9__P1P2	8	0.0041746	4.9462e-06	4.5e-05	71	3	-2.9786	0.90865	0.90968	1.0	732	0	0
DNAJC3__P1P2	8	0.0042296	4.9462e-06	4.5e-05	72	3	-2.8996	0.99977	1.0	1.0	930	0	0
HMBS__P1	8	0.0044825	4.9462e-06	4.5e-05	73	3	-3.1823	0.99195	0.99826	1.0	877	0	0
BCKDHA__P1	8	0.0045689	4.9462e-06	4.5e-05	74	3	-3.0115	0.54543	0.34569	0.962792	346	0	0
UFM1__P1P2	8	0.0047151	4.9462e-06	4.5e-05	75	3	-2.6134	0.90946	0.91026	1.0	734	0	0
TINF2__P1P2	8	0.0050161	4.9462e-06	4.5e-05	76	3	-2.4993	0.91989	0.92281	1.0	754	0	0
MDM4__P1P2	8	0.0050469	4.9462e-06	4.5e-05	77	3	-2.2716	0.99462	0.99912	1.0	887	0	0
LIAS__P1P2	8	0.0051087	4.9462e-06	4.5e-05	78	3	-2.2564	0.8745	0.85679	1.0	692	0	0
ZWILCH__P1P2	8	0.0052654	4.9462e-06	4.5e-05	79	3	-2.0231	0.60798	0.44609	1.0	404	0	0
OBFC1__P1P2	8	0.0056302	4.9462e-06	4.5e-05	80	2	-4.2404	0.95621	0.96956	1.0	805	0	0
RPS11__P1P2	8	0.0056534	4.9462e-06	4.5e-05	81	3	-2.6334	0.8007	0.75784	1.0	591	0	0
SPTLC2__P1P2	8	0.0057531	4.9462e-06	4.5e-05	82	3	-2.1334	0.98868	0.99696	1.0	868	0	0
IPO7__P1P2	8	0.0058877	4.9462e-06	4.5e-05	83	3	-2.1239	0.39152	0.14164	0.601255	228	0	0
DUSP12__P1P2	8	0.0059557	4.9462e-06	4.5e-05	84	3	-2.9972	0.88347	0.86765	1.0	704	0	0
SEC62__P1P2	8	0.0061279	4.9462e-06	4.5e-05	85	3	-2.2836	1.0	1.0	1.0	962	0	0
CHTF18__P1P2	8	0.0063385	4.9462e-06	4.5e-05	86	3	-2.5497	0.92844	0.93496	1.0	766	0	0
ANKRA2__P1P2	8	0.0074192	4.9462e-06	4.5e-05	87	3	-2.7371	0.88335	0.86764	1.0	703	0	0
WDR48__P1P2	8	0.0076559	4.9462e-06	4.5e-05	88	3	-2.763	0.82234	0.78263	1.0	616	0	0
STAG2__P1	8	0.0080196	4.9462e-06	4.5e-05	89	3	-1.9822	0.99998	1.0	1.0	952	0	0
CCDC12__P1	8	0.0081018	4.9462e-06	4.5e-05	90	3	-2.0018	0.98144	0.99251	1.0	853	0	0
CDC26__P1P2	8	0.0082261	4.9462e-06	4.5e-05	91	3	-3.2982	0.99884	0.99996	1.0	914	0	0
MED23__P1P2	8	0.0083937	4.9462e-06	4.5e-05	92	3	-1.8704	0.91166	0.91399	1.0	738	0	0
SMARCAL1__P1P2	8	0.0084782	4.9462e-06	4.5e-05	93	3	-2.7302	0.97515	0.9879	1.0	843	0	0
MCTS1__P1P2	8	0.0086489	4.9462e-06	4.5e-05	94	3	-2.0956	0.99762	0.9998	1.0	903	0	0
CHAF1A__P1P2	8	0.0093074	4.9462e-06	4.5e-05	95	3	-1.883	0.53624	0.33658	0.951043	337	0	0
PPP2CA__P1P2	8	0.0099996	4.9462e-06	4.5e-05	96	2	-3.7702	0.91806	0.92188	1.0	749	0	0
CFDP1__P1	8	0.010202	4.9462e-06	4.5e-05	97	2	-4.3057	0.79561	0.74772	1.0	587	0	0
BMS1__P1P2	8	0.010272	4.9462e-06	4.5e-05	98	2	-3.8419	0.96852	0.98174	1.0	830	0	0
CCDC137__P1P2	8	0.013003	4.9462e-06	4.5e-05	99	2	-3.6428	0.97388	0.98695	1.0	839	0	0
NEDD8-MDP1__P1P2	8	0.013693	4.9462e-06	4.5e-05	100	2	-4.2093	0.33076	0.057925	0.296331	186	0	0
GTF3C2__P1P2	8	0.014162	4.9462e-06	4.5e-05	101	2	-3.4555	0.82843	0.78863	1.0	625	0	0
METTL15__P2	8	0.014518	4.9462e-06	4.5e-05	102	2	-3.3735	0.99999	1.0	1.0	954	0	0
PARN__P1P2	11	0.01549	4.9462e-06	4.5e-05	103	2	-3.3759	0.67057	0.48141	1.0	459	0	0
TGDS__P1P2	8	0.018424	1.4839e-05	0.000128	104	1	-5.2534	0.37421	0.10657	0.484027	214	0	0
TACC3__P1	8	0.019503	1.4839e-05	0.000128	105	2	-3.0936	0.40737	0.15684	0.624823	239	0	0
INTS10__P1P2	8	0.020189	1.4839e-05	0.000128	106	2	-3.5243	0.88246	0.86631	1.0	701	0	0
EXOC5__P1P2	8	0.022163	1.4839e-05	0.000128	107	2	-2.7216	0.93506	0.94491	1.0	777	0	0
XRCC1__P1P2	11	0.022265	4.9462e-06	4.5e-05	108	3	-3.0119	0.99989	1.0	1.0	937	0	0
MBIP__P1P2	8	0.022597	1.4839e-05	0.000128	109	2	-2.7797	0.82307	0.78263	1.0	618	0	0
NAA30__P1P2	8	0.022888	1.4839e-05	0.000128	110	2	-2.8415	0.77117	0.72159	1.0	561	0	0
EMC1__P1P2	8	0.028933	1.4839e-05	0.000128	111	1	-4.8641	0.69579	0.60547	1.0	483	0	0
U2SURP__P1P2	8	0.029527	3.4623e-05	0.000285	112	2	-2.7158	0.69841	0.60952	1.0	488	0	0
GNB2L1__P1P2	8	0.029853	3.4623e-05	0.000285	113	2	-3.4069	0.88029	0.86388	1.0	698	0	0
BRPF1__P1P2	8	0.031506	3.4623e-05	0.000285	114	2	-2.7251	0.55201	0.37262	1.0	352	0	0
EIF3F__P1P2	11	0.031703	4.9462e-06	4.5e-05	115	2	-3.6658	0.91377	0.88636	1.0	741	0	0
SMARCC1__P1P2	8	0.032009	3.4623e-05	0.000285	116	2	-2.5073	0.99038	0.99771	1.0	872	0	0
UFL1__P1P2	8	0.034055	3.4623e-05	0.000285	117	2	-2.4912	0.7145	0.64056	1.0	507	0	0
FDXR__P1P2	11	0.034543	4.9462e-06	4.5e-05	118	2	-3.0679	0.9927	0.99673	1.0	881	0	0
PSPH__P2	8	0.036331	4.4516e-05	0.000361	119	2	-2.8789	0.55242	0.37262	1.0	353	0	0
PFDN4__P1P2	8	0.038666	4.4516e-05	0.000361	120	2	-2.3603	0.50008	0.28161	0.880148	308	0	0
ATF7IP__P1	8	0.04106	6.43e-05	0.000481	121	2	-2.3929	0.40946	0.15685	0.624823	241	0	0
SDF2__P1P2	8	0.041434	6.43e-05	0.000481	122	2	-2.5333	0.775	0.72433	1.0	568	0	0
MIEF1__P1P2	8	0.043512	6.43e-05	0.000481	123	2	-2.2121	0.60579	0.44084	1.0	401	0	0
RPS8__P1P2	8	0.047001	6.43e-05	0.000481	124	2	-2.2129	0.98382	0.9939	1.0	856	0	0
RRNAD1__P1P2	8	0.047198	6.43e-05	0.000481	125	2	-2.377	0.8632	0.83823	1.0	672	0	0
ADAM18__P1P2	8	0.049655	6.43e-05	0.000481	126	1	-4.4314	0.5573	0.38394	1.0	355	0	0
DNAJC2__P1P2	8	0.054916	6.43e-05	0.000481	127	2	-2.5017	0.54002	0.33658	0.951043	341	0	0
ZC3H7A__P1P2	8	0.058086	6.43e-05	0.000481	128	2	-2.1958	0.99992	1.0	1.0	940	0	0
RBM34__P1P2	8	0.058943	6.43e-05	0.000481	129	2	-2.2635	0.94645	0.9599	1.0	792	0	0
ZBTB4__P1	8	0.059588	6.43e-05	0.000481	130	2	-2.2311	0.91381	0.91584	1.0	742	0	0
XPC__P1	8	0.062416	7.4193e-05	0.000491	131	2	-2.1866	0.52945	0.33345	0.951043	328	0	0
UBA5__P1P2	8	0.063296	7.4193e-05	0.000491	132	2	-2.0047	0.82252	0.78263	1.0	617	0	0
C19orf43__P1P2	8	0.063774	7.4193e-05	0.000491	133	1	-4.0608	0.6341	0.49912	1.0	432	0	0
SPEN__P1P2	8	0.063959	7.4193e-05	0.000491	134	2	-1.9404	0.92628	0.9314	1.0	764	0	0
RBM47__P1P2	8	0.065332	7.4193e-05	0.000491	135	1	-4.0653	0.14109	0.0081958	0.117294	63	0	0
HDAC7__P1P2	8	0.066109	7.4193e-05	0.000491	136	1	-4.0404	0.4105	0.15685	0.624823	242	0	0
FECH__P1P2	8	0.07004	7.4193e-05	0.000491	137	2	-2.6167	0.96123	0.97395	1.0	821	0	0
AGPS__P1P2	8	0.070269	7.4193e-05	0.000491	138	2	-2.0121	1.0	1.0	1.0	966	0	0
COL4A3BP__P1P2	8	0.071188	7.4193e-05	0.000491	139	2	-2.4626	0.98655	0.99571	1.0	862	0	0
TAF6__P1P2	8	0.072312	7.4193e-05	0.000491	140	1	-3.9783	0.98559	0.99512	1.0	859	0	0
COG6__P1P2	8	0.073505	7.4193e-05	0.000491	141	2	-1.8373	0.99695	0.99969	1.0	896	0	0
HEATR3__P1P2	8	0.074205	7.4193e-05	0.000491	142	2	-1.9397	0.15473	0.012321	0.161837	73	0	0
MED24__P1P2	8	0.075848	7.4193e-05	0.000491	143	2	-1.8356	0.95805	0.97073	1.0	814	0	0
ZSCAN10__P1P2	8	0.076083	7.4193e-05	0.000491	144	2	-1.7613	0.95972	0.9729	1.0	817	0	0
FUBP3__P1P2	8	0.077741	7.4193e-05	0.000491	145	2	-1.9407	0.98988	0.9975	1.0	870	0	0
C7orf49__P1P2	8	0.079246	7.4193e-05	0.000491	146	1	-3.833	0.012724	4.9462e-06	0.0001	21	1	3.4075
NPM1__P1P2	8	0.082314	7.4193e-05	0.000491	147	1	-3.7886	0.83639	0.79731	1.0	638	0	0
HSPA4__P1P2	8	0.086898	0.0040608	0.022871	148	1	-3.7493	0.29145	0.045945	0.269086	157	0	0
ABHD16A__P1P2	8	0.088422	0.0040608	0.022871	149	1	-3.6828	0.9835	0.99381	1.0	855	0	0
SMN1__70220656	8	0.096007	0.0040608	0.022871	150	1	-3.6305	0.40318	0.15312	0.624823	235	0	0
PABPC4__P1P2	8	0.10128	0.0040608	0.022871	151	1	-3.4573	0.99373	0.99884	1.0	882	0	0
WDR82__P1P2	8	0.10504	0.0040608	0.022871	152	1	-3.5703	0.98972	0.9974	1.0	869	0	0
HMGCR__P1P2	8	0.11176	0.0040608	0.022871	153	1	-3.4495	0.99066	0.99791	1.0	874	0	0
NAE1__P1P2	8	0.12286	0.0040608	0.022871	154	1	-3.4143	0.13747	0.0041103	0.065495	60	0	0
RASAL2__P1P2	8	0.13964	0.0040608	0.022871	155	1	-3.1171	0.23	0.025132	0.193872	122	0	0
DHH__P1P2	8	0.15899	0.0040608	0.022871	156	1	-3.1077	0.60725	0.44346	1.0	403	0	0
PTBP1__P1P2	8	0.17656	0.0040707	0.022871	157	1	-2.9893	0.99209	0.99832	1.0	879	0	0
ABCB10__P1P2	8	0.17796	0.0040707	0.022871	158	1	-2.9716	0.77343	0.72305	1.0	565	0	0
NDUFAF6__P1P2	8	0.18902	0.0040707	0.022871	159	1	-2.9088	0.68813	0.59734	1.0	471	0	0
PKMYT1__P1P2	8	0.19518	0.0040707	0.022871	160	1	-2.8643	0.85895	0.83251	1.0	665	0	0
PPP2R1A__P1	8	0.19859	0.0040707	0.022871	161	1	-2.843	0.20401	0.02066	0.182561	100	0	0
MOSPD2__P1P2	8	0.20063	0.0040707	0.022871	162	1	-2.8232	0.70585	0.6247	1.0	494	0	0
ATRIP__P1P2	8	0.20334	0.0040707	0.022871	163	1	-2.7808	0.2635	0.037903	0.240856	138	0	0
MCM7__P1P2	8	0.21008	0.0040707	0.022871	164	1	-2.7004	0.46101	0.22225	0.760682	279	0	0
ACLY__P1P2	8	0.21343	0.0040707	0.022871	165	1	-2.6511	0.64692	0.53192	1.0	433	0	0
MUT__P1P2	11	0.22096	0.0062569	0.034753	166	1	-3.0634	0.8922	0.85919	1.0	712	0	0
DBF4__P1P2	8	0.22539	0.0040707	0.022871	167	1	-2.6158	0.82379	0.78263	1.0	619	0	0
TAF11__P1P2	8	0.22737	0.0040707	0.022871	168	1	-2.6021	0.64824	0.53421	1.0	435	0	0
PNKP__P1P2	8	0.23328	0.0040707	0.022871	169	1	-2.5482	0.58828	0.42027	1.0	388	0	0
ACAD11__P1P2	8	0.23524	0.0040707	0.022871	170	1	-2.5534	0.90117	0.89661	1.0	728	0	0
TMEM86A__P1P2	8	0.23589	0.0040707	0.022871	171	1	-2.5076	0.66761	0.56661	1.0	455	0	0
PLEKHA5__P1P2	8	0.2385	0.0040707	0.022871	172	1	-2.5319	0.86903	0.84862	1.0	683	0	0
COPS8__237994319	8	0.23915	0.0040707	0.022871	173	1	-2.5216	0.96832	0.9816	1.0	829	0	0
SAMD1__P1P2	8	0.24239	0.0040707	0.022871	174	1	-2.5084	0.0457	4.9462e-06	0.0001	26	1	1.627
UQCRC2__P1P2	11	0.24679	0.0062569	0.034753	175	1	-2.9231	0.90141	0.87058	1.0	729	0	0
C1D__P1P2	8	0.24756	0.0080376	0.042511	176	1	-2.448	0.96041	0.97324	1.0	819	0	0
WDR86__P1P2	8	0.24949	0.0080376	0.042511	177	1	-2.4331	0.48458	0.25802	0.838773	298	0	0
ESYT2__P1P2	8	0.25269	0.0080376	0.042511	178	1	-2.434	0.55932	0.38693	1.0	359	0	0
NSDHL__P1P2	8	0.25397	0.0080376	0.042511	179	1	-2.4336	0.95695	0.96996	1.0	808	0	0
LOC730183__NM_001256932	8	0.25716	0.0080376	0.042511	180	1	-2.4062	0.84756	0.81214	1.0	652	0	0
MRRF__P1P2	8	0.26854	0.0080474	0.042511	181	1	-2.3287	0.78185	0.73151	1.0	575	0	0
TBCC__P1P2	8	0.27292	0.0080474	0.042511	182	1	-2.3378	0.58561	0.41742	1.0	385	0	0
ELOF1__P1P2	8	0.27542	0.0080474	0.042511	183	1	-2.3129	0.37639	0.11448	0.515158	215	0	0
PPIL1__P1P2	8	0.27976	0.0080474	0.042511	184	1	-2.2934	0.81606	0.7755	1.0	608	0	0
PARL__P1P2	8	0.28532	0.012529	0.044378	185	1	-2.2492	0.99997	1.0	1.0	951	0	0
RNPS1__P1P2	8	0.29145	0.012529	0.044378	186	1	-2.1862	0.49557	0.27816	0.877857	304	0	0
FDX1__P1P2	8	0.29328	0.012529	0.044378	187	1	-2.189	0.95876	0.97177	1.0	815	0	0
UBE2D3__P1P2	8	0.2945	0.012529	0.044378	188	1	-2.1892	0.50946	0.30298	0.926086	314	0	0
FNBP4__P1P2	8	0.2951	0.012529	0.044378	189	1	-2.1765	0.86621	0.84513	1.0	676	0	0
MTF1__P1P2	8	0.29874	0.012529	0.044378	190	1	-2.1673	0.99205	0.99827	1.0	878	0	0
IMMT__P1P2	8	0.29995	0.012529	0.044378	191	1	-2.1681	0.87206	0.8518	1.0	688	0	0
MEAF6__P1P2	8	0.30056	0.012529	0.044378	192	1	-2.164	0.16324	0.016308	0.182561	79	0	0
ZZZ3__P1P2	8	0.30176	0.012529	0.044378	193	1	-2.1542	0.99912	0.99999	1.0	916	0	0
ATPAF2__P1P2	8	0.30297	0.012529	0.044378	194	1	-2.139	0.37966	0.11822	0.527104	218	0	0
SNRNP40__P1P2	8	0.30897	0.012529	0.044378	195	1	-2.1207	0.99945	1.0	1.0	921	0	0
CPNE1__P1P2	8	0.30956	0.012529	0.044378	196	1	-2.1168	0.58523	0.41742	1.0	384	0	0
PPP2R5E__P1P2	8	0.31314	0.012529	0.044378	197	1	-2.0969	0.8856	0.87207	1.0	707	0	0
ARHGAP4__P1	8	0.3161	0.012529	0.044378	198	1	-2.0764	0.2372	0.025132	0.193872	126	0	0
MANSC1__P1P2	8	0.322	0.012529	0.044378	199	1	-2.0612	0.65773	0.55343	1.0	442	0	0
UNC45A__P1	8	0.32552	0.012529	0.044378	200	1	-2.0408	0.95261	0.96566	1.0	798	0	0
SIN3B__P1P2	8	0.3261	0.012529	0.044378	201	1	-2.0187	0.6635	0.56443	1.0	448	0	0
TGFBR2__P1P2	8	0.33192	0.012529	0.044378	202	1	-1.9997	0.99983	1.0	1.0	934	0	0
CMC1__P1P2	8	0.34	0.012529	0.044378	203	1	-1.9615	0.99993	1.0	1.0	942	0	0
CNOT11__P1P2	8	0.34401	0.012539	0.044378	204	1	-1.9275	0.69287	0.60546	1.0	476	0	0
SSR1__P1P2	8	0.34458	0.012539	0.044378	205	1	-1.9515	0.89853	0.89239	1.0	724	0	0
ISY1__P1P2	8	0.34799	0.012539	0.044378	206	1	-1.9415	0.68243	0.58942	1.0	465	0	0
NFYB__P1P2	8	0.34856	0.012539	0.044378	207	1	-1.9395	0.31373	0.05374	0.295171	173	0	0
POLG__P1P2	8	0.34969	0.012539	0.044378	208	1	-1.9352	0.69521	0.60547	1.0	481	0	0
CYLD__P1P2	8	0.35309	0.012539	0.044378	209	1	-1.8994	0.97518	0.9879	1.0	844	0	0
ANLN__P1P2	8	0.35365	0.012539	0.044378	210	1	-1.9027	0.63342	0.49648	1.0	431	0	0
TMEM68__P1P2	8	0.35534	0.012539	0.044378	211	1	-1.8941	0.60688	0.44346	1.0	402	0	0
BRD2__P1	8	0.3559	0.012539	0.044378	212	1	-1.8795	0.96218	0.97457	1.0	822	0	0
RBX1__P1P2	8	0.35646	0.012539	0.044378	213	1	-1.8755	0.59581	0.42789	1.0	392	0	0
SNRK__P1P2	8	0.35758	0.012539	0.044378	214	1	-1.8692	0.3161	0.05374	0.295171	175	0	0
CD99L2__P1P2	8	0.36038	0.012539	0.044378	215	1	-1.8564	0.75766	0.69506	1.0	551	0	0
PPP1CB__P1P2	8	0.36094	0.012539	0.044378	216	1	-1.8523	0.96892	0.98205	1.0	831	0	0
DHX35__P1P2	8	0.36261	0.012539	0.044378	217	1	-1.8438	0.86607	0.84513	1.0	675	0	0
DICER1__P1P2	8	0.36317	0.012539	0.044378	218	1	-1.8494	0.95033	0.96449	1.0	795	0	0
MAPRE1__P1P2	8	0.36428	0.012539	0.044378	219	1	-1.8259	0.4586	0.22225	0.760682	274	0	0
SUPT4H1__P1P2	8	0.36483	0.012539	0.044378	220	1	-1.8454	0.52988	0.33346	0.951043	329	0	0
SMG7__P1P2	8	0.36594	0.012539	0.044378	221	1	-1.815	0.61412	0.45648	1.0	410	0	0
PPME1__P1P2	8	0.3676	0.012539	0.044378	222	1	-1.8303	0.99712	0.99971	1.0	898	0	0
ACTA2__P2	8	0.36871	0.012539	0.044378	223	1	-1.8264	0.90986	0.91027	1.0	736	0	0
ERC1__P1P2	8	0.37366	0.012539	0.044378	224	1	-1.8008	0.99995	1.0	1.0	948	0	0
LIMS1__P1P2	8	0.37421	0.012539	0.044378	225	1	-1.7949	0.99994	1.0	1.0	944	0	0
MDC1__P1P2	8	0.37475	0.012539	0.044378	226	1	-1.7803	0.8027	0.75909	1.0	593	0	0
LCOR__P1P2	8	0.37585	0.012539	0.044378	227	1	-1.7815	0.76612	0.71257	1.0	558	0	0
DR1__P1P2	8	0.37966	0.012539	0.044378	228	1	-1.7779	0.65578	0.5494	1.0	440	0	0
APEX2__P1P2	8	0.38075	0.012539	0.044378	229	1	-1.7714	0.91225	0.91448	1.0	739	0	0
RUNX1T1__P2	8	0.38183	0.012539	0.044378	230	1	-1.7339	0.40002	0.15311	0.624823	232	0	0
TAF9__P1P2	8	0.38238	0.012539	0.044378	231	1	-1.7585	0.98444	0.99437	1.0	857	0	0
HELLS__P1P2	8	0.38508	0.012539	0.044378	232	1	-1.7473	0.99807	0.99986	1.0	907	0	0
HSPA14__P1P2	8	0.38562	0.012539	0.044378	233	1	-1.7411	0.73141	0.66164	1.0	527	0	0
MTCH2__P1P2	8	0.38616	0.012539	0.044378	234	1	-1.7174	0.72132	0.64956	1.0	515	0	0
RAD21__P1P2	8	0.38777	0.012539	0.044378	235	0	0	0.89673	0.89101	1.0	721	0	0
IPO5__P1P2	8	0.38884	0.012539	0.044378	236	0	0	0.23132	0.025132	0.193872	123	0	0
USP1__P1P2	8	0.39152	0.012539	0.044378	237	0	0	0.99807	0.99986	1.0	906	0	0
HAUS8__P1P2	8	0.39259	0.012539	0.044378	238	0	0	0.66318	0.56443	1.0	447	0	0
ISCA1__P1P2	8	0.39419	0.012539	0.044378	239	0	0	0.30116	0.045955	0.269086	164	0	0
MLLT1__P1P2	8	0.39632	0.012539	0.044378	240	0	0	0.33885	0.066492	0.329793	193	0	0
PIGB__P1P2	8	0.40055	0.01702	0.044378	241	0	0	0.95464	0.9683	1.0	802	0	0
PPP4R2__P1P2	8	0.40528	0.01702	0.044378	242	0	0	0.99873	0.99994	1.0	912	0	0
C19orf53__P1P2	8	0.40842	0.01702	0.044378	243	0	0	0.54914	0.3611	1.0	350	0	0
UBA2__P1P2	8	0.40946	0.01702	0.044378	244	0	0	0.81474	0.77426	1.0	606	0	0
C1QTNF9B-AS1__P1P2	8	0.4105	0.01702	0.044378	245	0	0	0.92619	0.9314	1.0	763	0	0
CTXN1__P1P2	8	0.41102	0.01702	0.044378	246	0	0	0.59879	0.43304	1.0	395	0	0
RNF168__P1P2	8	0.41413	0.01702	0.044378	247	0	0	0.60286	0.43851	1.0	399	0	0
MKI67__P1P2	8	0.41465	0.01702	0.044378	248	0	0	0.99949	1.0	1.0	923	0	0
H2AFZ__P1P2	8	0.41671	0.01702	0.044378	249	0	0	0.94331	0.9569	1.0	787	0	0
GPBP1__P1P2	8	0.41722	0.01702	0.044378	250	0	0	0.99967	1.0	1.0	927	0	0
SUB1__P1	8	0.41877	0.01702	0.044378	251	0	0	0.83537	0.7973	1.0	636	0	0
PRKDC__P1P2	8	0.41928	0.01702	0.044378	252	0	0	0.98509	0.99474	1.0	858	0	0
SNF8__P1P2	8	0.42031	0.01702	0.044378	253	0	0	0.9412	0.95512	1.0	783	0	0
ERCC1__P1P2	8	0.42184	0.01702	0.044378	254	0	0	0.75478	0.68908	1.0	548	0	0
FAM216A__P1P2	8	0.42235	0.01702	0.044378	255	0	0	0.93079	0.93903	1.0	772	0	0
HES1__P1P2	8	0.42286	0.01702	0.044378	256	0	0	1.0	1.0	1.0	957	0	0
CDC42EP5__P1P2	8	0.42337	0.01702	0.044378	257	0	0	0.35534	0.090649	0.421628	203	0	0
UBE2G2__P1P2	8	0.42541	0.01702	0.044378	258	0	0	0.99419	0.99905	1.0	883	0	0
CNOT3__P1P2	8	0.42693	0.01702	0.044378	259	0	0	0.028128	4.9462e-06	0.0001	23	1	2.2154
CORO1B__67210174	8	0.42744	0.01702	0.044378	260	0	0	0.61268	0.45648	1.0	408	0	0
CCS__P1P2	8	0.42946	0.01702	0.044378	261	0	0	0.99946	1.0	1.0	922	0	0
ASXL2__P1P2	8	0.42997	0.01702	0.044378	262	0	0	0.93838	0.951	1.0	780	0	0
FKBPL__P1P2	8	0.43098	0.01702	0.044378	263	0	0	0.64791	0.53421	1.0	434	0	0
PRKRIR__P1P2	8	0.43249	0.01702	0.044378	264	0	0	0.10429	4.9462e-06	0.0001	48	0	0
PPP2R5C__P1P2	8	0.43349	0.01702	0.044378	265	0	0	0.99978	1.0	1.0	931	0	0
FLII__18161284	8	0.43399	0.01702	0.044378	266	0	0	0.8374	0.79845	1.0	640	0	0
EXOSC1__P1P2	8	0.436	0.01702	0.044378	267	0	0	0.46245	0.22226	0.760682	281	0	0
RYR3__P1P2	8	0.4365	0.01702	0.044378	268	0	0	0.72667	0.65832	1.0	522	0	0
ELOVL6__P1P2	8	0.4375	0.01702	0.044378	269	0	0	0.96021	0.97323	1.0	818	0	0
BTAF1__P1P2	8	0.44197	0.01702	0.044378	270	0	0	0.50501	0.29105	0.898092	312	0	0
PTK2__P1P2	8	0.44444	0.01702	0.044378	271	0	0	0.6223	0.46151	1.0	423	0	0
CSNK1A1__P1P2	8	0.44543	0.01702	0.044378	272	0	0	0.56413	0.39545	1.0	364	0	0
FAM58A__P1P2	8	0.44592	0.01702	0.044378	273	0	0	0.27666	0.037913	0.240856	149	0	0
RBM14-RBM4__P2	8	0.44691	0.01702	0.044378	274	0	0	0.99218	0.99832	1.0	880	0	0
USMG5__P1P2	8	0.44838	0.01702	0.044378	275	0	0	0.53455	0.33657	0.951043	334	0	0
UBE2L3__P1P2	8	0.44936	0.01702	0.044378	276	0	0	0.75646	0.69358	1.0	549	0	0
DUSP11__P1P2	8	0.45229	0.01702	0.044378	277	0	0	0.99917	0.99999	1.0	917	0	0
KAT5__P1P2	8	0.45424	0.01702	0.044378	278	0	0	0.32902	0.057925	0.296331	185	0	0
PDSS1__P1P2	11	0.45712	0.018405	0.047833	279	1	-1.8791	0.76985	0.66797	1.0	560	0	0
RAI14__P1P2	8	0.45715	0.01702	0.044378	280	0	0	0.72905	0.65994	1.0	524	0	0
GPALPP1__P1P2	8	0.45811	0.01702	0.044378	281	0	0	0.22341	0.025122	0.193872	116	0	0
PPP6R3__P1P2	8	0.46052	0.01702	0.044378	282	0	0	0.71312	0.63883	1.0	504	0	0
ING1__P1	8	0.46197	0.01702	0.044378	283	0	0	0.91685	0.92025	1.0	746	0	0
SUGP1__P1P2	8	0.4634	0.01702	0.044378	284	0	0	0.57674	0.40904	1.0	376	0	0
DCUN1D1__P1P2	8	0.46579	0.01702	0.044378	285	0	0	0.46436	0.22226	0.760682	282	0	0
CNKSR3__P1P2	8	0.4677	0.01702	0.044378	286	0	0	0.29814	0.045955	0.269086	161	0	0
FRMPD2__49481953	8	0.46912	0.01702	0.044378	287	0	0	0.69199	0.60341	1.0	475	0	0
ZNF236__P1P2	8	0.47007	0.01702	0.044378	288	0	0	0.83791	0.7996	1.0	641	0	0
KIF18B__P1P2	8	0.47149	0.01702	0.044378	289	0	0	1.0	1.0	1.0	961	0	0
DDX31__P1P2	8	0.47713	0.01702	0.044378	290	0	0	0.96357	0.97626	1.0	824	0	0
HNRNPA2B1__P1P2	8	0.47807	0.01702	0.044378	291	0	0	0.61016	0.4461	1.0	407	0	0
DGCR8__P1P2	8	0.479	0.01702	0.044378	292	0	0	0.99692	0.99969	1.0	895	0	0
PIP4K2C__P1P2	8	0.47947	0.01702	0.044378	293	0	0	0.5256	0.32737	0.951043	326	0	0
LNPEP__P1P2	8	0.4804	0.01702	0.044378	294	0	0	0.79989	0.75677	1.0	590	0	0
MRGBP__P1P2	8	0.48087	0.01702	0.044378	295	0	0	0.21677	0.02066	0.182561	110	0	0
TIMM10__P1P2	8	0.48133	0.01702	0.044378	296	0	0	0.87	0.85018	1.0	684	0	0
GPX3__P1P2	8	0.4818	0.01702	0.044378	297	0	0	0.89445	0.88787	1.0	716	0	0
NUP188__P1P2	8	0.48319	0.01702	0.044378	298	0	0	0.93475	0.94439	1.0	776	0	0
C1orf101__P1P2	8	0.48642	0.01702	0.044378	299	0	0	0.4762	0.2421	0.797702	292	0	0
DCLRE1B__P1P2	8	0.48688	0.01702	0.044378	300	0	0	0.79062	0.74385	1.0	581	0	0
GOLGA7__P1P2	8	0.4878	0.01702	0.044378	301	0	0	0.99441	0.9991	1.0	884	0	0
TMSB10__P1P2	8	0.48964	0.01702	0.044378	302	0	0	0.62159	0.4615	1.0	421	0	0
ARRDC4__P1P2	8	0.49101	0.01702	0.044378	303	0	0	0.5748	0.40633	1.0	374	0	0
UBE2S__P1P2	8	0.49557	0.01702	0.044378	304	0	0	0.99057	0.99781	1.0	873	0	0
VPS51__P1P2	8	0.49647	0.01702	0.044378	305	0	0	0.58178	0.41205	1.0	382	0	0
ZC3H4__P1	8	0.49783	0.01702	0.044378	306	0	0	0.70613	0.6247	1.0	495	0	0
C8orf59__P1P2	8	0.50188	0.01703	0.044378	307	0	0	0.69667	0.60951	1.0	484	0	0
BRAP__P1P2	8	0.50233	0.01703	0.044378	308	0	0	0.86349	0.83824	1.0	674	0	0
CSTF2__P1P2	8	0.50278	0.01703	0.044378	309	0	0	0.99458	0.99911	1.0	886	0	0
MYO9B__P1P2	8	0.50323	0.01703	0.044378	310	0	0	0.10203	4.9462e-06	0.0001	47	0	0
KANSL1__P1P2	8	0.50412	0.01703	0.044378	311	0	0	0.99541	0.9993	1.0	891	0	0
SPIN1__P1P2	8	0.50457	0.01703	0.044378	312	0	0	0.28532	0.042028	0.265266	154	0	0
NCSTN__P1P2	8	0.50635	0.01703	0.044378	313	0	0	0.92753	0.93378	1.0	765	0	0
UBE2Q1__P1P2	8	0.51034	0.01703	0.044378	314	0	0	0.99743	0.99978	1.0	902	0	0
FAM178A__P1P2	8	0.51167	0.01703	0.044378	315	0	0	0.88609	0.87392	1.0	708	0	0
PHF8__P1P2	11	0.51177	0.023994	0.059218	316	0	0	0.9984	0.99965	1.0	908	0	0
CXorf56__P1P2	11	0.51295	0.023994	0.059218	317	0	0	0.17165	0.0059305	0.092975	85	0	0
MAU2__P1P2	8	0.51431	0.01703	0.044378	318	0	0	0.4518	0.20831	0.752699	268	0	0
AKAP3__P1	8	0.5178	0.01703	0.044378	319	0	0	0.59206	0.42272	1.0	390	0	0
ATP6AP2__P1P2	8	0.51824	0.01703	0.044378	320	0	0	0.39896	0.15311	0.624823	231	0	0
PEX7__P1P2	8	0.51911	0.01703	0.044378	321	0	0	0.9176	0.92155	1.0	747	0	0
KAT2A__P1P2	8	0.52258	0.01703	0.044378	322	0	0	0.29328	0.045945	0.269086	159	0	0
ESRP1__P1P2	8	0.52388	0.01703	0.044378	323	0	0	0.99783	0.99983	1.0	904	0	0
RBPMS2__P1P2	8	0.52603	0.01703	0.044378	324	0	0	0.93361	0.94179	1.0	775	0	0
BRD1__P1P2	8	0.52731	0.01703	0.044378	325	0	0	0.55771	0.38394	1.0	356	0	0
AEN__P1P2	8	0.52817	0.01703	0.044378	326	0	0	0.99463	0.99913	1.0	888	0	0
TERF1__P1P2	8	0.5286	0.01703	0.044378	327	0	0	0.88003	0.86388	1.0	697	0	0
MEX3A__P1P2	8	0.53201	0.01703	0.044378	328	0	0	0.99919	0.99999	1.0	918	0	0
ASPM__P1P2	8	0.53243	0.01703	0.044378	329	0	0	0.97103	0.98359	1.0	835	0	0
MON2__P1P2	8	0.53328	0.01703	0.044378	330	0	0	0.99504	0.99924	1.0	890	0	0
BRMS1__P1P2	8	0.53413	0.01703	0.044378	331	0	0	0.98729	0.9962	1.0	864	0	0
USP42__P1P2	8	0.5354	0.01703	0.044378	332	0	0	0.9714	0.984	1.0	836	0	0
CABIN1__P1P2	8	0.53624	0.01703	0.044378	333	0	0	0.99846	0.9999	1.0	909	0	0
MED15__P1	8	0.53708	0.01703	0.044378	334	0	0	0.89387	0.88714	1.0	714	0	0
CTIF__P1P2	8	0.5396	0.01703	0.044378	335	0	0	0.34743	0.079154	0.384736	199	0	0
COG5__P1P2	8	0.54002	0.01703	0.044378	336	0	0	0.84467	0.81	1.0	646	0	0
MGEA5__P1P2	8	0.54044	0.01703	0.044378	337	0	0	0.53792	0.33658	0.951043	340	0	0
DYNC1LI1__P1P2	8	0.54127	0.01703	0.044378	338	0	0	0.48688	0.26449	0.848455	299	0	0
PGPEP1__P1P2	8	0.5446	0.01703	0.044378	339	0	0	0.45666	0.21897	0.760682	271	0	0
NUFIP1__P1P2	8	0.54502	0.01703	0.044378	340	0	0	0.71834	0.64241	1.0	511	0	0
VEZF1__P1P2	8	0.54667	0.01703	0.044378	341	0	0	0.89897	0.89361	1.0	725	0	0
ESYT1__P2	8	0.54791	0.01703	0.044378	342	0	0	0.87847	0.8624	1.0	696	0	0
RAB1A__P1P2	8	0.54832	0.01703	0.044378	343	0	0	0.56333	0.39545	1.0	362	0	0
PLEKHH2__P1P2	8	0.55201	0.01703	0.044378	344	0	0	0.73839	0.67346	1.0	533	0	0
IRX1__P1P2	8	0.55242	0.01703	0.044378	345	0	0	0.73402	0.66492	1.0	529	0	0
RBM7__P1P2	8	0.55283	0.01703	0.044378	346	0	0	0.5999	0.43305	1.0	396	0	0
NRBP1__P1P2	8	0.55324	0.01703	0.044378	347	0	0	0.57127	0.4037	1.0	371	0	0
NF2__29999349	8	0.5569	0.01703	0.044378	348	0	0	0.78766	0.73971	1.0	578	0	0
NAA15__P1P2	8	0.56053	0.01703	0.044378	349	0	0	0.54211	0.33946	0.95366	343	0	0
RNF146__P1P2	8	0.56093	0.01703	0.044378	350	0	0	0.9999	1.0	1.0	939	0	0
NSMCE4A__P1P2	8	0.56133	0.01703	0.044378	351	0	0	0.70922	0.62795	1.0	501	0	0
GPR89B__147400326	8	0.56453	0.01703	0.044378	352	0	0	0.48087	0.2487	0.813925	296	0	0
PPP1R10__P1P2	8	0.56533	0.01703	0.044378	353	0	0	0.73011	0.66163	1.0	526	0	0
ANP32B__P1P2	8	0.56573	0.01703	0.044378	354	0	0	0.92602	0.93139	1.0	762	0	0
DET1__P1P2	8	0.56652	0.01703	0.044378	355	0	0	0.40371	0.15312	0.624823	236	0	0
CD22__P1P2	11	0.56724	0.023994	0.059218	356	0	0	0.88108	0.8427	1.0	700	0	0
FAR1__P1P2	8	0.5693	0.01703	0.044378	357	0	0	0.93787	0.95037	1.0	779	0	0
COPE__P1P2	8	0.57009	0.01703	0.044378	358	0	0	0.80977	0.76942	1.0	600	0	0
RIC8A__P2	8	0.57048	0.01703	0.044378	359	0	0	0.65448	0.54737	1.0	439	0	0
RAD1__P1P2	8	0.57127	0.01703	0.044378	360	0	0	0.4804	0.24869	0.813925	295	0	0
FERMT1__P1P2	8	0.57166	0.01703	0.044378	361	0	0	0.87288	0.85424	1.0	689	0	0
SPRY4__P1P2	8	0.57245	0.01703	0.044378	362	0	0	0.71779	0.64241	1.0	510	0	0
KDSR__P1P2	8	0.57323	0.01703	0.044378	363	0	0	0.63032	0.48682	1.0	428	0	0
ATF6__P1P2	8	0.57558	0.01703	0.044378	364	0	0	0.98589	0.99534	1.0	860	0	0
GOLGA7B__P1P2	8	0.57597	0.01703	0.044378	365	0	0	0.60907	0.4461	1.0	405	0	0
PRC1__P1P2	8	0.57791	0.01703	0.044378	366	0	0	0.93007	0.93835	1.0	770	0	0
SENP2__P1P2	8	0.5783	0.01703	0.044378	367	0	0	0.97253	0.98552	1.0	837	0	0
LSR__P1P2	8	0.57985	0.01703	0.044378	368	0	0	0.63136	0.48683	1.0	429	0	0
CCDC130__P1	8	0.581	0.01703	0.044378	369	0	0	0.53243	0.33657	0.951043	330	0	0
PDIA4__P1P2	8	0.58139	0.01703	0.044378	370	0	0	0.49602	0.27817	0.877857	305	0	0
SPAG9__P1P2	8	0.58178	0.01703	0.044378	371	0	0	0.93866	0.9513	1.0	781	0	0
BPTF__P1P2	8	0.58216	0.01703	0.044378	372	0	0	0.95706	0.96997	1.0	809	0	0
GNB1__P1P2	8	0.58254	0.01703	0.044378	373	0	0	0.70414	0.62282	1.0	491	0	0
ARHGAP11B__30918117	8	0.58561	0.01703	0.044378	374	0	0	0.74521	0.68132	1.0	539	0	0
USP3__P1P2	8	0.58903	0.01703	0.044378	375	0	0	0.61591	0.45649	1.0	414	0	0
ZCCHC8__P1P2	8	0.59319	0.01703	0.044378	376	0	0	0.54252	0.33947	0.95366	344	0	0
HUWE1__P1P2	8	0.59805	0.01703	0.044378	377	0	0	0.57907	0.41204	1.0	377	0	0
ENY2__P1P2	8	0.60396	0.021363	0.053404	378	0	0	0.48918	0.26781	0.856291	301	0	0
DEGS1__P1P2	8	0.60469	0.021363	0.053404	379	0	0	0.17796	0.02065	0.182561	87	0	0
RAD51AP1__P1P2	8	0.60725	0.021363	0.053404	380	0	0	0.99995	1.0	1.0	946	0	0
LUZP1__P1P2	8	0.60761	0.021363	0.053404	381	0	0	1.0	1.0	1.0	956	0	0
MED16__P1P2	8	0.60798	0.021363	0.053404	382	0	0	0.84271	0.80595	1.0	645	0	0
AK2__P1P2	8	0.60943	0.021372	0.053404	383	0	0	0.99995	1.0	1.0	949	0	0
AJUBA__P1P2	8	0.60979	0.021372	0.053404	384	0	0	0.6184	0.45898	1.0	418	0	0
MINOS1-NBL1__P1P2	8	0.61016	0.021372	0.053404	385	0	0	0.998	0.99985	1.0	905	0	0
WDR7__P1P2	8	0.61052	0.021372	0.053404	386	0	0	0.99031	0.9977	1.0	871	0	0
ZCCHC11__P1P2	8	0.61232	0.021372	0.053404	387	0	0	0.99725	0.99974	1.0	899	0	0
IBA57__P1P2	8	0.6134	0.021372	0.053404	388	0	0	0.79188	0.74502	1.0	582	0	0
SRCAP__P1P2	8	0.61484	0.021372	0.053404	389	0	0	0.2616	0.037903	0.240856	136	0	0
ZNHIT3__P1P2	8	0.61591	0.021372	0.053404	390	0	0	0.84091	0.80482	1.0	642	0	0
SREK1IP1__P1P2	8	0.61662	0.021372	0.053404	391	0	0	0.95769	0.97056	1.0	813	0	0
ZNF608__P2	8	0.61698	0.021372	0.053404	392	0	0	0.94516	0.95887	1.0	790	0	0
DOCK1__P1P2	8	0.62124	0.026141	0.063841	393	0	0	0.71888	0.64241	1.0	512	0	0
TMEM110__P1P2	8	0.62159	0.026141	0.063841	394	0	0	0.97854	0.99004	1.0	849	0	0
ARL14EP__P1P2	8	0.6237	0.026141	0.063841	395	0	0	0.99676	0.99965	1.0	893	0	0
GHITM__P1P2	8	0.62405	0.026141	0.063841	396	0	0	0.99454	0.99911	1.0	885	0	0
SNRPB2__P1P2	8	0.6251	0.030226	0.073108	397	0	0	0.99989	1.0	1.0	938	0	0
FBXO8__P1	8	0.62615	0.030236	0.073108	398	0	0	0.40266	0.15312	0.624823	234	0	0
ATRN__P1P2	8	0.62685	0.030236	0.073108	399	0	0	0.69492	0.60547	1.0	480	0	0
GDI2__P1	8	0.62789	0.034589	0.073108	400	0	0	0.7801	0.73005	1.0	572	0	0
TAF4__P1P2	8	0.62893	0.034589	0.073108	401	0	0	0.61769	0.45898	1.0	417	0	0
WNT7A__P1P2	8	0.62963	0.034589	0.073108	402	0	0	0.90956	0.91026	1.0	735	0	0
TRIM24__P1P2	8	0.63101	0.034589	0.073108	403	0	0	0.99956	1.0	1.0	925	0	0
HSPA13__P1P2	8	0.63376	0.034589	0.073108	404	0	0	0.59805	0.43046	1.0	394	0	0
FAM115C__143317820	8	0.63547	0.034589	0.073108	405	0	0	0.60175	0.43584	1.0	398	0	0
NOTCH2NL__145208892	8	0.63581	0.034589	0.073108	406	0	0	0.95626	0.96956	1.0	806	0	0
TLN1__P1P2	8	0.63955	0.034589	0.073108	407	0	0	0.99999	1.0	1.0	955	0	0
SNAI1__P1P2	8	0.63989	0.034589	0.073108	408	0	0	0.99938	1.0	1.0	920	0	0
MPHOSPH8__P1	8	0.64022	0.034589	0.073108	409	0	0	1.0	1.0	1.0	958	0	0
GNG4__P1P2	8	0.6409	0.034589	0.073108	410	0	0	0.46052	0.22225	0.760682	278	0	0
PIGL__P1P2	8	0.64258	0.034589	0.073108	411	0	0	0.99983	1.0	1.0	933	0	0
SLC38A10__P1P2	8	0.64425	0.034589	0.073108	412	0	0	0.34799	0.079164	0.384736	200	0	0
UBE2E2__P1P2	8	0.64559	0.034589	0.073108	413	0	0	0.35758	0.090649	0.421628	205	0	0
INO80C__P1P2	8	0.64592	0.034589	0.073108	414	0	0	0.87663	0.8607	1.0	694	0	0
SERPINB9__P1P2	8	0.64625	0.034589	0.073108	415	0	0	0.85427	0.82547	1.0	661	0	0
RPUSD4__P1P2	8	0.64659	0.034589	0.073108	416	0	0	0.44395	0.201	0.737246	263	0	0
TSSC1__P1P2	8	0.64725	0.034589	0.073108	417	0	0	0.84531	0.81001	1.0	647	0	0
USF1__P1P2	8	0.64924	0.034589	0.073108	418	0	0	0.91953	0.92234	1.0	751	0	0
FAM83H__P1P2	8	0.65088	0.034589	0.073108	419	0	0	0.56851	0.40088	1.0	367	0	0
SMURF2__P1P2	8	0.65869	0.034589	0.073108	420	0	0	0.96734	0.98095	1.0	827	0	0
TRABD__P1	8	0.65902	0.034589	0.073108	421	0	0	0.99954	1.0	1.0	924	0	0
GAL__P1P2	8	0.65966	0.034589	0.073108	422	0	0	0.82523	0.78264	1.0	621	0	0
SERBP1__P1P2	8	0.6603	0.034589	0.073108	423	0	0	0.8665	0.84513	1.0	677	0	0
TCF7L1__P1P2	8	0.66222	0.034589	0.073108	424	0	0	0.78402	0.73566	1.0	576	0	0
TMEM258__P1P2	8	0.66445	0.034589	0.073108	425	0	0	0.35982	0.090659	0.421628	207	0	0
GET4__P1P2	8	0.66477	0.034589	0.073108	426	0	0	0.28962	0.045945	0.269086	155	0	0
KIFC1__P1P2	8	0.6654	0.034599	0.073108	427	0	0	0.86277	0.83632	1.0	671	0	0
AGO1__36348590	8	0.66604	0.034599	0.073108	428	0	0	0.92327	0.92777	1.0	758	0	0
USP44__P1	8	0.6695	0.034599	0.073108	429	0	0	0.8352	0.7973	1.0	635	0	0
ZNF444__P1P2	8	0.66981	0.034599	0.073108	430	0	0	0.34	0.066501	0.329793	194	0	0
CORO1A__30194716	8	0.67137	0.034599	0.073108	431	0	0	0.9198	0.92281	1.0	753	0	0
KLHL5__P1P2	11	0.6714	0.024004	0.059218	432	0	0	0.54666	0.26035	0.840739	348	0	0
SURF2__P1P2	11	0.67181	0.024004	0.059218	433	0	0	0.82626	0.75776	1.0	623	0	0
RASA2__P1P2	8	0.6751	0.034599	0.073108	434	0	0	0.57087	0.4037	1.0	370	0	0
CRLS1__P1P2	8	0.67664	0.034599	0.073108	435	0	0	0.42693	0.17955	0.681735	250	0	0
TRAPPC13__P1P2	8	0.67694	0.034599	0.073108	436	0	0	0.7902	0.74385	1.0	580	0	0
GNPNAT1__P1P2	8	0.67786	0.034599	0.073108	437	0	0	0.45715	0.21897	0.760682	272	0	0
ACADS__P1P2	8	0.67848	0.034599	0.073108	438	0	0	0.69021	0.59943	1.0	473	0	0
PLEKHG2__P1P2	8	0.67878	0.034599	0.073108	439	0	0	0.84724	0.81214	1.0	651	0	0
TTC3__P1P2	8	0.67909	0.034599	0.073108	440	0	0	0.85071	0.81891	1.0	656	0	0
FGD1__P1P2	8	0.68	0.034599	0.073108	441	0	0	0.99961	1.0	1.0	926	0	0
NDE1__P1	8	0.68031	0.034599	0.073108	442	0	0	0.095251	4.9462e-06	0.0001	43	0	0
ARHGEF2__P1P2	8	0.68183	0.034599	0.073108	443	0	0	0.98713	0.99605	1.0	863	0	0
C21orf58__P1	8	0.68334	0.034599	0.073108	444	0	0	0.70556	0.6247	1.0	493	0	0
GNAI1__P1P2	8	0.68394	0.034599	0.073108	445	0	0	0.8579	0.83011	1.0	664	0	0
CENPL__P1P2	8	0.68514	0.034599	0.073108	446	0	0	0.81265	0.77306	1.0	604	0	0
FOXK1__P1P2	8	0.68604	0.034599	0.073108	447	0	0	0.51078	0.30298	0.926086	315	0	0
PHC1__P1P2	8	0.68634	0.034599	0.073108	448	0	0	0.91778	0.92188	1.0	748	0	0
RPL28__P1P2	8	0.68932	0.034599	0.073108	449	0	0	0.98789	0.99656	1.0	865	0	0
NDUFS4__P1P2	8	0.68992	0.034599	0.073108	450	0	0	0.8168	0.77551	1.0	610	0	0
SPECC1L__P1P2	8	0.69228	0.034599	0.073108	451	0	0	0.98091	0.99189	1.0	851	0	0
KDM5A__P1P2	8	0.69257	0.034599	0.073108	452	0	0	0.96447	0.97735	1.0	826	0	0
LYRM7__P1P2	8	0.69433	0.034599	0.073108	453	0	0	0.9447	0.95831	1.0	788	0	0
NPDC1__P1P2	8	0.69463	0.034599	0.073108	454	0	0	0.056738	4.9462e-06	0.0001	30	1	1.6365
THAP2__P1	8	0.69783	0.034599	0.073108	455	0	0	0.97449	0.98743	1.0	841	0	0
LNP1__P1P2	8	0.69927	0.034599	0.073108	456	0	0	0.61662	0.45649	1.0	415	0	0
SSBP3__P1P2	8	0.69956	0.034599	0.073108	457	0	0	0.88272	0.86632	1.0	702	0	0
LTN1__P1P2	8	0.70215	0.034599	0.073108	458	0	0	0.73813	0.67345	1.0	532	0	0
TRIM56__P1P2	8	0.70243	0.034599	0.073108	459	0	0	0.7741	0.72432	1.0	566	0	0
WDR18__P1P2	8	0.70386	0.038912	0.080322	460	0	0	0.51737	0.31823	0.94887	319	0	0
RFWD2__P1P2	8	0.70414	0.038912	0.080322	461	0	0	0.68694	0.59534	1.0	470	0	0
NIPBL__P1P2	8	0.70443	0.038912	0.080322	462	0	0	0.93707	0.94837	1.0	778	0	0
ARHGAP21__P1P2	8	0.705	0.038912	0.080322	463	0	0	0.31076	0.049615	0.282023	171	0	0
ZNF296__P1P2	8	0.70641	0.038912	0.080322	464	0	0	0.89398	0.88715	1.0	715	0	0
NEK2__P1P2	8	0.70698	0.038912	0.080322	465	0	0	0.99971	1.0	1.0	928	0	0
NUDT22__P1P2	8	0.70754	0.038922	0.080322	466	0	0	0.20334	0.02066	0.182561	99	0	0
UBR5__P1P2	8	0.7081	0.038922	0.080322	467	0	0	0.29693	0.045955	0.269086	160	0	0
DCP2__P1P2	8	0.70838	0.038922	0.080322	468	0	0	0.76843	0.71559	1.0	559	0	0
G3BP2__P1P2	8	0.70894	0.038922	0.080322	469	0	0	0.80764	0.76675	1.0	598	0	0
STX7__P1P2	8	0.7109	0.038922	0.080322	470	0	0	0.83141	0.79423	1.0	628	0	0
PFDN1__P1P2	8	0.71229	0.043314	0.088097	471	0	0	0.5446	0.34568	0.962792	345	0	0
ANAPC7__P1P2	8	0.71257	0.043314	0.088097	472	0	0	0.42744	0.17955	0.681735	251	0	0
EHBP1__P1P2	8	0.71312	0.043314	0.088097	473	0	0	0.83106	0.79422	1.0	627	0	0
EIF4H__P1P2	8	0.71395	0.043314	0.088097	474	0	0	0.13019	0.0041103	0.065495	55	0	0
SCYL1__P1P2	8	0.71643	0.043324	0.088097	475	0	0	0.69433	0.60547	1.0	479	0	0
ACTR5__P1P2	8	0.71834	0.043324	0.088097	476	0	0	0.94223	0.95571	1.0	784	0	0
VPS26A__P1P2	8	0.7197	0.043324	0.088097	477	0	0	0.61519	0.45649	1.0	412	0	0
ZNF460__P1P2	8	0.72078	0.047053	0.093548	478	0	0	0.68962	0.59942	1.0	472	0	0
RANBP2__109335729	8	0.72159	0.047053	0.093548	479	0	0	0.4776	0.2421	0.797702	293	0	0
TPR__P1P2	8	0.72374	0.047053	0.093548	480	0	0	0.20739	0.02066	0.182561	103	0	0
TAF3__P1P2	8	0.72853	0.047053	0.093548	481	0	0	0.78119	0.7315	1.0	574	0	0
VPS9D1__P1P2	8	0.73011	0.047063	0.093548	482	0	0	0.89975	0.89414	1.0	726	0	0
CENPQ__P1P2	11	0.73034	0.029722	0.072405	483	0	0	0.95717	0.95305	1.0	810	0	0
PSPC1__P1P2	8	0.7322	0.047063	0.093548	484	0	0	0.9319	0.93933	1.0	773	0	0
ZFAT__P1	8	0.73376	0.047063	0.093548	485	0	0	0.67137	0.57216	1.0	460	0	0
ATG16L1__P1P2	8	0.73479	0.047063	0.093548	486	0	0	0.99735	0.99977	1.0	900	0	0
GART__P1P2	8	0.73505	0.047063	0.093548	487	0	0	0.79292	0.74624	1.0	583	0	0
HRAS__P1	8	0.73685	0.051257	0.099465	488	0	0	0.56373	0.39545	1.0	363	0	0
PRR14L__P1P2	8	0.7389	0.051257	0.099465	489	0	0	0.74471	0.68132	1.0	538	0	0
POLE4__P1P2	8	0.73915	0.051257	0.099465	490	0	0	0.55609	0.38393	1.0	354	0	0
PLOD3__P1P2	8	0.73941	0.051257	0.099465	491	0	0	0.66572	0.5666	1.0	452	0	0
MLLT4__P1P2	8	0.74093	0.051257	0.099465	492	0	0	0.42896	0.17955	0.681735	253	0	0
FAF1__P1P2	8	0.74169	0.051257	0.099465	493	0	0	0.9767	0.98869	1.0	848	0	0
CCDC64__ENST00000397558.2	8	0.7422	0.051267	0.099465	494	0	0	0.19518	0.02065	0.182561	95	0	0
LRP6__P1P2	8	0.74396	0.051267	0.099465	495	0	0	0.077709	4.9462e-06	0.0001	34	0	0
C11orf58__P1P2	8	0.74471	0.051267	0.099465	496	0	0	0.41568	0.1606	0.637147	244	0	0
LDB3__P1P2	8	0.74521	0.051267	0.099465	497	0	0	0.95099	0.96493	1.0	796	0	0
UBE2O__P1P2	8	0.7467	0.051267	0.099465	498	0	0	0.98006	0.99132	1.0	850	0	0
FOXK2__P1P2	8	0.74695	0.051267	0.099465	499	0	0	0.6237	0.46403	1.0	424	0	0
SYT14__P1P2	8	0.74794	0.05565	0.106919	500	0	0	0.84173	0.80483	1.0	644	0	0
PORCN__P2	8	0.74843	0.05565	0.106919	501	0	0	0.84708	0.81214	1.0	650	0	0
ZNF532__P2	8	0.74868	0.05565	0.106919	502	0	0	0.22473	0.025122	0.193872	118	0	0
ILF3__P1P2	8	0.74966	0.055659	0.106919	503	0	0	0.96398	0.97672	1.0	825	0	0
HAX1__P1P2	8	0.74991	0.055659	0.106919	504	0	0	0.92852	0.93496	1.0	767	0	0
HIF1AN__P1P2	8	0.75064	0.059903	0.114844	505	0	0	0.18489	0.02065	0.182561	90	0	0
NKRF__P1P2	8	0.7526	0.064028	0.121573	506	0	0	0.99972	1.0	1.0	929	0	0
MYH9__P1P2	8	0.75284	0.064028	0.121573	507	0	0	0.74245	0.67983	1.0	536	0	0
RAC1__P1P2	8	0.75332	0.064038	0.121573	508	0	0	0.41928	0.16814	0.659022	246	0	0
SREBF1__P1	8	0.75381	0.064038	0.121573	509	0	0	0.89819	0.89238	1.0	723	0	0
SRSF11__P2	8	0.75454	0.064038	0.121573	510	0	0	0.22275	0.025122	0.193872	115	0	0
CAB39__P1P2	8	0.75622	0.067817	0.127029	511	0	0	0.67756	0.58181	1.0	463	0	0
C14orf169__P1P2	8	0.75766	0.067817	0.127029	512	0	0	0.81112	0.76943	1.0	602	0	0
AP1B1__P1P2	8	0.75813	0.067817	0.127029	513	0	0	0.91525	0.9187	1.0	743	0	0
KIRREL__P1P2	8	0.76004	0.067827	0.127029	514	0	0	0.33366	0.057925	0.296331	189	0	0
TFAP4__P1P2	8	0.76074	0.067827	0.127029	515	0	0	0.80803	0.76675	1.0	599	0	0
CENPO__P1P2	8	0.76122	0.067827	0.127029	516	0	0	0.77878	0.73004	1.0	570	0	0
EPC1__P1P2	8	0.76192	0.067827	0.127029	517	0	0	0.1382	0.0041103	0.065495	61	0	0
SUPT3H__P1P2	8	0.76333	0.071616	0.133866	518	0	0	0.69404	0.60546	1.0	478	0	0
CCNC__P1P2	8	0.7682	0.079678	0.146421	519	0	0	0.86875	0.84775	1.0	682	0	0
PRMT7__P1P2	8	0.76889	0.079678	0.146421	520	0	0	0.97623	0.98857	1.0	846	0	0
SALL2__P1P2	8	0.76957	0.079678	0.146421	521	0	0	0.57597	0.40904	1.0	375	0	0
GMEB1__P1P2	8	0.77026	0.079678	0.146421	522	0	0	0.95307	0.96588	1.0	799	0	0
LAMC1__P1P2	8	0.7723	0.079688	0.146421	523	0	0	0.89741	0.89102	1.0	722	0	0
STK3__P1P2	8	0.7732	0.079688	0.146421	524	0	0	0.77433	0.72432	1.0	567	0	0
AP3B1__P1P2	8	0.77343	0.079688	0.146421	525	0	0	0.36205	0.090659	0.421628	208	0	0
CALU__P1P2	8	0.77567	0.079688	0.146421	526	0	0	0.87782	0.86239	1.0	695	0	0
OXR1__ENST00000312046.6	8	0.77723	0.087839	0.156678	527	0	0	0.95753	0.97055	1.0	811	0	0
CUL3__P1P2	8	0.77745	0.087839	0.156678	528	0	0	0.49738	0.2816	0.880148	306	0	0
SF3A2__P2	8	0.77878	0.087839	0.156678	529	0	0	0.36926	0.098503	0.451628	212	0	0
ZNF286A__15602675	8	0.78032	0.087839	0.156678	530	0	0	0.45956	0.22225	0.760682	276	0	0
MSI1__P1P2	8	0.78097	0.087839	0.156678	531	0	0	0.28162	0.037913	0.240856	153	0	0
USF2__P1P2	8	0.78228	0.087849	0.156678	532	0	0	0.96055	0.97344	1.0	820	0	0
RHOG__P1P2	8	0.7825	0.087849	0.156678	533	0	0	0.57166	0.4037	1.0	372	0	0
UFC1__P1P2	8	0.78272	0.087849	0.156678	534	0	0	0.57946	0.41204	1.0	378	0	0
NUDT15__P1P2	8	0.78337	0.087849	0.156678	535	0	0	0.88373	0.86839	1.0	705	0	0
NR2E3__P1P2	8	0.78358	0.087849	0.156678	536	0	0	0.87369	0.85502	1.0	691	0	0
PYGO2__P1P2	8	0.78402	0.087849	0.156678	537	0	0	0.91582	0.91871	1.0	745	0	0
RBM15__110881839	8	0.78423	0.087849	0.156678	538	0	0	0.024095	4.9462e-06	0.0001	22	1	2.6187
CYFIP2__P1P2	8	0.78466	0.087849	0.156678	539	0	0	0.60027	0.43305	1.0	397	0	0
FAM179B__P1P2	8	0.78531	0.087849	0.156678	540	0	0	0.27976	0.037913	0.240856	152	0	0
GPR89A__ENST00000313835.9	8	0.78552	0.087849	0.156678	541	0	0	0.22803	0.025132	0.193872	121	0	0
UBE2E3__P1P2	8	0.78595	0.087849	0.156678	542	0	0	0.37694	0.11448	0.515158	216	0	0
MED12__P1P2	8	0.78893	0.091856	0.163523	543	0	0	0.14398	0.0082057	0.117294	66	0	0
TUBA1C__P1P2	8	0.78978	0.095882	0.167337	544	0	0	0.36594	0.098493	0.451628	210	0	0
HCN2__P1P2	8	0.78999	0.095882	0.167337	545	0	0	0.52041	0.31824	0.94887	323	0	0
FAM72A__ENST00000367128.3	8	0.79062	0.095882	0.167337	546	0	0	0.65022	0.53638	1.0	437	0	0
TRAPPC2L__P1P2	8	0.79313	0.095882	0.167337	547	0	0	0.49375	0.27484	0.873036	303	0	0
GAPVD1__P1P2	8	0.79458	0.095892	0.167337	548	0	0	0.51299	0.30579	0.928861	317	0	0
PDS5B__P1P2	8	0.79479	0.095892	0.167337	549	0	0	0.97439	0.98732	1.0	840	0	0
PKDCC__P1P2	8	0.7952	0.095892	0.167337	550	0	0	0.66635	0.5666	1.0	453	0	0
ZMIZ1__P1P2	11	0.7956	0.046895	0.093548	551	0	0	0.89145	0.85829	1.0	711	0	0
ZDHHC17__P1P2	8	0.79561	0.095892	0.167337	552	0	0	0.7732	0.72305	1.0	564	0	0
FAM115A__143579171	8	0.79643	0.095892	0.167337	553	0	0	0.98116	0.99214	1.0	852	0	0
FAM69B__P1P2	8	0.79746	0.095892	0.167337	554	0	0	0.73966	0.67496	1.0	535	0	0
TSPYL1__P1P2	8	0.79766	0.095892	0.167337	555	0	0	0.66158	0.56024	1.0	446	0	0
ZNF286B__18584835	8	0.8017	0.10316	0.179381	556	0	0	0.81093	0.76943	1.0	601	0	0
TMEM194A__P1P2	8	0.8029	0.10316	0.179381	557	0	0	0.9627	0.97517	1.0	823	0	0
ZNF121__P1P2	8	0.80528	0.11096	0.191923	558	0	0	0.66919	0.56661	1.0	458	0	0
FZR1__P1P2	8	0.80548	0.11096	0.191923	559	0	0	0.437	0.19724	0.731778	260	0	0
ARHGEF5__144052240	8	0.80587	0.11097	0.191923	560	0	0	0.71752	0.64241	1.0	509	0	0
FAM203A__ENST00000347708.4	8	0.80685	0.11514	0.198789	561	0	0	0.90732	0.90801	1.0	731	0	0
EVX2__P1P2	11	0.80811	0.046895	0.093548	562	0	0	0.92861	0.90683	1.0	768	0	0
PLCG1__P1P2	8	0.8088	0.12253	0.210443	563	0	0	0.77679	0.72574	1.0	569	0	0
POC1A__P1P2	8	0.80919	0.12254	0.210443	564	0	0	0.47479	0.2421	0.797702	290	0	0
RABL5__P1P2	8	0.81035	0.12621	0.215241	565	0	0	0.38454	0.13032	0.570578	222	0	0
PTPN20B__48826780	8	0.81074	0.12621	0.215241	566	0	0	0.48319	0.25489	0.831392	297	0	0
SLTM__P1P2	8	0.81112	0.12622	0.215241	567	0	0	0.93276	0.9406	1.0	774	0	0
C6orf47__P1P2	8	0.81227	0.12974	0.22049	568	0	0	0.90875	0.90968	1.0	733	0	0
TMX2__P1P2	8	0.81284	0.12975	0.22049	569	0	0	0.834	0.79633	1.0	632	0	0
SLC25A33__P1P2	8	0.81511	0.13725	0.232032	570	0	0	0.79643	0.75012	1.0	589	0	0
KIDINS220__P1P2	8	0.81568	0.13726	0.232032	571	0	0	0.81568	0.7755	1.0	607	0	0
HNRNPLL__P1P2	8	0.81606	0.13726	0.232032	572	0	0	0.88423	0.86905	1.0	706	0	0
FAM102A__P1P2	8	0.8168	0.1449	0.242012	573	0	0	0.29995	0.045955	0.269086	163	0	0
HEXIM1__P1P2	8	0.81829	0.1449	0.242012	574	0	0	0.99927	0.99999	1.0	919	0	0
CDK4__P1P2	8	0.81848	0.1449	0.242012	575	0	0	0.94324	0.9569	1.0	786	0	0
HIGD2A__P1P2	8	0.81941	0.14491	0.242012	576	0	0	0.52085	0.31824	0.94887	324	0	0
RSPRY1__P1P2	8	0.81959	0.14491	0.242012	577	0	0	0.47385	0.24209	0.797702	288	0	0
DDA1__P1P2	8	0.81977	0.14491	0.242012	578	0	0	0.27167	0.037913	0.240856	145	0	0
SLX1A__30205037	8	0.82014	0.14491	0.242012	579	0	0	0.82487	0.78264	1.0	620	0	0
AES__P1P2	8	0.82252	0.15277	0.254709	580	0	0	0.581	0.41205	1.0	381	0	0
HOXC4__ENST00000430889.2	8	0.82325	0.15637	0.259837	581	0	0	0.87179	0.8518	1.0	687	0	0
POLE3__P1P2	8	0.82379	0.15638	0.259837	582	0	0	0.31314	0.05374	0.295171	172	0	0
AP1G1__P1P2	8	0.82505	0.15994	0.265301	583	0	0	0.99152	0.99816	1.0	875	0	0
GDF7__P1P2	8	0.82577	0.16374	0.270694	584	0	0	0.51474	0.3058	0.928861	318	0	0
GNA13__P1P2	8	0.82684	0.16375	0.270694	585	0	0	0.49963	0.28161	0.880148	307	0	0
CWC25__P1P2	8	0.82719	0.16739	0.274859	586	0	0	0.39525	0.14521	0.61365	230	0	0
REC8__P1P2	8	0.82737	0.16739	0.274859	587	0	0	0.51911	0.31824	0.94887	321	0	0
KAT7__P1P2	8	0.82843	0.1674	0.274859	588	0	0	0.85211	0.81996	1.0	658	0	0
WNT3A__P1P2	8	0.82879	0.1674	0.274859	589	0	0	0.55851	0.38692	1.0	357	0	0
NOTCH2__120611488	8	0.82949	0.17092	0.280151	590	0	0	0.79623	0.75011	1.0	588	0	0
TNKS2__P1P2	8	0.83054	0.17444	0.284024	591	0	0	0.42439	0.17954	0.681735	248	0	0
PURB__P1P2	8	0.83176	0.17445	0.284024	592	0	0	0.92475	0.92939	1.0	760	0	0
ADD1__P1P2	8	0.83211	0.17445	0.284024	593	0	0	0.45618	0.21897	0.760682	270	0	0
VGLL3__P1P2	8	0.83228	0.17445	0.284024	594	0	0	0.94291	0.9566	1.0	785	0	0
KLLN__P1P2	8	0.83366	0.17805	0.288935	595	0	0	0.15116	0.012311	0.161837	70	0	0
SLC30A3__P1P2	8	0.83452	0.17806	0.288935	596	0	0	0.38723	0.13795	0.593367	224	0	0
XPO5__P1P2	8	0.83537	0.18497	0.298676	597	0	0	0.86861	0.84775	1.0	681	0	0
MESDC2__P1P2	8	0.83588	0.18497	0.298676	598	0	0	0.82595	0.78264	1.0	622	0	0
RSPH3__P1P2	8	0.83707	0.18498	0.298676	599	0	0	0.56969	0.40089	1.0	369	0	0
TRIP6__P1P2	8	0.83841	0.19944	0.321478	600	0	0	0.8035	0.76194	1.0	594	0	0
ZC3H14__P1P2	8	0.83891	0.2028	0.323694	601	0	0	0.71423	0.64055	1.0	506	0	0
PTPN12__P1P2	8	0.83941	0.2028	0.323694	602	0	0	0.3587	0.090659	0.421628	206	0	0
DNASE1L1__P1	8	0.83975	0.2028	0.323694	603	0	0	0.26602	0.037903	0.240856	140	0	0
MNT__P1P2	8	0.83991	0.2028	0.323694	604	0	0	0.93902	0.95197	1.0	782	0	0
ARHGEF18__P1P2	8	0.84107	0.20281	0.323694	605	0	0	0.76239	0.70431	1.0	555	0	0
DCAF4__P1P2	8	0.84222	0.20281	0.323694	606	0	0	0.81904	0.7767	1.0	613	0	0
KRTCAP3__P1P2	8	0.84288	0.20603	0.327765	607	0	0	0.36317	0.090659	0.421628	209	0	0
ATXN2L__P1P2	8	0.84304	0.20603	0.327765	608	0	0	0.41258	0.15685	0.624823	243	0	0
LOC643037__P1P2	8	0.84402	0.20945	0.331582	609	0	0	0.30657	0.049605	0.282023	168	0	0
SNAP29__P1P2	8	0.84434	0.20945	0.331582	610	0	0	0.58675	0.41743	1.0	386	0	0
SOS1__P1P2	8	0.84515	0.20946	0.331582	611	0	0	0.97385	0.98695	1.0	838	0	0
KIF22__P1	8	0.84547	0.21317	0.336375	612	0	0	0.66382	0.56444	1.0	449	0	0
CWC27__P1P2	8	0.84628	0.21318	0.336375	613	0	0	0.91371	0.91584	1.0	740	0	0
CTNNB1__P1P2	8	0.84692	0.21975	0.34509	614	0	0	0.13384	0.0041103	0.065495	57	0	0
NEUROD1__P1P2	8	0.84708	0.21975	0.34509	615	0	0	0.7197	0.64415	1.0	513	0	0
CEP128__P1P2	8	0.84756	0.21976	0.34509	616	0	0	0.95891	0.97178	1.0	816	0	0
SPINT1__P1P2	8	0.84851	0.23056	0.359152	617	0	0	0.86847	0.84774	1.0	680	0	0
GLYR1__P1P2	8	0.84883	0.23056	0.359152	618	0	0	0.38777	0.13796	0.593367	225	0	0
TTLL10__P1	8	0.84961	0.23057	0.359152	619	0	0	0.42795	0.17955	0.681735	252	0	0
FAM192A__P1P2	8	0.84993	0.23057	0.359152	620	0	0	0.2723	0.037913	0.240856	147	0	0
BCLAF1__P1P2	8	0.85009	0.23057	0.359152	621	0	0	0.8037	0.76194	1.0	595	0	0
HNRNPUL1__P1P2	11	0.85067	0.07491	0.139755	622	0	0	0.21003	0.018078	0.182561	105	0	0
USP15__P1P2	8	0.85273	0.24428	0.3799	623	0	0	0.59281	0.42272	1.0	391	0	0
NDC1__P1P2	8	0.85412	0.25055	0.389031	624	0	0	0.95642	0.96957	1.0	807	0	0
GTF2I__74071821	8	0.8561	0.2573	0.395729	625	0	0	0.66413	0.56444	1.0	450	0	0
MRE11A__P1P2	8	0.85625	0.2573	0.395729	626	0	0	0.92257	0.92615	1.0	757	0	0
HLA-DMA__P2	8	0.85775	0.25731	0.395729	627	0	0	0.8808	0.86388	1.0	699	0	0
AGO2__141644983	8	0.8579	0.25731	0.395729	628	0	0	0.26223	0.037903	0.240856	137	0	0
STX4__P1P2	8	0.85835	0.25731	0.395729	629	0	0	0.59767	0.43046	1.0	393	0	0
FAM115A__143598483	8	0.8585	0.25731	0.395729	630	0	0	0.44048	0.20099	0.737246	262	0	0
INTS6__P1P2	8	0.8588	0.26079	0.399205	631	0	0	0.32785	0.057915	0.296331	184	0	0
TNRC6A__P1P2	8	0.85984	0.2608	0.399205	632	0	0	0.77966	0.73005	1.0	571	0	0
EMD__P1P2	8	0.85998	0.2608	0.399205	633	0	0	0.40476	0.15684	0.624823	237	0	0
MLLT3__P1P2	8	0.86102	0.27086	0.41267	634	0	0	0.24433	0.02983	0.217387	132	0	0
PTBP3__P1P2	8	0.86116	0.27087	0.41267	635	0	0	0.82124	0.78144	1.0	614	0	0
PCNXL3__P1P2	8	0.8616	0.27087	0.41267	636	0	0	0.61947	0.45899	1.0	419	0	0
EAF1__P1P2	8	0.86248	0.27764	0.420374	637	0	0	0.44887	0.20466	0.745048	266	0	0
ATL3__P1P2	8	0.86291	0.27765	0.420374	638	0	0	0.60943	0.4461	1.0	406	0	0
S100A16__P1P2	8	0.86306	0.27765	0.420374	639	0	0	0.58023	0.41204	1.0	380	0	0
GTF3A__P1P2	8	0.86335	0.27765	0.420374	640	0	0	0.16817	0.016317	0.182561	83	0	0
SLC25A46__P1P2	8	0.86364	0.28073	0.423726	641	0	0	0.78054	0.7315	1.0	573	0	0
GATA3__P1P2	8	0.86421	0.28074	0.423726	642	0	0	0.61304	0.45648	1.0	409	0	0
ZFYVE9__P1P2	8	0.86507	0.28358	0.426701	643	0	0	0.97482	0.98766	1.0	842	0	0
TUFM__28856875	8	0.8655	0.28359	0.426701	644	0	0	0.61734	0.45898	1.0	416	0	0
ZNF710__P1P2	8	0.86678	0.28994	0.434241	645	0	0	0.81867	0.7767	1.0	612	0	0
CST1__P1P2	8	0.86692	0.28994	0.434241	646	0	0	0.71034	0.62975	1.0	502	0	0
DPP9__P1	8	0.86917	0.29988	0.447751	647	0	0	0.46004	0.22225	0.760682	277	0	0
MAP4K3__P1P2	8	0.86931	0.29988	0.447751	648	0	0	0.13964	0.0081958	0.117294	62	0	0
C14orf119__P1P2	8	0.87028	0.30618	0.454382	649	0	0	0.65708	0.55342	1.0	441	0	0
PRAMEF12__ENST00000357726.4	8	0.87097	0.30618	0.454382	650	0	0	0.66477	0.56444	1.0	451	0	0
TPI1__P1P2	8	0.87138	0.30619	0.454382	651	0	0	0.69754	0.60951	1.0	487	0	0
RPL29__P1P2	8	0.87165	0.30619	0.454382	652	0	0	0.84803	0.8141	1.0	653	0	0
CSNK2A1__P1P2	8	0.87288	0.30926	0.458233	653	0	0	0.072312	4.9462e-06	0.0001	32	1	1.1197
AHR__P1P2	11	0.87367	0.11936	0.205699	654	0	0	0.98808	0.99266	1.0	866	0	0
IFT52__P1P2	8	0.87369	0.31876	0.470869	655	0	0	0.34172	0.066501	0.329793	196	0	0
SGK3__ENST00000396596.1_ENST00000522398.1	8	0.87423	0.31876	0.470869	656	0	0	0.32552	0.057915	0.296331	180	0	0
RNF2__P1P2	8	0.87571	0.32204	0.474999	657	0	0	0.90074	0.8961	1.0	727	0	0
USP10__P1P2	8	0.87624	0.32527	0.478304	658	0	0	0.14326	0.0082057	0.117294	65	0	0
PPP6C__P1P2	8	0.87637	0.32527	0.478304	659	0	0	0.66793	0.56661	1.0	456	0	0
LRRC40__P1P2	8	0.87703	0.32817	0.480414	660	0	0	0.63308	0.49647	1.0	430	0	0
AKAP10__P1P2	8	0.87716	0.32817	0.480414	661	0	0	0.8711	0.85179	1.0	685	0	0
B3GAT3__P1P2	8	0.87756	0.32818	0.480414	662	0	0	0.1125	0.0041004	0.065495	50	0	0
UBE3A__P1P2	8	0.87887	0.33451	0.48675	663	0	0	0.73428	0.66492	1.0	530	0	0
FAM3B__P1P2	8	0.879	0.33451	0.48675	664	0	0	0.66667	0.5666	1.0	454	0	0
JPH3__P1P2	8	0.87951	0.33452	0.48675	665	0	0	0.81131	0.76943	1.0	603	0	0
STT3B__P1P2	8	0.88003	0.33452	0.48675	666	0	0	0.62545	0.46684	1.0	425	0	0
OGFR__P1P2	8	0.88055	0.33767	0.489889	667	0	0	0.75956	0.69664	1.0	553	0	0
PDLIM7__P1	8	0.8808	0.33768	0.489889	668	0	0	0.85134	0.81995	1.0	657	0	0
GNE__P1P2	11	0.88157	0.12473	0.213819	669	0	0	0.51177	0.20946	0.754042	316	0	0
GTDC1__P1P2	8	0.88284	0.34669	0.502214	670	0	0	0.72508	0.65477	1.0	521	0	0
PIH1D1__P1P2	8	0.88448	0.35531	0.512419	671	0	0	0.91862	0.92189	1.0	750	0	0
DMRT3__P1P2	8	0.88485	0.35532	0.512419	672	0	0	0.84547	0.81001	1.0	648	0	0
ARHGAP11A__32907502	8	0.88498	0.35532	0.512419	673	0	0	0.92397	0.92855	1.0	759	0	0
RBL1__P1P2	8	0.88572	0.36128	0.519494	674	0	0	0.98643	0.99561	1.0	861	0	0
TCTN1__P1P2	8	0.88621	0.36129	0.519494	675	0	0	0.56613	0.39833	1.0	365	0	0
JMJD1C__P1P2	8	0.88781	0.36404	0.521904	676	0	0	0.94931	0.96256	1.0	794	0	0
PTPN20A__46640202	8	0.88829	0.36404	0.521904	677	0	0	0.52344	0.32448	0.951043	325	0	0
POC1B__P1P2	8	0.88986	0.3723	0.530616	678	0	0	0.86763	0.84597	1.0	679	0	0
PRSS40A__131328218	8	0.88998	0.3723	0.530616	679	0	0	0.87124	0.85179	1.0	686	0	0
PPM1F__P1P2	8	0.89058	0.3723	0.530616	680	0	0	0.33655	0.066492	0.329793	191	0	0
DOCK2__P1P2	8	0.89069	0.3723	0.530616	681	0	0	0.89662	0.89101	1.0	720	0	0
SLC11A2__P1	8	0.89282	0.37514	0.533879	682	0	0	0.73324	0.66337	1.0	528	0	0
CDK2__P1P2	8	0.89398	0.37812	0.53733	683	0	0	0.30837	0.049615	0.282023	169	0	0
SMARCA5__P1P2	8	0.89502	0.38405	0.544954	684	0	0	0.25141	0.033758	0.240856	133	0	0
ARHGAP12__P1P2	8	0.89548	0.38705	0.54842	685	0	0	0.72454	0.65476	1.0	520	0	0
HIBADH__P1P2	8	0.89662	0.39003	0.551835	686	0	0	0.72159	0.64957	1.0	516	0	0
C17orf49__P2	8	0.89741	0.3957	0.559041	687	0	0	0.68454	0.59337	1.0	467	0	0
SPRR2G__P1P2	8	0.89864	0.40426	0.570301	688	0	0	0.58714	0.41743	1.0	387	0	0
ZIC2__P1P2	8	0.89897	0.40725	0.573697	689	0	0	0.79334	0.74624	1.0	585	0	0
TXNDC16__P1P2	8	0.90008	0.41532	0.581682	690	0	0	0.51955	0.31824	0.94887	322	0	0
SERF1A__70196291	8	0.90019	0.41532	0.581682	691	0	0	0.98228	0.99296	1.0	854	0	0
TP53BP1__P1	8	0.9003	0.41532	0.581682	692	0	0	0.2398	0.029821	0.217387	128	0	0
CACHD1__P1P2	8	0.90052	0.41532	0.581682	693	0	0	0.21075	0.02066	0.182561	106	0	0
BCL2L13__P1P2	8	0.90085	0.418	0.583404	694	0	0	0.091462	4.9462e-06	0.0001	39	0	0
TMEM229B__P1	8	0.90107	0.41801	0.583404	695	0	0	0.77253	0.72304	1.0	562	0	0
ZNF655__P1P2	8	0.90139	0.42032	0.583404	696	0	0	0.70894	0.62794	1.0	500	0	0
SKP2__P1P2	8	0.9015	0.42032	0.583404	697	0	0	0.23394	0.025132	0.193872	125	0	0
ZNF644__P1P2	8	0.90172	0.42032	0.583404	698	0	0	0.19927	0.02066	0.182561	97	0	0
DCUN1D3__P1P2	8	0.90247	0.42033	0.583404	699	0	0	0.22737	0.025122	0.193872	120	0	0
CAP1__P1P2	8	0.90301	0.42322	0.585178	700	0	0	0.32024	0.05375	0.295171	177	0	0
PTPN20A__46639859	8	0.90333	0.42323	0.585178	701	0	0	0.34058	0.066501	0.329793	195	0	0
IL18R1__P1	8	0.90397	0.42607	0.588266	702	0	0	0.72078	0.6477	1.0	514	0	0
SERF1B__69320873	8	0.90461	0.4317	0.593522	703	0	0	0.70866	0.62794	1.0	499	0	0
RRP8__P1P2	8	0.90503	0.43171	0.593522	704	0	0	0.61448	0.45648	1.0	411	0	0
GGCT__P1P2	8	0.90524	0.43171	0.593522	705	0	0	0.62685	0.47178	1.0	426	0	0
CHCHD3__P1P2	8	0.90618	0.43974	0.602874	706	0	0	0.46817	0.23207	0.785966	285	0	0
CAPZA1__P1P2	8	0.90691	0.43975	0.602874	707	0	0	0.81417	0.77425	1.0	605	0	0
NAIP__70315936	8	0.90732	0.44265	0.603241	708	0	0	0.47432	0.24209	0.797702	289	0	0
ANKRD17__P1P2	8	0.90753	0.44265	0.603241	709	0	0	0.2201	0.025122	0.193872	113	0	0
ROCK1__18690984	8	0.90794	0.44266	0.603241	710	0	0	0.53413	0.33657	0.951043	333	0	0
CORIN__P1P2	8	0.90814	0.44266	0.603241	711	0	0	0.33134	0.057925	0.296331	187	0	0
KIAA0247__P1P2	8	0.90875	0.44497	0.603241	712	0	0	0.92585	0.93102	1.0	761	0	0
OCIAD1__P1P2	8	0.90885	0.44497	0.603241	713	0	0	0.29267	0.045945	0.269086	158	0	0
ARID1A__P1P2	8	0.90956	0.44498	0.603241	714	0	0	0.84851	0.81411	1.0	654	0	0
FAM107A__P1P2	8	0.91006	0.44498	0.603241	715	0	0	0.87329	0.85501	1.0	690	0	0
PDZK1__145727481	8	0.91185	0.46008	0.62112	716	0	0	0.71146	0.63361	1.0	503	0	0
TTC23L__P1P2	8	0.91195	0.46008	0.62112	717	0	0	0.75405	0.68907	1.0	546	0	0
CREBBP__P1P2	8	0.91254	0.46009	0.62112	718	0	0	0.037748	4.9462e-06	0.0001	25	1	1.9594
HIST1H2AB__P1P2	8	0.91361	0.47019	0.632808	719	0	0	0.79354	0.74624	1.0	586	0	0
KMT2D__P1P2	8	0.91381	0.4702	0.632808	720	0	0	0.34458	0.070686	0.347004	198	0	0
CCDC94__P1P2	8	0.91448	0.47264	0.632808	721	0	0	0.69696	0.60951	1.0	485	0	0
CCDC77__P2	8	0.91477	0.47264	0.632808	722	0	0	0.81662	0.77551	1.0	609	0	0
UNC13B__P1P2	8	0.91582	0.47265	0.632808	723	0	0	0.3665	0.098493	0.451628	211	0	0
PFDN5__P1P2	8	0.91591	0.47265	0.632808	724	0	0	0.8328	0.79543	1.0	630	0	0
PAPPA__P1P2	8	0.91638	0.47518	0.63531	725	0	0	0.70357	0.62124	1.0	490	0	0
TRAPPC6B__P1P2	8	0.91666	0.47763	0.636838	726	0	0	0.83588	0.79731	1.0	637	0	0
SF1__P1P2	8	0.91676	0.47763	0.636838	727	0	0	0.95497	0.96849	1.0	803	0	0
ZNF43__P1	8	0.91806	0.48204	0.640975	728	0	0	0.61982	0.45899	1.0	420	0	0
GFRA4__ENST00000290417.2_ENST00000319242.3	8	0.91815	0.48205	0.640975	729	0	0	0.8414	0.80482	1.0	643	0	0
EIF4A1__P1P2	8	0.91889	0.48943	0.649012	730	0	0	0.092221	4.9462e-06	0.0001	40	0	0
KCTD3__P1P2	8	0.91898	0.48943	0.649012	731	0	0	0.32493	0.057915	0.296331	179	0	0
C20orf196__P1P2	8	0.92007	0.49396	0.654128	732	0	0	0.68484	0.59337	1.0	468	0	0
PKNOX1__P1P2	9	0.92041	0.42075	0.583404	733	0	0	0.75776	0.68363	1.0	552	0	0
RTKN2__P1P2	8	0.92097	0.49849	0.659229	734	0	0	0.74966	0.68438	1.0	542	0	0
PAXIP1__P1P2	8	0.92213	0.50518	0.667165	735	0	0	0.81829	0.77669	1.0	611	0	0
NDUFC1__P2	8	0.92231	0.50735	0.66913	736	0	0	0.9704	0.98305	1.0	834	0	0
SAP30BP__P1P2	8	0.92327	0.51206	0.674425	737	0	0	0.43098	0.18313	0.692626	256	0	0
HEXIM2__P2	11	0.9234	0.28624	0.430025	738	0	0	0.54832	0.26035	0.840739	349	0	0
ARAP3__P1P2	8	0.92492	0.51444	0.674809	739	0	0	0.42031	0.16815	0.659022	247	0	0
ELK3__P1P2	8	0.92509	0.51444	0.674809	740	0	0	0.83245	0.79543	1.0	629	0	0
DHRSX__P1P2	8	0.92526	0.51444	0.674809	741	0	0	0.77298	0.72305	1.0	563	0	0
BCR__P1P2	8	0.92543	0.51687	0.677088	742	0	0	0.4365	0.19724	0.731778	259	0	0
CHST15__P2	8	0.92585	0.51892	0.677956	743	0	0	0.62893	0.47923	1.0	427	0	0
TM9SF2__P1P2	8	0.92619	0.51893	0.677956	744	0	0	0.53708	0.33658	0.951043	338	0	0
PCDHGA12__P1P2	8	0.92653	0.52139	0.67936	745	0	0	0.8023	0.75909	1.0	592	0	0
CNR1__P1P2	8	0.92661	0.5214	0.67936	746	0	0	0.39419	0.14165	0.601255	229	0	0
PLA2G7__P1P2	8	0.92703	0.52346	0.681128	747	0	0	0.84692	0.81214	1.0	649	0	0
SRSF6__P1	8	0.92795	0.53025	0.689036	748	0	0	0.16465	0.016308	0.182561	80	0	0
DSCR3__P1P2	8	0.92819	0.53403	0.689364	749	0	0	0.75089	0.68614	1.0	543	0	0
PTRHD1__P1P2	8	0.92861	0.53403	0.689364	750	0	0	0.40108	0.15312	0.624823	233	0	0
GMPR2__P1P2	8	0.92877	0.53403	0.689364	751	0	0	0.50412	0.29105	0.898092	311	0	0
G0S2__P1P2	8	0.92885	0.53404	0.689364	752	0	0	0.84993	0.81787	1.0	655	0	0
C11orf73__P1P2	8	0.92942	0.53404	0.689364	753	0	0	0.50857	0.30297	0.926086	313	0	0
KLF5__P1P2	8	0.92966	0.53877	0.693639	754	0	0	0.97629	0.98857	1.0	847	0	0
BTBD9__P1P2	8	0.92983	0.53878	0.693639	755	0	0	0.24175	0.029821	0.217387	130	0	0
NPY4R__P1P2	8	0.93047	0.54337	0.697712	756	0	0	0.62194	0.46151	1.0	422	0	0
BIVM__P1	8	0.93103	0.54338	0.697712	757	0	0	0.82773	0.78741	1.0	624	0	0
PINK1__P1P2	8	0.93142	0.5457	0.69976	758	0	0	0.41774	0.16449	0.649918	245	0	0
MED19__P1P2	8	0.93237	0.54774	0.701448	759	0	0	0.75381	0.68907	1.0	545	0	0
HIVEP1__P1P2	8	0.93252	0.5498	0.703169	760	0	0	0.44838	0.20466	0.745048	265	0	0
CORO1B__67206891	8	0.93475	0.56472	0.721299	761	0	0	0.50323	0.29104	0.898092	310	0	0
IFT172__P1P2	8	0.93528	0.57377	0.730952	762	0	0	0.31788	0.05375	0.295171	176	0	0
ROR1__P1P2	8	0.93551	0.57378	0.730952	763	0	0	0.45908	0.22225	0.760682	275	0	0
PHF6__P1P2	8	0.93611	0.5758	0.732563	764	0	0	0.42592	0.17954	0.681735	249	0	0
ITGB3__P1P2	8	0.93685	0.57811	0.733575	765	0	0	0.72879	0.65994	1.0	523	0	0
TOP1__P1P2	8	0.93714	0.57811	0.733575	766	0	0	0.70641	0.6247	1.0	496	0	0
SCAF11__P1P2	8	0.94022	0.6046	0.765193	767	0	0	0.39045	0.14164	0.601255	227	0	0
SHC1__P2	8	0.94029	0.6046	0.765193	768	0	0	0.4677	0.23206	0.785966	284	0	0
ZEB2__P1	8	0.94043	0.60675	0.765928	769	0	0	0.59168	0.42272	1.0	389	0	0
FBXO28__P1P2	8	0.94057	0.60675	0.765928	770	0	0	0.26854	0.037903	0.240856	143	0	0
USP48__P1P2	8	0.9412	0.61063	0.768838	771	0	0	0.50278	0.29104	0.898092	309	0	0
ADAMTS16__P2	8	0.94134	0.61064	0.768838	772	0	0	0.33192	0.057925	0.296331	188	0	0
TMTC2__P1P2	8	0.94161	0.61249	0.77017	773	0	0	0.75454	0.68908	1.0	547	0	0
CCR6__ENST00000400926.2	8	0.9423	0.61822	0.776368	774	0	0	0.85745	0.83011	1.0	663	0	0
ISOC2__P1	8	0.94344	0.63079	0.790128	775	0	0	0.74396	0.68131	1.0	537	0	0
NSG1__NM_001040101_NM_014392	8	0.94398	0.6308	0.790128	776	0	0	0.35478	0.090649	0.421628	202	0	0
GLCE__P1P2	8	0.94424	0.63252	0.791264	777	0	0	0.44494	0.201	0.737246	264	0	0
MIR205HG__P2	8	0.94437	0.6343	0.792472	778	0	0	0.86219	0.83537	1.0	670	0	0
CNTD2__P1	8	0.94451	0.63603	0.792597	779	0	0	0.83503	0.7973	1.0	634	0	0
FCGR1A__149755456	8	0.94457	0.63603	0.792597	780	0	0	0.72267	0.65141	1.0	518	0	0
XKR8__P1P2	8	0.94561	0.64801	0.806492	781	0	0	0.53582	0.33657	0.951043	336	0	0
FBXL14__P1P2	8	0.946	0.64996	0.806794	782	0	0	0.65055	0.53639	1.0	438	0	0
ZBTB2__P1P2	8	0.94645	0.65157	0.806794	783	0	0	0.95524	0.9685	1.0	804	0	0
PRKCI__P1P2	8	0.94664	0.65157	0.806794	784	0	0	0.4557	0.21896	0.760682	269	0	0
TBC1D31__P1P2	8	0.94702	0.65324	0.806794	785	0	0	0.75694	0.69506	1.0	550	0	0
GTF2IRD2B__74508172	8	0.94714	0.65324	0.806794	786	0	0	0.78702	0.7397	1.0	577	0	0
MAGED2__P2	8	0.94727	0.65324	0.806794	787	0	0	0.47243	0.24209	0.797702	286	0	0
FNIP1__P1P2	8	0.94827	0.65673	0.810078	788	0	0	0.19039	0.02065	0.182561	93	0	0
C19orf70__P1P2	8	0.94888	0.66176	0.813089	789	0	0	0.58446	0.41742	1.0	383	0	0
BEND2__P1P2	8	0.94901	0.66176	0.813089	790	0	0	0.69346	0.60546	1.0	477	0	0
HYDIN__71263838	8	0.94955	0.66515	0.81325	791	0	0	0.42997	0.17955	0.681735	255	0	0
FCGR1B__120935150	8	0.94961	0.66516	0.81325	792	0	0	0.88805	0.87728	1.0	709	0	0
ATP6V0E1__P1P2	8	0.94973	0.66516	0.81325	793	0	0	0.54584	0.34569	0.962792	347	0	0
TMEM81__ENST00000367167.3	8	0.95003	0.66856	0.815371	794	0	0	0.25397	0.033768	0.240856	134	0	0
DHRS3__P1P2	8	0.95051	0.66857	0.815371	795	0	0	0.72294	0.65141	1.0	519	0	0
HIST2H2BE__149857437	8	0.95233	0.67874	0.825933	796	0	0	0.95758	0.97055	1.0	812	0	0
ATP12A__P1P2	8	0.95244	0.68062	0.825933	797	0	0	0.51868	0.31823	0.94887	320	0	0
TATDN2__P1P2	8	0.9525	0.68063	0.825933	798	0	0	0.20671	0.02066	0.182561	102	0	0
UBE2M__P1P2	8	0.95273	0.68219	0.826797	799	0	0	0.19176	0.02065	0.182561	94	0	0
TULP3__P2	8	0.95284	0.68376	0.827659	800	0	0	0.64924	0.53422	1.0	436	0	0
ING5__P1P2	8	0.95318	0.68995	0.834063	801	0	0	0.27728	0.037913	0.240856	150	0	0
PRCP__P1	8	0.95335	0.69161	0.834063	802	0	0	0.65902	0.5582	1.0	443	0	0
PHYH__P1P2	8	0.95341	0.69162	0.834063	803	0	0	0.89329	0.88595	1.0	713	0	0
GRWD1__P1P2	8	0.95363	0.69329	0.835043	804	0	0	0.43249	0.18656	0.700123	257	0	0
CFC1B__131278628	8	0.95403	0.69502	0.835059	805	0	0	0.45083	0.2083	0.752699	267	0	0
SND1__P1P2	8	0.9543	0.69502	0.835059	806	0	0	0.099778	4.9462e-06	0.0001	46	0	0
STMND1__P1P2	8	0.95529	0.70116	0.837996	807	0	0	0.30897	0.049615	0.282023	170	0	0
DCP1A__P1P2	8	0.9554	0.70117	0.837996	808	0	0	0.75162	0.68614	1.0	544	0	0
MBD6__P1P2	8	0.95578	0.70263	0.837996	809	0	0	0.37912	0.11821	0.527104	217	0	0
ZNF462__P1P2	8	0.95605	0.70264	0.837996	810	0	0	0.72213	0.6514	1.0	517	0	0
CSPP1__P1P2	8	0.9561	0.70264	0.837996	811	0	0	0.83469	0.7973	1.0	633	0	0
TMED2__P1P2	8	0.95616	0.70264	0.837996	812	0	0	0.70726	0.62471	1.0	498	0	0
KAT6A__P1P2	8	0.95674	0.70875	0.844251	813	0	0	0.76286	0.70432	1.0	556	0	0
KAT6B__P1P2	8	0.95784	0.71503	0.850679	814	0	0	0.18764	0.02065	0.182561	92	0	0
ZNRF3__P1P2	8	0.95851	0.72349	0.859701	815	0	0	0.56692	0.39833	1.0	366	0	0
TCF3__P1P2	8	0.95937	0.72909	0.864253	816	0	0	0.16606	0.016308	0.182561	81	0	0
CISD1__P1P2	8	0.95947	0.7291	0.864253	817	0	0	0.92877	0.93553	1.0	769	0	0
HDAC8__P1P2	8	0.96021	0.73622	0.871633	818	0	0	0.95386	0.96644	1.0	801	0	0
INPP4A__P1P2	8	0.96161	0.74151	0.876819	819	0	0	0.57985	0.41204	1.0	379	0	0
CHRNA7__32322509	8	0.96195	0.74414	0.878861	820	0	0	0.3867	0.13795	0.593367	223	0	0
CAPG__P1	8	0.96232	0.74636	0.88042	821	0	0	0.93063	0.9387	1.0	771	0	0
PPP1R16B__P1P2	8	0.96316	0.75503	0.889563	822	0	0	0.20941	0.02066	0.182561	104	0	0
C11orf71__P1P2	8	0.96393	0.76104	0.895564	823	0	0	0.83072	0.79313	1.0	626	0	0
TMEM198__P1P2	8	0.96433	0.76347	0.896603	824	0	0	0.69725	0.60951	1.0	486	0	0
TRIM28__P1P2	8	0.96447	0.76469	0.896603	825	0	0	0.37146	0.10273	0.468784	213	0	0
FUT7__P1P2	8	0.96469	0.7647	0.896603	826	0	0	0.34344	0.070676	0.347004	197	0	0
PSMG3__P2	8	0.96504	0.7685	0.899983	827	0	0	0.96955	0.98264	1.0	832	0	0
GTF2IRD2__74267046	8	0.96583	0.77358	0.904835	828	0	0	0.4058	0.15684	0.624823	238	0	0
GPRIN2__46993345	8	0.96668	0.7787	0.909734	829	0	0	0.45763	0.21897	0.760682	273	0	0
ATP1A1__P1P2	8	0.96701	0.78082	0.91002	830	0	0	0.89468	0.88845	1.0	717	0	0
PMAIP1__57567020	8	0.96912	0.79833	0.925833	831	0	0	6.704e-07	4.9462e-06	0.0001	10	3	3.096
MAP3K7__P1P2	8	0.96928	0.79833	0.925833	832	0	0	0.21943	0.025122	0.193872	112	0	0
CLDN3__P1P2	8	0.96947	0.79834	0.925833	833	0	0	0.2779	0.037913	0.240856	151	0	0
SMCHD1__P1P2	8	0.96974	0.79834	0.925833	834	0	0	0.24045	0.029821	0.217387	129	0	0
ZNF740__P1P2	8	0.96986	0.79915	0.925833	835	0	0	0.78936	0.74237	1.0	579	0	0
TADA2B__P1P2	8	0.97081	0.80442	0.930832	836	0	0	1.2042e-05	4.9462e-06	0.0001	11	3	3.1203
MTF2__P1P2	8	0.971	0.80651	0.931556	837	0	0	0.094494	4.9462e-06	0.0001	42	0	0
EXT1__P1P2	8	0.97155	0.80945	0.933314	838	0	0	0.098271	4.9462e-06	0.0001	44	0	0
PDS5A__P1P2	8	0.97195	0.81158	0.934669	839	0	0	0.80409	0.76195	1.0	596	0	0
TM9SF3__P1P2	8	0.97228	0.81477	0.937227	840	0	0	0.38075	0.12221	0.537526	219	0	0
ARF1__P1P2	8	0.97361	0.82223	0.944689	841	0	0	0.672	0.57216	1.0	461	0	0
ELMO3__P1P2	8	0.97385	0.82427	0.945908	842	0	0	0.94901	0.96255	1.0	793	0	0
AMOTL1__P1P2	8	0.97395	0.82524	0.945908	843	0	0	0.71697	0.6424	1.0	508	0	0
FAM222B__P1	11	0.97433	0.66251	0.813089	844	0	0	0.76533	0.65466	1.0	557	0	0
LYPLA2__P1P2	8	0.97442	0.82722	0.945956	845	0	0	0.66856	0.56661	1.0	457	0	0
ATP2C1__P1P2	8	0.97445	0.82722	0.945956	846	0	0	0.38831	0.13796	0.593367	226	0	0
DENND5A__P1P2	11	0.97462	0.66252	0.813089	847	0	0	0.8612	0.81245	1.0	669	0	0
MED25__P1P2	8	0.97515	0.83207	0.950091	848	0	0	0.43299	0.18656	0.700123	258	0	0
TRIM52__P1P2	8	0.97528	0.83285	0.950091	849	0	0	0.3377	0.066492	0.329793	192	0	0
MED13L__P1P2	8	0.9755	0.83377	0.950091	850	0	0	0.30477	0.049605	0.282023	167	0	0
C6orf62__P1	11	0.97591	0.68	0.825933	851	0	0	0.69533	0.51915	1.0	482	0	0
HIST1H1E__P1P2	8	0.97595	0.84046	0.95659	852	0	0	0.30176	0.045955	0.269086	165	0	0
SRGAP2__206636520	8	0.97651	0.84236	0.95763	853	0	0	0.90996	0.91027	1.0	737	0	0
FAM122A__P1P2	8	0.97737	0.84875	0.962655	854	0	0	0.18281	0.02065	0.182561	89	0	0
PTPN20B__48806138	8	0.97746	0.84876	0.962655	855	0	0	0.70698	0.62471	1.0	497	0	0
NONO__P1P2	8	0.97784	0.85119	0.96429	856	0	0	0.54997	0.36398	1.0	351	0	0
SMAD1__P1P2	8	0.97813	0.85522	0.967723	857	0	0	0.76051	0.69839	1.0	554	0	0
EIF4B__P1P2	8	0.97865	0.85829	0.970064	858	0	0	0.19586	0.02065	0.182561	96	0	0
ZSCAN18__P2	8	0.97941	0.86637	0.977785	859	0	0	0.83383	0.79633	1.0	631	0	0
CD8B__87088218	8	0.97952	0.86713	0.977785	860	0	0	0.49238	0.27139	0.864896	302	0	0
BOLA2__29465484	8	0.97993	0.86855	0.978246	861	0	0	0.67817	0.58181	1.0	464	0	0
CDK10__P1P2	8	0.98014	0.87001	0.97876	862	0	0	0.26728	0.037903	0.240856	142	0	0
SFPQ__P1P2	8	0.98041	0.87296	0.979809	863	0	0	0.32727	0.057915	0.296331	183	0	0
ZC3H7B__P1P2	8	0.98044	0.87296	0.979809	864	0	0	0.47526	0.2421	0.797702	291	0	0
LHFP__P1P2	8	0.98119	0.87702	0.983237	865	0	0	0.33424	0.057925	0.296331	190	0	0
MED13__P1P2	8	0.98262	0.88492	0.990944	866	0	0	0.074628	4.9462e-06	0.0001	33	0	0
CHAMP1__P1P2	8	0.98328	0.88806	0.993322	867	0	0	0.29874	0.045955	0.269086	162	0	0
SOX2__P1P2	11	0.98349	0.77982	0.909947	868	0	0	0.27185	0.029969	0.217387	146	0	0
KDM4A__P1P2	8	0.98417	0.89413	0.99782	869	0	0	0.69081	0.6014	1.0	474	0	0
KDM5C__P1P2	8	0.9842	0.89414	0.99782	870	0	0	0.17238	0.016317	0.182561	86	0	0
RALGAPA1__P1P2	8	0.98557	0.90485	1.0	871	0	0	0.31551	0.05374	0.295171	174	0	0
ICMT__P1P2	8	0.98563	0.90485	1.0	872	0	0	0.46149	0.22225	0.760682	280	0	0
WDR37__P1P2	8	0.98565	0.90485	1.0	873	0	0	0.22671	0.025122	0.193872	119	0	0
CCNK__P2	11	0.98592	0.80697	0.931556	874	0	0	0.85307	0.79562	1.0	660	0	0
TTBK2__P1P2	8	0.98593	0.9068	1.0	875	0	0	0.23328	0.025132	0.193872	124	0	0
ZNF90__P1P2	8	0.98662	0.91267	1.0	876	0	0	0.5689	0.40089	1.0	368	0	0
NCF1__74188108	8	0.9867	0.91268	1.0	877	0	0	0.92133	0.92339	1.0	755	0	0
SAP30__P1P2	8	0.98713	0.91544	1.0	878	0	0	0.23915	0.029821	0.217387	127	0	0
H2AFX__P1P2	8	0.98788	0.91845	1.0	879	0	0	0.80449	0.76195	1.0	597	0	0
PCGF2__P1	8	0.98798	0.91846	1.0	880	0	0	0.40842	0.15684	0.624823	240	0	0
LRRC28__P1P2	8	0.98806	0.91846	1.0	881	0	0	0.55892	0.38693	1.0	358	0	0
SLX1B__29465621	8	0.9881	0.91905	1.0	882	0	0	0.71395	0.64055	1.0	505	0	0
RPS4Y1__P1P2	8	0.98815	0.91905	1.0	883	0	0	0.95192	0.96547	1.0	797	0	0
CYP51A1__P1P2	8	0.98842	0.92007	1.0	884	0	0	0.064553	4.9462e-06	0.0001	31	1	1.3592
YPEL3__P1P2	8	0.98923	0.92839	1.0	885	0	0	0.050445	4.9462e-06	0.0001	28	1	1.6572
OPRD1__P1P2	8	0.98934	0.92949	1.0	886	0	0	0.87531	0.8568	1.0	693	0	0
PPFIBP1__P1P2	8	0.98975	0.93158	1.0	887	0	0	0.85998	0.83436	1.0	667	0	0
GTF2H2C__68855815	8	0.98996	0.93336	1.0	888	0	0	0.86335	0.83824	1.0	673	0	0
RNF126__P1P2	8	0.99025	0.93539	1.0	889	0	0	0.20266	0.02066	0.182561	98	0	0
CSDE1__P1P2	8	0.99071	0.93935	1.0	890	0	0	2.451e-09	4.9462e-06	0.0001	7	5	1.5247
SLC4A1AP__P1P2	8	0.99094	0.94071	1.0	891	0	0	0.18004	0.02065	0.182561	88	0	0
PTPN20A__46619211	8	0.99116	0.94287	1.0	892	0	0	0.65934	0.55821	1.0	444	0	0
SUPT7L__P1P2	8	0.99137	0.94385	1.0	893	0	0	0.11399	0.0041004	0.065495	52	0	0
TICAM2__P2	8	0.9917	0.9456	1.0	894	0	0	0.56173	0.39544	1.0	360	0	0
DEDD__P1P2	8	0.99203	0.94808	1.0	895	0	0	0.21343	0.02066	0.182561	108	0	0
MAZ__P1P2	8	0.99248	0.952	1.0	896	0	0	0.29023	0.045945	0.269086	156	0	0
IFT88__P1P2	8	0.99305	0.95717	1.0	897	0	0	0.42946	0.17955	0.681735	254	0	0
CCNE1__P1P2	8	0.99306	0.95717	1.0	898	0	0	0.68664	0.59533	1.0	469	0	0
NOSIP__P1P2	8	0.99356	0.96174	1.0	899	0	0	0.21877	0.025122	0.193872	111	0	0
PTPRF__P1P2	8	0.99358	0.96174	1.0	900	0	0	0.13311	0.0041103	0.065495	56	0	0
LSM12__P1P2	8	0.99413	0.96465	1.0	901	0	0	0.47291	0.24209	0.797702	287	0	0
TRIP12__P1P2	8	0.99417	0.96465	1.0	902	0	0	0.00068739	4.9462e-06	0.0001	14	2	1.8835
TCTN2__P1P2	8	0.99454	0.96843	1.0	903	0	0	0.43849	0.19725	0.731778	261	0	0
NXT1__P1P2	8	0.9953	0.97458	1.0	904	0	0	0.5744	0.40632	1.0	373	0	0
PCSK1N__P1P2	11	0.99553	0.94127	1.0	905	0	0	0.47886	0.15584	0.624823	294	0	0
EYA3__P1P2	8	0.99565	0.97693	1.0	906	0	0	0.11324	0.0041004	0.065495	51	0	0
PATL1__P1P2	8	0.99569	0.97707	1.0	907	0	0	0.15044	0.012311	0.161837	69	0	0
DUSP22__292259	8	0.99577	0.97798	1.0	908	0	0	0.60469	0.44083	1.0	400	0	0
FAM98A__P1P2	8	0.99596	0.97932	1.0	909	0	0	0.099025	4.9462e-06	0.0001	45	0	0
CCDC101__P1P2	8	0.99608	0.98007	1.0	910	0	0	0.054382	4.9462e-06	0.0001	29	1	1.7261
PTPN14__P1P2	8	0.99623	0.98071	1.0	911	0	0	0.61555	0.45649	1.0	413	0	0
NCOA6__P1P2	8	0.99648	0.98243	1.0	912	0	0	0.26476	0.037903	0.240856	139	0	0
ZMYM4__P1P2	11	0.99654	0.95285	1.0	913	0	0	0.27524	0.029969	0.217387	148	0	0
KATNA1__P1P2	8	0.99655	0.98293	1.0	914	0	0	0.14829	0.012311	0.161837	68	0	0
FBXO42__P1P2	8	0.99678	0.98446	1.0	915	0	0	0.00089753	4.9462e-06	0.0001	15	2	1.7074
GPR137__P1	8	0.99724	0.98695	1.0	916	0	0	0.18695	0.02065	0.182561	91	0	0
SERTAD1__P1P2	8	0.99753	0.98868	1.0	917	0	0	0.22076	0.025122	0.193872	114	0	0
PICALM__P1P2	8	0.99757	0.98878	1.0	918	0	0	0.21544	0.02066	0.182561	109	0	0
NBPF14__148025047	8	0.99795	0.99032	1.0	919	0	0	0.46579	0.22578	0.770024	283	0	0
UHMK1__P1P2	8	0.99802	0.99081	1.0	920	0	0	0.5354	0.33657	0.951043	335	0	0
RBM5__P1P2	8	0.99819	0.99203	1.0	921	0	0	0.3261	0.057915	0.296331	181	0	0
KDM3A__P1P2	8	0.99824	0.99227	1.0	922	0	0	0.38183	0.12222	0.537526	221	0	0
NAIP__70319713	8	0.99842	0.99289	1.0	923	0	0	0.67664	0.57998	1.0	462	0	0
EVI5__P1P2	8	0.99842	0.99294	1.0	924	0	0	0.20469	0.02066	0.182561	101	0	0
IFT57__P1P2	8	0.9985	0.99347	1.0	925	0	0	0.53286	0.33657	0.951043	331	0	0
CLK3__P2	8	0.99875	0.99487	1.0	926	0	0	0.15259	0.012311	0.161837	72	0	0
USP22__P1P2	8	0.9988	0.99511	1.0	927	0	0	0.24304	0.029821	0.217387	131	0	0
L3MBTL2__P1P2	8	0.99895	0.99594	1.0	928	0	0	0.093737	4.9462e-06	0.0001	41	0	0
GPR137__P2	8	0.99913	0.99685	1.0	929	0	0	0.16747	0.016317	0.182561	82	0	0
SUFU__104263513	8	0.99922	0.99726	1.0	930	0	0	0.0021524	4.9462e-06	0.0001	18	2	1.2131
MARCKS__P1P2	8	0.99928	0.99748	1.0	931	0	0	0.48734	0.26449	0.848455	300	0	0
FAM60A__P1P2	8	0.99937	0.99795	1.0	932	0	0	0.16112	0.016308	0.182561	76	0	0
CHEK2__P1P2	8	0.9995	0.9986	1.0	933	0	0	5.1869e-09	4.9462e-06	0.0001	8	4	2.444
GPATCH8__P1P2	8	0.99954	0.99868	1.0	934	0	0	0.12433	0.0041103	0.065495	54	0	0
KCTD10__P1P2	8	0.99955	0.99873	1.0	935	0	0	0.54085	0.33658	0.951043	342	0	0
ATM__P1P2	8	0.99963	0.99895	1.0	936	0	0	0.08766	4.9462e-06	0.0001	36	0	0
OCLN__68788394	8	0.99969	0.99912	1.0	937	0	0	0.32669	0.057915	0.296331	182	0	0
DOT1L__P1P2	8	0.99969	0.99918	1.0	938	0	0	0.0016046	4.9462e-06	0.0001	16	2	1.6154
ZBTB7B__P1P2	8	0.99971	0.99927	1.0	939	0	0	0.16041	0.016308	0.182561	75	0	0
UBE2R2__P1P2	8	0.99975	0.9994	1.0	940	0	0	0.30357	0.045955	0.269086	166	0	0
MID1IP1__P1P2	8	0.99976	0.99941	1.0	941	0	0	0.35646	0.090649	0.421628	204	0	0
CBLL1__P1P2	8	0.99978	0.99948	1.0	942	0	0	0.0017343	4.9462e-06	0.0001	17	2	1.4796
KIAA1429__P1P2	8	0.99978	0.99948	1.0	943	0	0	2.3066e-09	4.9462e-06	0.0001	6	5	1.7013
IFT46__P1P2	8	0.99979	0.99956	1.0	944	0	0	0.68364	0.59152	1.0	466	0	0
STRADA__P1P2	8	0.99986	0.99978	1.0	945	0	0	0.22407	0.025122	0.193872	117	0	0
PRPF40A__P1P2	8	0.99988	0.99984	1.0	946	0	0	0.14253	0.0081958	0.117294	64	0	0
FAM64A__P1P2	8	0.99991	0.99992	1.0	947	0	0	0.11621	0.0041004	0.065495	53	0	0
B4GALT7__P1P2	8	0.99993	0.99993	1.0	948	0	0	0.11027	0.0041004	0.065495	49	0	0
KIFAP3__P1P2	8	0.99996	0.99999	1.0	949	0	0	0.17098	0.016317	0.182561	84	0	0
PCGF1__P1P2	8	0.99997	1.0	1.0	950	0	0	0.0022513	4.9462e-06	0.0001	19	2	1.6053
CSK__P1P2	8	0.99998	1.0	1.0	951	0	0	0.13602	0.0041103	0.065495	59	0	0
PAN3__P1P2	8	0.99998	1.0	1.0	952	0	0	0.15899	0.016308	0.182561	74	0	0
INPPL1__P1P2	8	0.99998	1.0	1.0	953	0	0	0.15187	0.012311	0.161837	71	0	0
ZNF532__P1	8	0.99998	1.0	1.0	954	0	0	0.16183	0.016308	0.182561	77	0	0
SHCBP1__P1P2	8	0.99999	1.0	1.0	955	0	0	0.16253	0.016308	0.182561	78	0	0
BBC3__P1P2	8	1.0	1.0	1.0	956	0	0	3.7203e-05	4.9462e-06	0.0001	13	3	1.6589
ZNF787__P1P2	8	1.0	1.0	1.0	957	0	0	1.6857e-05	4.9462e-06	0.0001	12	3	1.9337
IBTK__P1	8	1.0	1.0	1.0	958	0	0	0.14542	0.0082057	0.117294	67	0	0
SGK223__P1P2	8	1.0	1.0	1.0	959	0	0	4.9436e-07	4.9462e-06	0.0001	9	4	1.3481
SOX4__P1	8	1.0	1.0	1.0	960	0	0	1.1472e-14	4.9462e-06	0.0001	4	7	1.7844
PAN2__P1P2	8	1.0	1.0	1.0	961	0	0	0.031344	4.9462e-06	0.0001	24	1	2.0876
TAF5L__P1P2	8	1.0	1.0	1.0	962	0	0	0.0024035	4.9462e-06	0.0001	20	2	1.3813
GPI__P1P2	8	1.0	1.0	1.0	963	0	0	0.090703	4.9462e-06	0.0001	38	0	0
BAD__P1P2	8	1.0	1.0	1.0	964	0	0	0.13529	0.0041103	0.065495	58	0	0
CCDC6__P1P2	8	1.0	1.0	1.0	965	0	0	0.049655	4.9462e-06	0.0001	27	1	1.6703
LEO1__P1P2	8	1.0	1.0	1.0	966	0	0	0.083844	4.9462e-06	0.0001	35	0	0
USP28__P1P2	8	1.0	1.0	1.0	967	0	0	1.0424e-14	4.9462e-06	0.0001	3	7	1.886
CTNND1__P1P2	8	1.0	1.0	1.0	968	0	0	0.089943	4.9462e-06	0.0001	37	0	0
TP53__P1P2	8	1.0	1.0	1.0	969	0	0	4.1837e-13	4.9462e-06	0.0001	5	6	3.0929
BAK1__33547269	8	1.0	1.0	1.0	970	0	0	1.6e-20	4.9462e-06	0.0001	1	8	2.5377
SUPT20H__P1P2	8	1.0	1.0	1.0	971	0	0	3.3132e-19	4.9462e-06	0.0001	2	8	3.3667
