id	num	neg|score	neg|p-value	neg|fdr	neg|rank	neg|goodsgrna	neg|lfc	pos|score	pos|p-value	pos|fdr	pos|rank	pos|goodsgrna	pos|lfc
MYSM1__P1P2	8	1.5684e-10	4.9462e-06	1.5e-05	1	8	-3.7765	1.0	1.0	1.0	971	0	0
ANAPC13__P1P2	8	1.0086e-09	4.9462e-06	1.5e-05	2	8	-3.6121	1.0	1.0	1.0	970	0	0
C7orf26__P1P2	8	2.2288e-09	4.9462e-06	1.5e-05	3	8	-3.5844	1.0	1.0	1.0	967	0	0
SEC62__P1P2	8	2.5144e-09	4.9462e-06	1.5e-05	4	8	-3.432	1.0	1.0	1.0	969	0	0
NSMCE4A__P1P2	8	3.4368e-09	4.9462e-06	1.5e-05	5	8	-3.1834	1.0	1.0	1.0	951	0	0
CEP63__P1P2	8	4.4371e-09	4.9462e-06	1.5e-05	6	8	-3.4317	1.0	1.0	1.0	968	0	0
DROSHA__31531421	8	6.0585e-09	4.9462e-06	1.5e-05	7	8	-3.3141	0.99999	1.0	1.0	936	0	0
RAD9A__P1P2	8	1.0929e-08	4.9462e-06	1.5e-05	8	7	-3.5236	0.98742	0.99948	1.0	744	0	0
HUS1__P1P2	8	1.3768e-08	4.9462e-06	1.5e-05	9	8	-3.4315	1.0	1.0	1.0	962	0	0
ACTR8__P1P2	8	1.5239e-08	4.9462e-06	1.5e-05	10	8	-3.1804	1.0	1.0	1.0	966	0	0
LEO1__P1P2	8	4.1135e-08	4.9462e-06	1.5e-05	11	8	-3.138	1.0	1.0	1.0	965	0	0
WDR70__P1P2	8	4.1973e-08	4.9462e-06	1.5e-05	12	8	-3.2796	1.0	1.0	1.0	958	0	0
ATP6AP1__P1P2	8	4.7183e-08	4.9462e-06	1.5e-05	13	8	-2.6175	1.0	1.0	1.0	964	0	0
RNF8__P1P2	8	5.0149e-08	4.9462e-06	1.5e-05	14	8	-2.9097	1.0	1.0	1.0	963	0	0
C1D__P1P2	8	1.0648e-07	4.9462e-06	1.5e-05	15	8	-3.0295	1.0	1.0	1.0	961	0	0
TUBA1C__P1P2	8	1.3243e-07	4.9462e-06	1.5e-05	16	8	-3.0186	1.0	1.0	1.0	960	0	0
DICER1__P1P2	8	1.3409e-07	4.9462e-06	1.5e-05	17	8	-2.7925	1.0	1.0	1.0	947	0	0
KIAA0020__P1	8	1.4949e-07	4.9462e-06	1.5e-05	18	7	-3.7097	0.76682	0.66685	1.0	483	0	0
UBA5__P1P2	8	1.5447e-07	4.9462e-06	1.5e-05	19	8	-2.3674	1.0	1.0	1.0	959	0	0
TOP1__P1P2	8	2.7094e-07	4.9462e-06	1.5e-05	20	7	-2.6636	0.63887	0.39326	1.0	364	1	0.27322
H2AFZ__P1P2	8	3.6339e-07	4.9462e-06	1.5e-05	21	8	-2.5708	1.0	1.0	1.0	957	0	0
WDR89__P1P2	8	3.7639e-07	4.9462e-06	1.5e-05	22	7	-3.4812	0.99186	0.99992	1.0	762	0	0
ZRSR2__P1P2	8	4.1013e-07	4.9462e-06	1.5e-05	23	6	-3.3858	0.8003	0.74023	1.0	520	0	0
ARHGAP4__P1	8	4.7089e-07	4.9462e-06	1.5e-05	24	7	-3.0322	0.9929	0.99993	1.0	766	0	0
HEATR3__P1P2	8	4.7512e-07	4.9462e-06	1.5e-05	25	8	-2.8242	1.0	1.0	1.0	949	0	0
NPM1__P1P2	8	4.8504e-07	4.9462e-06	1.5e-05	26	8	-2.8389	0.99988	1.0	1.0	899	0	0
ORC5__P1P2	8	5.028e-07	4.9462e-06	1.5e-05	27	8	-3.1315	1.0	1.0	1.0	943	0	0
MINOS1-NBL1__P1P2	8	5.9048e-07	4.9462e-06	1.5e-05	28	8	-2.2422	1.0	1.0	1.0	956	0	0
DNAJC2__P1P2	8	6.6738e-07	4.9462e-06	1.5e-05	29	6	-3.3763	0.82595	0.79017	1.0	551	0	0
NDUFS8__P1P2	8	7.8583e-07	4.9462e-06	1.5e-05	30	7	-2.9155	0.99131	0.99992	1.0	757	0	0
IPO7__P1P2	8	9.4197e-07	4.9462e-06	1.5e-05	31	8	-2.9534	1.0	1.0	1.0	955	0	0
MLF1IP__P1P2	8	1.1304e-06	4.9462e-06	1.5e-05	32	8	-2.6157	0.99972	1.0	1.0	871	0	0
CBLL1__P1P2	8	1.2353e-06	4.9462e-06	1.5e-05	33	5	-3.4944	0.45908	0.18719	0.686629	263	1	0.40417
METTL15__P2	8	1.2524e-06	4.9462e-06	1.5e-05	34	8	-3.011	1.0	1.0	1.0	954	0	0
DUSP12__P1P2	8	1.3264e-06	4.9462e-06	1.5e-05	35	6	-3.5999	0.68424	0.48437	1.0	401	0	0
PPM1G__P1	8	1.4597e-06	4.9462e-06	1.5e-05	36	8	-3.0665	1.0	1.0	1.0	950	0	0
PDS5B__P1P2	8	1.7523e-06	4.9462e-06	1.5e-05	37	8	-2.0275	1.0	1.0	1.0	953	0	0
CWC25__P1P2	8	1.9263e-06	4.9462e-06	1.5e-05	38	8	-2.0737	1.0	1.0	1.0	952	0	0
ZNHIT3__P1P2	8	1.9835e-06	4.9462e-06	1.5e-05	39	7	-2.9966	0.99608	0.99999	1.0	789	0	0
DHX35__P1P2	8	2.5783e-06	4.9462e-06	1.5e-05	40	6	-3.2963	0.94683	0.98269	1.0	671	0	0
SETDB1__P1P2	8	2.7825e-06	4.9462e-06	1.5e-05	41	8	-2.1623	1.0	1.0	1.0	948	0	0
WDR48__P1P2	8	2.8779e-06	4.9462e-06	1.5e-05	42	7	-3.4804	0.79664	0.73489	1.0	513	0	0
UBE2C__P1P2	8	2.9938e-06	4.9462e-06	1.5e-05	43	8	-2.5218	1.0	1.0	1.0	946	0	0
CABIN1__P1P2	8	3.3773e-06	4.9462e-06	1.5e-05	44	8	-2.1626	1.0	1.0	1.0	945	0	0
U2SURP__P1P2	8	3.7803e-06	4.9462e-06	1.5e-05	45	8	-2.8155	0.99959	1.0	1.0	858	0	0
ZZZ3__P1P2	8	4.1123e-06	4.9462e-06	1.5e-05	46	8	-2.1282	1.0	1.0	1.0	944	0	0
DGCR8__P1P2	8	4.9647e-06	4.9462e-06	1.5e-05	47	8	-2.7227	1.0	1.0	1.0	942	0	0
CENPF__P1P2	8	5.0216e-06	4.9462e-06	1.5e-05	48	8	-2.5105	0.99999	1.0	1.0	941	0	0
DCPS__P1P2	8	5.1956e-06	4.9462e-06	1.5e-05	49	8	-2.5026	0.99999	1.0	1.0	940	0	0
MUT__P1P2	11	5.4149e-06	4.9462e-06	1.5e-05	50	10	-2.1343	0.99996	1.0	1.0	918	0	0
INO80C__P1P2	8	6.0571e-06	4.9462e-06	1.5e-05	51	8	-2.0401	0.99999	1.0	1.0	939	0	0
ANKRD49__P1P2	8	6.2277e-06	4.9462e-06	1.5e-05	52	7	-2.5876	0.89886	0.92607	1.0	613	0	0
KIF18B__P1P2	8	6.5449e-06	4.9462e-06	1.5e-05	53	8	-1.9194	0.99999	1.0	1.0	938	0	0
GTF3C4__P1P2	8	6.6749e-06	4.9462e-06	1.5e-05	54	7	-3.1187	0.98867	0.99966	1.0	746	0	0
PARN__P1P2	11	6.6908e-06	4.9462e-06	1.5e-05	55	7	-3.2945	0.82299	0.67901	1.0	548	0	0
PMVK__P1P2	8	6.7891e-06	4.9462e-06	1.5e-05	56	8	-2.4335	0.99999	1.0	1.0	937	0	0
SPTLC2__P1P2	8	6.8639e-06	4.9462e-06	1.5e-05	57	8	-1.688	0.99999	1.0	1.0	935	0	0
FNBP4__P1P2	8	6.9539e-06	4.9462e-06	1.5e-05	58	8	-2.6964	0.99999	1.0	1.0	930	0	0
RIF1__P1P2	8	7.2422e-06	4.9462e-06	1.5e-05	59	8	-2.6084	0.99985	1.0	1.0	895	0	0
GPALPP1__P1P2	8	7.3166e-06	4.9462e-06	1.5e-05	60	8	-2.598	0.99967	1.0	1.0	866	0	0
ZC3H4__P1	8	8.0502e-06	4.9462e-06	1.5e-05	61	8	-2.4637	0.99979	1.0	1.0	882	0	0
TERF1__P1P2	8	8.4283e-06	4.9462e-06	1.5e-05	62	8	-2.0937	0.99999	1.0	1.0	934	0	0
PPIL1__P1P2	8	8.6521e-06	4.9462e-06	1.5e-05	63	7	-3.1248	0.99539	0.99999	1.0	786	0	0
PPP2R5C__P1P2	8	9.9448e-06	4.9462e-06	1.5e-05	64	7	-2.7319	0.99663	1.0	1.0	795	0	0
MKI67__P1P2	8	1.0404e-05	4.9462e-06	1.5e-05	65	8	-2.1539	0.99999	1.0	1.0	933	0	0
NDUFAF6__P1P2	8	1.044e-05	4.9462e-06	1.5e-05	66	8	-2.006	0.99999	1.0	1.0	932	0	0
CHEK1__P1P2	8	1.0696e-05	4.9462e-06	1.5e-05	67	8	-2.6488	0.99999	1.0	1.0	931	0	0
UBE2S__P1P2	8	1.2947e-05	4.9462e-06	1.5e-05	68	8	-2.0965	0.99999	1.0	1.0	929	0	0
CDC26__P1P2	8	1.3711e-05	4.9462e-06	1.5e-05	69	8	-2.8383	0.99986	1.0	1.0	897	0	0
UBE2G2__P1P2	8	1.3985e-05	4.9462e-06	1.5e-05	70	8	-1.781	0.99999	1.0	1.0	928	0	0
PFDN1__P1P2	8	1.7464e-05	4.9462e-06	1.5e-05	71	8	-2.5624	0.99992	1.0	1.0	909	0	0
RPL36A__P1P2	8	1.8364e-05	4.9462e-06	1.5e-05	72	8	-2.7373	0.99998	1.0	1.0	927	0	0
KAT2A__P1P2	8	1.8365e-05	4.9462e-06	1.5e-05	73	6	-3.0926	0.79437	0.72924	1.0	510	0	0
XRCC1__P1P2	11	1.8969e-05	4.9462e-06	1.5e-05	74	9	-2.6571	0.92026	0.90666	1.0	637	0	0
CPNE1__P1P2	8	1.9112e-05	4.9462e-06	1.5e-05	75	6	-2.9694	0.99437	0.99998	1.0	777	0	0
POLE3__P1P2	8	1.9378e-05	4.9462e-06	1.5e-05	76	7	-2.3368	0.93816	0.97469	1.0	663	0	0
BUB1__P1P2	8	2.0608e-05	4.9462e-06	1.5e-05	77	8	-2.7754	0.99998	1.0	1.0	926	0	0
PIGY__P1P2	8	2.1072e-05	4.9462e-06	1.5e-05	78	8	-1.3693	0.99998	1.0	1.0	925	0	0
BTAF1__P1P2	8	2.1827e-05	4.9462e-06	1.5e-05	79	6	-3.0289	0.7134	0.56001	1.0	427	0	0
GTF3C2__P1P2	8	2.257e-05	4.9462e-06	1.5e-05	80	6	-2.926	0.89975	0.92748	1.0	615	0	0
VWA9__P1P2	8	2.2771e-05	4.9462e-06	1.5e-05	81	6	-3.289	0.8027	0.74505	1.0	524	0	0
NCSTN__P1P2	8	2.2945e-05	4.9462e-06	1.5e-05	82	8	-1.9858	0.99998	1.0	1.0	924	0	0
ANKRA2__P1P2	8	2.3017e-05	4.9462e-06	1.5e-05	83	8	-2.0259	0.99998	1.0	1.0	923	0	0
UBR5__P1P2	8	2.3047e-05	4.9462e-06	1.5e-05	84	6	-2.943	0.95157	0.98545	1.0	679	0	0
PDSS1__P1P2	11	2.3218e-05	4.9462e-06	1.5e-05	85	11	-1.5076	0.99998	1.0	1.0	922	0	0
CYLD__P1P2	8	2.6311e-05	4.9462e-06	1.5e-05	86	8	-1.491	0.99997	1.0	1.0	921	0	0
CNOT3__P1P2	8	2.7808e-05	4.9462e-06	1.5e-05	87	8	-2.4565	0.99997	1.0	1.0	920	0	0
UBA3__P1P2	8	2.92e-05	4.9462e-06	1.5e-05	88	8	-2.5699	0.99986	1.0	1.0	896	0	0
TAF9__P1P2	8	3.5568e-05	4.9462e-06	1.5e-05	89	6	-2.9633	0.95146	0.98544	1.0	678	0	0
PKMYT1__P1P2	8	3.5671e-05	4.9462e-06	1.5e-05	90	7	-2.4576	0.99193	0.99992	1.0	763	0	0
ZNF462__P1P2	8	3.6466e-05	4.9462e-06	1.5e-05	91	8	-1.3699	0.99996	1.0	1.0	919	0	0
NAA15__P1P2	8	3.9496e-05	4.9462e-06	1.5e-05	92	6	-2.9679	0.69375	0.51091	1.0	408	0	0
SMN2__69345238	8	3.9713e-05	4.9462e-06	1.5e-05	93	6	-3.2286	0.70838	0.54946	1.0	422	0	0
ATF6__P1P2	8	4.1377e-05	4.9462e-06	1.5e-05	94	8	-1.8761	0.99996	1.0	1.0	917	0	0
CCDC137__P1P2	8	4.4234e-05	4.9462e-06	1.5e-05	95	8	-2.1845	0.99996	1.0	1.0	916	0	0
ZAR1L__P1P2	8	4.4962e-05	4.9462e-06	1.5e-05	96	7	-2.9025	0.68364	0.48437	1.0	400	0	0
RBM34__P1P2	8	5.3751e-05	4.9462e-06	1.5e-05	97	6	-2.8197	0.4345	0.16623	0.633616	255	1	0.43497
USP1__P1P2	8	5.4477e-05	4.9462e-06	1.5e-05	98	8	-1.8213	0.99995	1.0	1.0	915	0	0
NXT1__P1P2	8	5.5603e-05	4.9462e-06	1.5e-05	99	8	-1.9552	0.99983	1.0	1.0	892	0	0
TBCC__P1P2	8	5.8648e-05	4.9462e-06	1.5e-05	100	6	-2.4493	0.76797	0.67014	1.0	484	0	0
CTDSPL2__P1P2	8	5.8947e-05	4.9462e-06	1.5e-05	101	8	-2.6787	0.99988	1.0	1.0	901	0	0
MAD2L1BP__P1P2	8	6.0756e-05	4.9462e-06	1.5e-05	102	8	-2.4729	0.99994	1.0	1.0	914	0	0
C8orf59__P1P2	8	6.1694e-05	4.9462e-06	1.5e-05	103	6	-2.5741	0.94561	0.98124	1.0	670	0	0
PALB2__P1P2	8	6.2821e-05	4.9462e-06	1.5e-05	104	7	-2.7871	0.99817	1.0	1.0	813	0	0
POLE4__P1P2	8	6.351e-05	4.9462e-06	1.5e-05	105	8	-2.0384	0.99994	1.0	1.0	913	0	0
WDR7__P1P2	8	6.457e-05	4.9462e-06	1.5e-05	106	8	-1.2233	0.99994	1.0	1.0	912	0	0
SAE1__P1P2	8	6.5521e-05	4.9462e-06	1.5e-05	107	7	-3.0122	0.97544	0.99686	1.0	712	0	0
ACAT2__P1P2	8	6.9158e-05	4.9462e-06	1.5e-05	108	8	-1.3379	0.99993	1.0	1.0	911	0	0
PPP4R2__P1P2	8	6.9302e-05	4.9462e-06	1.5e-05	109	7	-2.8986	0.99796	1.0	1.0	808	0	0
TFAP4__P1P2	8	7.4028e-05	4.9462e-06	1.5e-05	110	8	-1.1853	0.99993	1.0	1.0	910	0	0
HMGCS1__P1P2	8	7.771e-05	4.9462e-06	1.5e-05	111	7	-2.4502	0.59693	0.32192	0.917621	340	1	0.28984
CCS__P1P2	8	8.1786e-05	4.9462e-06	1.5e-05	112	8	-0.7999	0.99992	1.0	1.0	908	0	0
TINF2__P1P2	8	8.8802e-05	4.9462e-06	1.5e-05	113	8	-2.358	0.99966	1.0	1.0	865	0	0
ESRP1__P1P2	8	9.0356e-05	4.9462e-06	1.5e-05	114	8	-1.4851	0.9997	1.0	1.0	869	0	0
WDR82__P1P2	8	9.1934e-05	4.9462e-06	1.5e-05	115	8	-2.0754	0.99989	1.0	1.0	905	0	0
EXOC5__P1P2	8	0.00010051	4.9462e-06	1.5e-05	116	8	-2.3981	0.9999	1.0	1.0	907	0	0
GOLGA7__P1P2	8	0.00010725	4.9462e-06	1.5e-05	117	8	-1.204	0.99989	1.0	1.0	906	0	0
NABP2__P1	8	0.00010758	4.9462e-06	1.5e-05	118	8	-1.8103	0.99988	1.0	1.0	903	0	0
PPP1CB__P1P2	8	0.00010771	4.9462e-06	1.5e-05	119	6	-3.474	0.95093	0.98514	1.0	677	0	0
BCKDHA__P1	8	0.00011076	4.9462e-06	1.5e-05	120	7	-2.7133	0.99771	1.0	1.0	805	0	0
NKRF__P1P2	8	0.00011235	4.9462e-06	1.5e-05	121	8	-0.82123	0.99989	1.0	1.0	904	0	0
EAF1__P1P2	8	0.00011796	4.9462e-06	1.5e-05	122	8	-1.1182	0.99988	1.0	1.0	902	0	0
ABHD16A__P1P2	8	0.00012319	4.9462e-06	1.5e-05	123	8	-1.0498	0.99988	1.0	1.0	900	0	0
SPECC1L__P1P2	8	0.00012336	4.9462e-06	1.5e-05	124	8	-1.4661	0.99978	1.0	1.0	879	0	0
EXOSC1__P1P2	8	0.0001242	4.9462e-06	1.5e-05	125	4	-3.2308	0.93772	0.97468	1.0	659	0	0
PHF8__P1P2	11	0.00012427	4.9462e-06	1.5e-05	126	10	-1.4632	0.9973	0.99997	1.0	800	0	0
PPP1R10__P1P2	8	0.00012732	4.9462e-06	1.5e-05	127	8	-1.791	0.99987	1.0	1.0	898	0	0
TAF11__P1P2	8	0.00013523	4.9462e-06	1.5e-05	128	8	-2.233	0.99977	1.0	1.0	878	0	0
MDC1__P1P2	8	0.000137	4.9462e-06	1.5e-05	129	7	-1.8985	0.99823	1.0	1.0	814	0	0
PRKDC__P1P2	8	0.00015435	4.9462e-06	1.5e-05	130	7	-1.8903	0.74942	0.63227	1.0	466	0	0
MPHOSPH8__P1	8	0.00015591	4.9462e-06	1.5e-05	131	8	-0.95893	0.99984	1.0	1.0	894	0	0
GET4__P1P2	8	0.00015785	4.9462e-06	1.5e-05	132	8	-1.8964	0.99984	1.0	1.0	893	0	0
PRPF40A__P1P2	8	0.00016604	4.9462e-06	1.5e-05	133	8	-2.2851	0.99979	1.0	1.0	883	0	0
PSPC1__P1P2	8	0.00016908	4.9462e-06	1.5e-05	134	8	-1.2591	0.99983	1.0	1.0	891	0	0
DCP2__P1P2	8	0.00017495	4.9462e-06	1.5e-05	135	8	-0.73098	0.99983	1.0	1.0	890	0	0
NUFIP1__P1P2	8	0.00017538	4.9462e-06	1.5e-05	136	8	-1.9439	0.99982	1.0	1.0	889	0	0
PRR14L__P1P2	8	0.00019043	4.9462e-06	1.5e-05	137	8	-1.0755	0.99981	1.0	1.0	888	0	0
SLC25A33__P1P2	8	0.00019088	4.9462e-06	1.5e-05	138	8	-0.95775	0.99981	1.0	1.0	887	0	0
DPF2__P1	8	0.00019526	4.9462e-06	1.5e-05	139	7	-1.5851	0.99868	1.0	1.0	821	0	0
ANLN__P1P2	8	0.00019667	4.9462e-06	1.5e-05	140	6	-2.2865	0.82216	0.78434	1.0	547	0	0
UHRF1__P1P2	8	0.00019694	4.9462e-06	1.5e-05	141	8	-1.8505	0.9998	1.0	1.0	886	0	0
HMGCR__P1P2	8	0.00019884	4.9462e-06	1.5e-05	142	8	-1.2012	0.9998	1.0	1.0	885	0	0
MMAB__P1P2	8	0.00020321	4.9462e-06	1.5e-05	143	7	-1.7916	0.99942	1.0	1.0	850	0	0
FAM83H__P1P2	8	0.00020561	4.9462e-06	1.5e-05	144	8	-0.95954	0.99979	1.0	1.0	884	0	0
AK2__P1P2	8	0.00021716	4.9462e-06	1.5e-05	145	8	-0.765	0.99978	1.0	1.0	881	0	0
COL4A3BP__P1P2	8	0.00021923	4.9462e-06	1.5e-05	146	8	-1.3872	0.99978	1.0	1.0	880	0	0
GRWD1__P1P2	8	0.00022967	4.9462e-06	1.5e-05	147	5	-2.7864	0.73168	0.58304	1.0	449	0	0
SIN3B__P1P2	8	0.00024018	4.9462e-06	1.5e-05	148	7	-2.1845	0.99331	0.99994	1.0	772	0	0
ILF3__P1P2	8	0.00024426	4.9462e-06	1.5e-05	149	8	-1.9916	0.99976	1.0	1.0	877	0	0
NEK2__P1P2	8	0.00025002	4.9462e-06	1.5e-05	150	8	-1.7	0.99975	1.0	1.0	876	0	0
TRIM24__P1P2	8	0.00026556	4.9462e-06	1.5e-05	151	8	-1.1509	0.99973	1.0	1.0	875	0	0
ANKRD17__P1P2	8	0.00027618	4.9462e-06	1.5e-05	152	8	-1.256	0.99972	1.0	1.0	874	0	0
EMC1__P1P2	8	0.00027804	4.9462e-06	1.5e-05	153	8	-2.2441	0.99967	1.0	1.0	867	0	0
NRF1__P1P2	8	0.00027809	4.9462e-06	1.5e-05	154	8	-1.9022	0.99972	1.0	1.0	873	0	0
RNF2__P1P2	8	0.00028194	4.9462e-06	1.5e-05	155	8	-0.64797	0.99972	1.0	1.0	872	0	0
ILK__P1P2	8	0.00029046	4.9462e-06	1.5e-05	156	8	-2.1524	0.99971	1.0	1.0	870	0	0
PSMG3__P2	8	0.0002932	4.9462e-06	1.5e-05	157	5	-2.9399	0.86791	0.86871	1.0	591	0	0
HSPA13__P1P2	8	0.00029701	4.9462e-06	1.5e-05	158	8	-1.8187	0.99965	1.0	1.0	863	0	0
PTK2__P1P2	8	0.00029721	4.9462e-06	1.5e-05	159	7	-1.7973	0.99824	1.0	1.0	815	0	0
BRAP__P1P2	8	0.00031031	4.9462e-06	1.5e-05	160	7	-1.8689	0.99845	1.0	1.0	817	0	0
SNRNP40__P1P2	8	0.00031065	4.9462e-06	1.5e-05	161	6	-2.6275	0.9244	0.9575	1.0	643	0	0
TMEM68__P1P2	8	0.00031388	4.9462e-06	1.5e-05	162	7	-2.1137	0.83757	0.81128	1.0	560	0	0
HEXIM1__P1P2	8	0.00032097	4.9462e-06	1.5e-05	163	8	-0.78217	0.99968	1.0	1.0	868	0	0
HSPA14__P1P2	8	0.00032481	4.9462e-06	1.5e-05	164	7	-2.5649	0.34172	0.12558	0.510722	239	1	0.53313
MDM4__P1P2	8	0.00033953	4.9462e-06	1.5e-05	165	8	-1.7678	0.99966	1.0	1.0	864	0	0
PRKRIR__P1P2	8	0.0003471	4.9462e-06	1.5e-05	166	7	-2.2966	0.99943	1.0	1.0	851	0	0
DNMT1__P1P2	8	0.00036024	4.9462e-06	1.5e-05	167	6	-2.7586	0.69579	0.51342	1.0	409	0	0
AATF__P1P2	8	0.00036709	4.9462e-06	1.5e-05	168	8	-1.578	0.99963	1.0	1.0	862	0	0
APEX2__P1P2	8	0.00036767	4.9462e-06	1.5e-05	169	7	-1.174	0.99933	1.0	1.0	846	0	0
UFL1__P1P2	8	0.00036954	4.9462e-06	1.5e-05	170	8	-1.6428	0.99963	1.0	1.0	861	0	0
HES1__P1P2	8	0.00037865	4.9462e-06	1.5e-05	171	8	-0.68359	0.99962	1.0	1.0	860	0	0
CENPQ__P1P2	11	0.00037894	4.9462e-06	1.5e-05	172	9	-1.7553	0.99909	1.0	1.0	836	0	0
NDC1__P1P2	8	0.0004045	4.9462e-06	1.5e-05	173	8	-0.81218	0.9996	1.0	1.0	859	0	0
CHTF18__P1P2	8	0.00040575	4.9462e-06	1.5e-05	174	6	-2.7101	0.98209	0.99852	1.0	730	0	0
SDF2__P1P2	8	0.00041745	4.9462e-06	1.5e-05	175	6	-3.1243	0.91419	0.94489	1.0	628	0	0
CCDC12__P1	8	0.00043389	4.9462e-06	1.5e-05	176	6	-3.0553	0.85715	0.84972	1.0	581	0	0
RPL14__P1P2	8	0.0004347	4.9462e-06	1.5e-05	177	8	-1.5773	0.99957	1.0	1.0	857	0	0
RPL9__P1P2	8	0.00044232	4.9462e-06	1.5e-05	178	8	-1.0562	0.99956	1.0	1.0	856	0	0
AUNIP__P1P2	8	0.00045662	4.9462e-06	1.5e-05	179	7	-1.6227	0.99924	1.0	1.0	843	0	0
KIF22__P1	8	0.00046156	4.9462e-06	1.5e-05	180	7	-1.6974	0.83297	0.80223	1.0	558	0	0
WEE1__P1P2	8	0.0004653	4.9462e-06	1.5e-05	181	7	-2.1645	0.82702	0.79018	1.0	553	0	0
LIMS1__P1P2	8	0.00048052	4.9462e-06	1.5e-05	182	7	-1.6656	0.99475	0.99999	1.0	780	0	0
OBFC1__P1P2	8	0.00051956	4.9462e-06	1.5e-05	183	7	-2.2065	0.73557	0.59274	1.0	452	0	0
BRMS1__P1P2	8	0.0005315	4.9462e-06	1.5e-05	184	7	-1.2614	0.69783	0.51801	1.0	413	0	0
INTS10__P1P2	8	0.00053931	4.9462e-06	1.5e-05	185	6	-2.825	0.97781	0.99766	1.0	718	0	0
CMC2__P1P2	8	0.00055285	4.9462e-06	1.5e-05	186	7	-2.2269	0.98929	0.99972	1.0	749	0	0
UBE2O__P1P2	8	0.00056158	4.9462e-06	1.5e-05	187	7	-1.1143	0.98898	0.99971	1.0	748	0	0
ZWILCH__P1P2	8	0.00057192	4.9462e-06	1.5e-05	188	7	-2.1822	0.99338	0.99994	1.0	773	0	0
PNKP__P1P2	8	0.00058745	4.9462e-06	1.5e-05	189	6	-2.2072	0.92966	0.96479	1.0	648	0	0
MRRF__P1P2	8	0.00062022	4.9462e-06	1.5e-05	190	7	-2.2318	0.99893	1.0	1.0	829	0	0
FOXK1__P1P2	8	0.00062766	4.9462e-06	1.5e-05	191	7	-1.6352	0.99101	0.99991	1.0	754	0	0
DDRGK1__P1P2	8	0.00063713	4.9462e-06	1.5e-05	192	6	-2.4551	0.47479	0.19758	0.704562	271	1	0.41483
MDM2__P1P2	8	0.00067411	4.9462e-06	1.5e-05	193	7	-2.2645	0.77275	0.68019	1.0	493	0	0
KPNA2__P1P2	8	0.0006863	4.9462e-06	1.5e-05	194	6	-2.1162	0.90193	0.93001	1.0	619	0	0
NEDD8-MDP1__P1P2	8	0.00072417	4.9462e-06	1.5e-05	195	4	-2.9009	0.24887	0.087374	0.398768	212	2	0.42958
MTCH2__P1P2	8	0.00074361	4.9462e-06	1.5e-05	196	7	-1.7492	0.55527	0.26173	0.795027	317	1	0.32045
DCLRE1B__P1P2	8	0.00081301	4.9462e-06	1.5e-05	197	7	-1.888	0.90107	0.92915	1.0	617	0	0
CHERP__P1P2	8	0.00084301	4.9462e-06	1.5e-05	198	6	-2.9185	0.92745	0.96049	1.0	647	0	0
MGEA5__P1P2	8	0.00087493	4.9462e-06	1.5e-05	199	7	-2.1247	0.99528	0.99999	1.0	785	0	0
UQCRC2__P1P2	11	0.00091312	4.9462e-06	1.5e-05	200	9	-1.8711	0.8076	0.63601	1.0	534	0	0
FKBPL__P1P2	8	0.0010011	4.9462e-06	1.5e-05	201	7	-2.2775	0.99873	1.0	1.0	823	0	0
MCTS1__P1P2	8	0.0010305	4.9462e-06	1.5e-05	202	6	-1.9656	0.95369	0.98624	1.0	681	0	0
STAG2__P1	8	0.0010491	4.9462e-06	1.5e-05	203	7	-1.9802	0.99908	1.0	1.0	835	0	0
TAF6__P1P2	8	0.0011291	4.9462e-06	1.5e-05	204	7	-1.8768	0.98552	0.99921	1.0	740	0	0
RAD17__P1P2	8	0.0011405	4.9462e-06	1.5e-05	205	6	-2.5513	0.98154	0.99847	1.0	727	0	0
FAM178A__P1P2	8	0.0011613	4.9462e-06	1.5e-05	206	5	-2.2581	0.98164	0.99847	1.0	728	0	0
SRCAP__P1P2	8	0.0012998	4.9462e-06	1.5e-05	207	7	-1.4869	0.99912	1.0	1.0	837	0	0
KIFC1__P1P2	8	0.0013969	4.9462e-06	1.5e-05	208	6	-2.0227	0.4058	0.14558	0.563764	252	1	0.48767
C19orf53__P1P2	8	0.0014125	4.9462e-06	1.5e-05	209	5	-2.4982	0.93543	0.97151	1.0	653	0	0
ASXL2__P1P2	8	0.0014167	4.9462e-06	1.5e-05	210	7	-1.6678	0.99763	1.0	1.0	801	0	0
DBF4__P1P2	8	0.0014247	4.9462e-06	1.5e-05	211	7	-2.1754	0.92231	0.95447	1.0	640	0	0
CSTF2__P1P2	8	0.0014554	4.9462e-06	1.5e-05	212	7	-0.8886	0.99767	1.0	1.0	803	0	0
GDI2__P1	8	0.0015561	4.9462e-06	1.5e-05	213	7	-0.88511	0.99871	1.0	1.0	822	0	0
HAUS8__P1P2	8	0.0016857	4.9462e-06	1.5e-05	214	5	-2.7846	0.78272	0.70166	1.0	500	0	0
H2AFX__P1P2	8	0.0017482	4.9462e-06	1.5e-05	215	7	-1.2645	0.84883	0.83357	1.0	573	0	0
ACTR5__P1P2	8	0.0017789	4.9462e-06	1.5e-05	216	6	-2.0473	0.99716	1.0	1.0	799	0	0
RPS4Y1__P1P2	8	0.0018415	4.9462e-06	1.5e-05	217	7	-1.2555	0.99946	1.0	1.0	853	0	0
PPP2R1A__P1	8	0.0019065	4.9462e-06	1.5e-05	218	6	-2.1309	0.97392	0.9966	1.0	708	0	0
CFDP1__P1	8	0.0019147	4.9462e-06	1.5e-05	219	5	-2.9094	0.81208	0.75937	1.0	539	0	0
NSDHL__P1P2	8	0.001973	4.9462e-06	1.5e-05	220	6	-1.9106	0.91176	0.94164	1.0	624	0	0
PCGF2__P1	8	0.0019977	4.9462e-06	1.5e-05	221	7	-0.97344	0.97761	0.99749	1.0	717	0	0
TBC1D31__P1P2	8	0.0020363	4.9462e-06	1.5e-05	222	7	-1.055	0.99932	1.0	1.0	845	0	0
RBM14-RBM4__P2	8	0.0020413	4.9462e-06	1.5e-05	223	6	-2.5747	0.94189	0.97738	1.0	667	0	0
POLG__P1P2	8	0.0020623	4.9462e-06	1.5e-05	224	7	-2.2794	0.99895	1.0	1.0	831	0	0
MED23__P1P2	8	0.0020711	4.9462e-06	1.5e-05	225	7	-0.81723	0.99482	0.99999	1.0	781	0	0
NUTF2__P1P2	8	0.0021006	4.9462e-06	1.5e-05	226	6	-2.9195	0.99907	1.0	1.0	834	0	0
USP42__P1P2	8	0.0021603	4.9462e-06	1.5e-05	227	7	-1.0561	0.99943	1.0	1.0	852	0	0
GNB2L1__P1P2	8	0.002212	4.9462e-06	1.5e-05	228	7	-2.527	0.92526	0.95855	1.0	645	0	0
NAE1__P1P2	8	0.0023245	4.9462e-06	1.5e-05	229	5	-2.771	0.24436	0.080559	0.372871	209	2	0.37699
SF1__P1P2	8	0.0023435	4.9462e-06	1.5e-05	230	7	-1.4435	0.99411	0.99997	1.0	775	0	0
TIMM17B__P1P2	8	0.0023532	4.9462e-06	1.5e-05	231	7	-1.2121	0.99766	1.0	1.0	802	0	0
NPLOC4__P1P2	8	0.0023878	4.9462e-06	1.5e-05	232	6	-2.4777	0.63342	0.37829	1.0	363	1	0.2845
IPO5__P1P2	8	0.0023999	4.9462e-06	1.5e-05	233	6	-2.4502	0.98958	0.99978	1.0	750	0	0
CSNK2A1__P1P2	8	0.0024024	4.9462e-06	1.5e-05	234	7	-0.97444	0.76889	0.67015	1.0	487	0	0
ASPM__P1P2	8	0.0024182	4.9462e-06	1.5e-05	235	6	-2.0127	0.95021	0.98465	1.0	676	0	0
RRNAD1__P1P2	8	0.0024456	4.9462e-06	1.5e-05	236	7	-2.1835	0.99441	0.99998	1.0	778	0	0
SMARCAL1__P1P2	8	0.0025137	4.9462e-06	1.5e-05	237	7	-1.7316	0.99853	1.0	1.0	820	0	0
RPL29__P1P2	8	0.0025875	4.9462e-06	1.5e-05	238	6	-1.5838	0.99294	0.99993	1.0	768	0	0
DCAF4__P1P2	8	0.0026723	4.9462e-06	1.5e-05	239	7	-0.84635	0.99468	0.99999	1.0	779	0	0
MEAF6__P1P2	8	0.0026995	4.9462e-06	1.5e-05	240	7	-1.5025	0.2635	0.10459	0.453876	221	1	0.76367
CHAMP1__P1P2	8	0.0027325	4.9462e-06	1.5e-05	241	7	-0.80472	0.99948	1.0	1.0	854	0	0
SRSF6__P1	8	0.0027826	4.9462e-06	1.5e-05	242	7	-1.1208	0.91962	0.9509	1.0	635	0	0
GTF3A__P1P2	8	0.0027994	4.9462e-06	1.5e-05	243	7	-2.0106	0.32376	0.11547	0.475574	235	1	0.59133
HAX1__P1P2	8	0.0029098	4.9462e-06	1.5e-05	244	5	-2.8633	0.62018	0.35667	0.971113	355	1	0.29131
KANSL1__P1P2	8	0.0029669	4.9462e-06	1.5e-05	245	7	-1.5707	0.77878	0.69166	1.0	497	0	0
AEN__P1P2	8	0.0029728	4.9462e-06	1.5e-05	246	7	-0.64889	0.92432	0.95749	1.0	642	0	0
ARL14EP__P1P2	8	0.0029966	4.9462e-06	1.5e-05	247	7	-0.63605	0.99835	1.0	1.0	816	0	0
HUWE1__P1P2	8	0.0030206	4.9462e-06	1.5e-05	248	7	-2.0359	0.99113	0.99992	1.0	756	0	0
SPAG9__P1P2	8	0.0030568	4.9462e-06	1.5e-05	249	7	-0.79749	0.99901	1.0	1.0	833	0	0
FECH__P1P2	8	0.0030872	4.9462e-06	1.5e-05	250	7	-1.8378	0.99894	1.0	1.0	830	0	0
PTBP1__P1P2	8	0.0031229	4.9462e-06	1.5e-05	251	7	-1.9188	0.99709	1.0	1.0	797	0	0
XPO5__P1P2	8	0.0031801	4.9462e-06	1.5e-05	252	7	-1.9398	0.99935	1.0	1.0	847	0	0
ZMIZ1__P1P2	11	0.003237	4.9462e-06	1.5e-05	253	9	-0.64245	0.99112	0.99922	1.0	755	0	0
RPS14__P1P2	8	0.003617	4.9462e-06	1.5e-05	254	7	-1.5273	0.88093	0.89435	1.0	599	0	0
PHC1__P1P2	8	0.003631	4.9462e-06	1.5e-05	255	7	-1.4595	0.98221	0.99854	1.0	732	0	0
CSK__P1P2	8	0.003638	4.9462e-06	1.5e-05	256	7	-1.3312	0.99896	1.0	1.0	832	0	0
PARL__P1P2	8	0.0037588	4.9462e-06	1.5e-05	257	7	-0.87059	0.98391	0.99886	1.0	738	0	0
POLR1B__P1P2	8	0.0037877	4.9462e-06	1.5e-05	258	7	-2.1108	0.99942	1.0	1.0	849	0	0
RBM5__P1P2	8	0.003883	4.9462e-06	1.5e-05	259	7	-0.61823	0.85134	0.83701	1.0	575	0	0
ZSCAN10__P1P2	8	0.0039501	4.9462e-06	1.5e-05	260	7	-0.75379	0.99794	1.0	1.0	807	0	0
MNT__P1P2	8	0.0041808	4.9462e-06	1.5e-05	261	7	-0.91892	0.9726	0.99633	1.0	703	0	0
ZMYM4__P1P2	11	0.0041986	4.9462e-06	1.5e-05	262	9	-0.93561	0.99326	0.99959	1.0	770	0	0
DOT1L__P1P2	8	0.0042283	4.9462e-06	1.5e-05	263	7	-1.0727	0.9988	1.0	1.0	824	0	0
NUP188__P1P2	8	0.0043489	4.9462e-06	1.5e-05	264	7	-0.93778	0.36705	0.13058	0.515967	245	1	0.50796
PPME1__P1P2	8	0.0044225	4.9462e-06	1.5e-05	265	6	-2.429	0.99917	1.0	1.0	840	0	0
UBA2__P1P2	8	0.0046243	4.9462e-06	1.5e-05	266	7	-1.6359	0.90323	0.93189	1.0	620	0	0
PSPH__P2	8	0.004678	4.9462e-06	1.5e-05	267	6	-2.1109	0.8851	0.90166	1.0	602	0	0
RANBP2__109335729	8	0.0047894	4.9462e-06	1.5e-05	268	7	-2.0305	0.97977	0.99814	1.0	721	0	0
RNF168__P1P2	8	0.0048232	4.9462e-06	1.5e-05	269	7	-2.0456	0.7714	0.67862	1.0	490	0	0
CCDC130__P1	8	0.0049503	4.9462e-06	1.5e-05	270	7	-1.2329	0.99853	1.0	1.0	819	0	0
GMEB1__P1P2	8	0.0049593	4.9462e-06	1.5e-05	271	7	-1.2481	0.94851	0.98383	1.0	673	0	0
CWC27__P1P2	8	0.0050877	4.9462e-06	1.5e-05	272	7	-0.9033	0.84772	0.83069	1.0	571	0	0
FOXK2__P1P2	8	0.0051342	4.9462e-06	1.5e-05	273	7	-0.95503	0.4696	0.19232	0.697528	268	1	0.42685
FDXR__P1P2	11	0.0051924	4.9462e-06	1.5e-05	274	6	-2.2596	0.8324	0.69745	1.0	556	0	0
MAPRE1__P1P2	8	0.0054488	4.9462e-06	1.5e-05	275	6	-1.995	0.99506	0.99999	1.0	783	0	0
ATRIP__P1P2	8	0.0055545	4.9462e-06	1.5e-05	276	7	-1.5914	0.99913	1.0	1.0	838	0	0
DR1__P1P2	8	0.0057077	4.9462e-06	1.5e-05	277	4	-3.0546	0.44048	0.17408	0.658392	257	1	0.45843
KATNA1__P1P2	8	0.0057205	4.9462e-06	1.5e-05	278	7	-0.65922	0.99916	1.0	1.0	839	0	0
SUB1__P1	8	0.0058563	4.9462e-06	1.5e-05	279	6	-1.6334	0.99152	0.99992	1.0	761	0	0
ERC1__P1P2	8	0.005881	4.9462e-06	1.5e-05	280	7	-1.0845	0.99892	1.0	1.0	828	0	0
RAD1__P1P2	8	0.0060058	4.9462e-06	1.5e-05	281	7	-1.5108	0.99949	1.0	1.0	855	0	0
CMC1__P1P2	8	0.0061631	4.9462e-06	1.5e-05	282	7	-0.52766	0.90161	0.92959	1.0	618	0	0
RAD51AP1__P1P2	8	0.0063057	4.9462e-06	1.5e-05	283	7	-0.8034	0.91563	0.94679	1.0	631	0	0
C1QTNF9B-AS1__P1P2	8	0.0063925	4.9462e-06	1.5e-05	284	6	-1.8541	0.89046	0.9131	1.0	608	0	0
FZR1__P1P2	8	0.006406	4.9462e-06	1.5e-05	285	7	-1.2173	0.95403	0.98644	1.0	682	0	0
SREK1IP1__P1P2	8	0.0064322	4.9462e-06	1.5e-05	286	6	-1.1606	0.79292	0.72654	1.0	506	0	0
MEX3A__P1P2	8	0.0064397	4.9462e-06	1.5e-05	287	7	-1.5845	0.99939	1.0	1.0	848	0	0
RBPMS2__P1P2	8	0.0065418	4.9462e-06	1.5e-05	288	7	-0.95692	0.70978	0.55165	1.0	425	0	0
DNAJC3__P1P2	8	0.0065532	4.9462e-06	1.5e-05	289	7	-1.4398	0.99921	1.0	1.0	841	0	0
NRBP1__P1P2	8	0.0074159	4.9462e-06	1.5e-05	290	6	-1.1651	0.98088	0.99834	1.0	725	0	0
SNF8__P1P2	8	0.007562	4.9462e-06	1.5e-05	291	5	-2.2406	0.7389	0.60241	1.0	457	0	0
MOSPD2__P1P2	8	0.0077483	4.9462e-06	1.5e-05	292	6	-1.9158	0.82307	0.7868	1.0	549	0	0
ENY2__P1P2	8	0.0078972	4.9462e-06	1.5e-05	293	5	-2.2921	0.26763	0.10703	0.462372	224	2	0.25911
PFDN5__P1P2	8	0.0089808	4.9462e-06	1.5e-05	294	5	-2.0436	0.79375	0.72797	1.0	508	0	0
MIEF1__P1P2	8	0.0089877	4.9462e-06	1.5e-05	295	6	-0.97631	0.99716	1.0	1.0	798	0	0
NAA30__P1P2	8	0.0099963	4.9462e-06	1.5e-05	296	6	-1.5126	0.72958	0.58112	1.0	444	0	0
HMBS__P1	8	0.01004	4.9462e-06	1.5e-05	297	5	-1.9955	0.079171	0.017673	0.111545	153	2	0.53276
DDX31__P1P2	8	0.010109	4.9462e-06	1.5e-05	298	6	-2.0125	0.84024	0.81834	1.0	564	0	0
EIF3F__P1P2	11	0.010234	4.9462e-06	1.5e-05	299	8	-1.8754	0.95572	0.97044	1.0	683	0	0
UNC45A__P1	8	0.010304	4.9462e-06	1.5e-05	300	6	-2.2397	0.50233	0.21549	0.729814	287	1	0.3581
HNRNPA2B1__P1P2	8	0.010461	4.9462e-06	1.5e-05	301	6	-1.8049	0.99314	0.99994	1.0	769	0	0
MBIP__P1P2	8	0.01051	4.9462e-06	1.5e-05	302	5	-2.3137	0.96482	0.99294	1.0	694	0	0
RRP8__P1P2	8	0.010749	4.9462e-06	1.5e-05	303	6	-1.6245	0.98687	0.99938	1.0	743	0	0
KDSR__P1P2	8	0.010869	4.9462e-06	1.5e-05	304	6	-1.7815	0.99431	0.99998	1.0	776	0	0
KAT5__P1P2	8	0.011067	4.9462e-06	1.5e-05	305	6	-2.4213	0.53158	0.24055	0.771658	302	1	0.34536
MED15__P1	8	0.011615	4.9462e-06	1.5e-05	306	4	-2.963	0.79167	0.7237	1.0	505	0	0
CHAF1A__P1P2	8	0.011907	4.9462e-06	1.5e-05	307	6	-2.2491	0.79725	0.7349	1.0	514	0	0
COPS8__237994319	8	0.011978	4.9462e-06	1.5e-05	308	5	-2.4009	0.52689	0.23547	0.768053	298	1	0.35924
VPS51__P1P2	8	0.012012	4.9462e-06	1.5e-05	309	6	-1.5202	0.97118	0.99583	1.0	698	0	0
PFDN4__P1P2	8	0.012038	4.9462e-06	1.5e-05	310	5	-2.5024	0.97073	0.99568	1.0	697	0	0
XPC__P1	8	0.012144	4.9462e-06	1.5e-05	311	5	-2.5805	0.91732	0.94913	1.0	633	0	0
SSR1__P1P2	8	0.012815	4.9462e-06	1.5e-05	312	6	-1.1449	0.4249	0.15393	0.589056	254	1	0.43823
DYNC1LI1__P1P2	8	0.012838	4.9462e-06	1.5e-05	313	6	-2.0717	0.53116	0.24055	0.771658	301	1	0.32421
ATPAF2__P1P2	8	0.012861	4.9462e-06	1.5e-05	314	6	-1.4713	0.99514	0.99999	1.0	784	0	0
ACLY__P1P2	8	0.013656	2.4731e-05	7.3e-05	315	6	-1.2112	0.21075	0.055788	0.2854	189	1	0.93945
CHEK2__P1P2	8	0.013809	2.4731e-05	7.3e-05	316	3	-2.5165	1.7435e-06	4.9462e-06	5.7e-05	55	5	1.3455
BRD1__P1P2	8	0.013813	2.4731e-05	7.3e-05	317	5	-1.5098	0.96016	0.99032	1.0	689	0	0
KDM5A__P1P2	8	0.01419	2.4731e-05	7.3e-05	318	6	-1.2813	0.99613	0.99999	1.0	791	0	0
TIMM10__P1P2	8	0.01453	2.4731e-05	7.3e-05	319	6	-2.0364	0.76866	0.67015	1.0	486	0	0
RUNX1T1__P2	8	0.014741	2.4731e-05	7.3e-05	320	6	-1.4003	0.72561	0.57514	1.0	437	0	0
UFC1__P1P2	8	0.015229	2.4731e-05	7.3e-05	321	6	-1.3551	0.5837	0.30953	0.91447	328	1	0.29458
SUGP1__P1P2	8	0.015308	2.4731e-05	7.3e-05	322	6	-2.1365	0.99675	1.0	1.0	796	0	0
UBE2D3__P1P2	8	0.015334	2.4731e-05	7.3e-05	323	6	-1.6123	0.97611	0.99705	1.0	714	0	0
WDR18__P1P2	8	0.015487	2.4731e-05	7.3e-05	324	6	-2.0988	0.78851	0.72096	1.0	503	0	0
LIAS__P1P2	8	0.015544	2.4731e-05	7.3e-05	325	6	-2.1325	0.85503	0.84519	1.0	578	0	0
BMS1__P1P2	8	0.015784	2.4731e-05	7.3e-05	326	6	-2.0841	0.98653	0.99935	1.0	742	0	0
AKAP3__P1	8	0.015933	2.4731e-05	7.3e-05	327	5	-2.1024	0.83263	0.80222	1.0	557	0	0
SSBP3__P1P2	8	0.016081	2.4731e-05	7.3e-05	328	6	-0.77905	0.9161	0.94743	1.0	632	0	0
PDS5A__P1P2	8	0.016715	2.4731e-05	7.3e-05	329	6	-1.1216	0.96557	0.99349	1.0	695	0	0
ZC3H7A__P1P2	8	0.016743	2.4731e-05	7.3e-05	330	6	-1.1332	0.91254	0.94326	1.0	626	0	0
DDA1__P1P2	8	0.017925	3.4623e-05	9.9e-05	331	6	-1.3652	0.81303	0.76158	1.0	540	0	0
LSR__P1P2	8	0.018244	3.4623e-05	9.9e-05	332	6	-2.0679	0.98318	0.99873	1.0	737	0	0
UBE2L3__P1P2	8	0.018567	3.4623e-05	9.9e-05	333	5	-2.0433	0.63204	0.3756	1.0	362	1	0.29038
SUPT4H1__P1P2	8	0.018578	3.4623e-05	9.9e-05	334	4	-2.8317	0.52431	0.23306	0.767911	295	1	0.35639
PPP2R5E__P1P2	8	0.019289	3.4623e-05	9.9e-05	335	6	-1.2285	0.96375	0.99228	1.0	693	0	0
SURF2__P1P2	11	0.01942	4.9462e-06	1.5e-05	336	8	-0.97207	0.998	0.99999	1.0	809	0	0
AP1B1__P1P2	8	0.019446	3.4623e-05	9.9e-05	337	6	-1.316	0.99923	1.0	1.0	842	0	0
ZCCHC8__P1P2	8	0.019604	3.4623e-05	9.9e-05	338	6	-1.0596	0.99133	0.99992	1.0	758	0	0
LTN1__P1P2	8	0.02057	3.4623e-05	9.9e-05	339	6	-1.0395	0.99279	0.99993	1.0	765	0	0
DOCK1__P1P2	8	0.020834	3.4623e-05	9.9e-05	340	6	-0.85568	0.99813	1.0	1.0	811	0	0
ELOF1__P1P2	8	0.020898	4.4516e-05	0.000117	341	4	-2.3936	0.35814	0.12822	0.510778	243	1	0.54032
IMMT__P1P2	8	0.021449	4.4516e-05	0.000117	342	5	-1.9892	0.7437	0.6197	1.0	459	0	0
UFM1__P1P2	8	0.022398	4.4516e-05	0.000117	343	5	-2.0021	0.69927	0.51802	1.0	414	0	0
ACAD11__P1P2	8	0.022647	4.4516e-05	0.000117	344	5	-1.9485	0.94548	0.98123	1.0	669	0	0
CORO1A__30194716	8	0.023436	4.4516e-05	0.000117	345	6	-1.1614	0.89662	0.92292	1.0	612	0	0
AP1G1__P1P2	8	0.023509	4.4516e-05	0.000117	346	6	-0.7226	0.82613	0.79017	1.0	552	0	0
USMG5__P1P2	8	0.024469	4.4516e-05	0.000117	347	6	-1.5562	0.87	0.87176	1.0	593	0	0
EHBP1__P1P2	8	0.024619	4.4516e-05	0.000117	348	6	-0.64896	0.99626	0.99999	1.0	793	0	0
TSSC1__P1P2	8	0.024808	4.4516e-05	0.000117	349	6	-0.67275	0.77208	0.68019	1.0	492	0	0
TRIP13__P1P2	8	0.025248	4.4516e-05	0.000117	350	5	-2.1869	0.93895	0.97549	1.0	664	0	0
PPP2CA__P1P2	8	0.02561	4.4516e-05	0.000117	351	5	-2.7492	0.98891	0.9997	1.0	747	0	0
PPP6R3__P1P2	8	0.025613	4.4516e-05	0.000117	352	6	-1.4638	0.97173	0.99597	1.0	700	0	0
MYO9B__P1P2	8	0.025908	4.4516e-05	0.000117	353	5	-2.1347	0.84206	0.82216	1.0	567	0	0
SNRK__P1P2	8	0.026043	4.4516e-05	0.000117	354	6	-0.86291	0.99611	0.99999	1.0	790	0	0
NPDC1__P1P2	8	0.028299	4.4516e-05	0.000117	355	5	-1.6465	0.98316	0.99873	1.0	736	0	0
TLN1__P1P2	8	0.028694	4.4516e-05	0.000117	356	6	-0.66298	0.85056	0.83619	1.0	574	0	0
TRABD__P1	8	0.029205	4.4516e-05	0.000117	357	6	-0.91759	0.66318	0.45207	1.0	384	1	0.25319
RPS8__P1P2	8	0.029507	4.4516e-05	0.000117	358	6	-1.8861	0.91244	0.94325	1.0	625	0	0
MTF1__P1P2	8	0.029767	4.4516e-05	0.000117	359	6	-0.89736	0.9989	1.0	1.0	827	0	0
CENPL__P1P2	8	0.029941	4.4516e-05	0.000117	360	6	-1.8391	0.89211	0.91514	1.0	609	0	0
MED16__P1P2	8	0.03038	4.4516e-05	0.000117	361	6	-1.022	0.73608	0.59479	1.0	453	0	0
SENP2__P1P2	8	0.030959	4.4516e-05	0.000117	362	6	-0.58307	0.99928	1.0	1.0	844	0	0
LOC730183__NM_001256932	8	0.031049	4.4516e-05	0.000117	363	6	-1.3023	0.97566	0.99691	1.0	713	0	0
SFPQ__P1P2	8	0.031138	4.4516e-05	0.000117	364	6	-1.3225	0.83554	0.80801	1.0	559	0	0
GLYR1__P1P2	8	0.031364	4.4516e-05	0.000117	365	6	-0.86124	0.83824	0.81229	1.0	562	0	0
CSNK1A1__P1P2	8	0.031455	4.4516e-05	0.000117	366	6	-1.6761	0.99326	0.99994	1.0	771	0	0
PHF6__P1P2	8	0.031682	4.4516e-05	0.000117	367	6	-0.96305	0.996	0.99999	1.0	788	0	0
PYGO2__P1P2	8	0.032325	4.4516e-05	0.000117	368	6	-0.72286	0.94833	0.98373	1.0	672	0	0
MAGOHB__P1P2	8	0.033059	4.4516e-05	0.000117	369	4	-2.1833	0.26309	0.10459	0.453876	220	2	0.28666
FAF1__P1P2	8	0.034121	5.4408e-05	0.000136	370	6	-0.81868	0.73711	0.59856	1.0	454	0	0
RPS13__P1P2	8	0.034362	5.4408e-05	0.000136	371	6	-1.1926	0.97537	0.99686	1.0	711	0	0
ZFAT__P1	8	0.034431	5.4408e-05	0.000136	372	5	-1.7654	0.86945	0.87025	1.0	592	0	0
ISCA1__P1P2	8	0.03455	5.4408e-05	0.000136	373	2	-2.2173	0.085229	0.017871	0.112066	154	2	0.57036
C19orf70__P1P2	8	0.034703	5.4408e-05	0.000136	374	6	-0.85742	0.94955	0.98441	1.0	675	0	0
JMJD1C__P1P2	8	0.034801	5.4408e-05	0.000136	375	6	-0.55791	0.98124	0.99844	1.0	726	0	0
FDX1__P1P2	8	0.03599	5.4408e-05	0.000136	376	6	-0.74484	0.98073	0.99832	1.0	724	0	0
ANP32B__P1P2	8	0.036495	5.4408e-05	0.000136	377	6	-1.4507	0.99084	0.99991	1.0	753	0	0
ISY1__P1P2	8	0.036728	5.4408e-05	0.000136	378	5	-1.7969	0.99143	0.99992	1.0	760	0	0
NUDT22__P1P2	8	0.03714	5.4408e-05	0.000136	379	5	-1.7788	0.83807	0.81229	1.0	561	0	0
SNAI1__P1P2	8	0.038092	5.4408e-05	0.000136	380	6	-0.75313	0.99392	0.99996	1.0	774	0	0
RPS11__P1P2	8	0.038145	5.4408e-05	0.000136	381	6	-0.89494	0.99075	0.99991	1.0	752	0	0
RBX1__P1P2	8	0.038853	5.4408e-05	0.000136	382	3	-3.0064	0.57558	0.29427	0.877404	325	1	0.3392
C11orf58__P1P2	8	0.039365	5.4408e-05	0.000136	383	6	-0.75582	0.94894	0.98408	1.0	674	0	0
BPTF__P1P2	8	0.039634	5.4408e-05	0.000136	384	6	-0.51745	0.99887	1.0	1.0	826	0	0
RPL34__P1P2	8	0.040013	5.4408e-05	0.000136	385	6	-1.1693	0.99815	1.0	1.0	812	0	0
SOS1__P1P2	8	0.04023	5.4408e-05	0.000136	386	6	-0.572	0.54044	0.24819	0.783288	305	1	0.33514
BRPF1__P1P2	8	0.040493	5.4408e-05	0.000136	387	5	-1.7022	0.73115	0.58304	1.0	447	0	0
FGD1__P1P2	8	0.040834	5.4408e-05	0.000136	388	6	-0.5895	0.49101	0.20488	0.704562	282	1	0.38693
FERMT1__P1P2	8	0.040954	5.4408e-05	0.000136	389	3	-2.7107	0.54708	0.25383	0.783288	310	1	0.35318
EIF4A1__P1P2	8	0.047505	5.4408e-05	0.000136	390	4	-2.2707	0.14491	0.026991	0.158104	166	2	0.39638
COPE__P1P2	8	0.051233	6.43e-05	0.000158	391	5	-1.7391	0.96137	0.99089	1.0	690	0	0
PABPC4__P1P2	8	0.052635	6.43e-05	0.000158	392	4	-1.9817	0.99006	0.99986	1.0	751	0	0
NDE1__P1	8	0.053329	6.43e-05	0.000158	393	5	-1.7537	0.73505	0.59273	1.0	451	0	0
SMARCA5__P1P2	8	0.054343	6.43e-05	0.000158	394	4	-1.6723	0.4818	0.20246	0.704562	277	1	0.39165
COG6__P1P2	8	0.055168	6.43e-05	0.000158	395	3	-2.8261	0.20312	0.054176	0.280099	187	2	0.32519
IRX1__P1P2	8	0.055755	6.43e-05	0.000158	396	3	-2.4632	0.75598	0.64095	1.0	477	0	0
SF3A2__P2	8	0.057358	7.4193e-05	0.000181	397	4	-2.0599	0.7081	0.54945	1.0	421	0	0
CENPO__P1P2	8	0.059685	7.4193e-05	0.000181	398	4	-1.8763	0.8786	0.89178	1.0	598	0	0
TPR__P1P2	8	0.060653	8.4085e-05	0.000204	399	5	-1.523	0.2686	0.10836	0.466027	225	2	0.32141
FAM69B__P1P2	8	0.061527	8.4085e-05	0.000204	400	4	-2.5438	0.84189	0.82215	1.0	566	0	0
PPP6C__P1P2	8	0.061673	8.4085e-05	0.000204	401	5	-1.5604	0.97985	0.99816	1.0	722	0	0
NFYB__P1P2	8	0.067897	9.3978e-05	0.000227	402	5	-1.9045	0.23602	0.073822	0.35007	204	2	0.32373
RPL28__P1P2	8	0.068344	9.3978e-05	0.000227	403	5	-2.0585	0.93765	0.97468	1.0	658	0	0
DDX10__P1P2	8	0.074335	0.00013355	0.00032	404	5	-1.8196	0.99626	0.99999	1.0	792	0	0
PLOD3__P1P2	8	0.074905	0.00013355	0.00032	405	5	-1.847	0.95737	0.98856	1.0	686	0	0
CCDC77__P2	8	0.075001	0.00013355	0.00032	406	5	-0.79007	0.80646	0.748	1.0	532	0	0
TMEM258__P1P2	8	0.07654	0.00014344	0.000341	407	5	-1.5435	0.51693	0.22797	0.758874	292	1	0.3677
SAP30BP__P1P2	8	0.077311	0.00014344	0.000341	408	5	-1.6158	0.73141	0.58304	1.0	448	0	0
ING1__P1	8	0.079172	0.0001929	0.000457	409	5	-1.2472	0.98772	0.99955	1.0	745	0	0
FUBP3__P1P2	8	0.080862	0.00020279	0.000478	410	5	-1.6385	0.97159	0.99595	1.0	699	0	0
HNRNPUL1__P1P2	11	0.081386	0.00014344	0.000341	411	3	-1.8257	0.041648	0.0062174	0.042261	136	4	0.3886
USP48__P1P2	8	0.081867	0.00020279	0.000478	412	5	-0.89105	0.8655	0.86207	1.0	588	0	0
ASUN__P1P2	8	0.083844	0.00026215	0.000617	413	4	-1.9363	0.88498	0.90166	1.0	601	0	0
ERCC1__P1P2	8	0.0854	0.00037096	0.000865	414	5	-1.4949	0.62053	0.35667	0.971113	356	1	0.29915
CTIF__P1P2	8	0.087605	0.00037096	0.000865	415	3	-2.6257	0.75211	0.63592	1.0	470	0	0
HIGD2A__P1P2	8	0.087764	0.00037096	0.000865	416	4	-2.0386	0.79786	0.7363	1.0	515	0	0
TTBK2__P1P2	8	0.088422	0.00037096	0.000865	417	2	-2.5562	0.70043	0.52265	1.0	415	0	0
ESYT2__P1P2	8	0.090703	0.00038086	0.000879	418	2	-2.4667	0.24629	0.083912	0.386552	211	2	0.41897
SREBF1__P1	8	0.091462	0.00038086	0.000879	419	5	-1.4378	0.99637	1.0	1.0	794	0	0
PRMT7__P1P2	8	0.093899	0.00038086	0.000879	420	5	-0.96159	0.79499	0.72925	1.0	511	0	0
KAT6A__P1P2	8	0.094895	0.00038086	0.000879	421	5	-0.66944	0.99771	1.0	1.0	804	0	0
FAM216A__P1P2	8	0.097018	0.00040064	0.000918	422	5	-1.6606	0.93787	0.97469	1.0	660	0	0
C7orf49__P1P2	8	0.098261	0.00040064	0.000918	423	5	-1.3563	0.98169	0.99848	1.0	729	0	0
SMN1__70220656	8	0.098372	0.00040064	0.000918	424	5	-1.9468	0.72694	0.57916	1.0	439	0	0
AP3B1__P1P2	8	0.098715	0.00041053	0.000939	425	5	-0.85568	0.99483	0.99999	1.0	782	0	0
NONO__P1P2	8	0.10486	0.00054903	0.001241	426	5	-1.2689	0.99808	1.0	1.0	810	0	0
TMEM194A__P1P2	8	0.10809	0.00054903	0.001241	427	5	-0.49611	0.67878	0.47487	1.0	396	0	0
LCOR__P1P2	8	0.11027	0.00054903	0.001241	428	2	-2.1027	0.9734	0.99651	1.0	705	0	0
STX7__P1P2	8	0.11063	0.00054903	0.001241	429	5	-1.4797	0.99579	0.99999	1.0	787	0	0
TSPYL1__P1P2	8	0.11309	0.00054903	0.001241	430	5	-1.1675	0.56493	0.26922	0.810148	322	1	0.34067
TAF3__P1P2	8	0.11435	0.00055892	0.001246	431	4	-1.607	0.02776	0.0021714	0.016111	131	3	0.72104
SMG7__P1P2	8	0.11581	0.00055892	0.001246	432	5	-1.484	0.74744	0.62906	1.0	461	0	0
AGO2__141644983	8	0.11863	0.00055892	0.001246	433	5	-1.1422	0.82773	0.79106	1.0	554	0	0
TACC3__P1	8	0.11869	0.00055892	0.001246	434	4	-2.4462	0.72773	0.58111	1.0	440	0	0
SERBP1__P1P2	8	0.12	0.00055892	0.001246	435	4	-2.265	0.81474	0.76535	1.0	542	0	0
TRAPPC2L__P1P2	8	0.12372	0.00055892	0.001246	436	4	-1.0843	0.46627	0.19231	0.697528	266	1	0.41507
ZNF296__P1P2	8	0.12525	0.00056881	0.001262	437	5	-0.6951	0.99852	1.0	1.0	818	0	0
ARHGAP11B__30918117	8	0.12591	0.00056881	0.001262	438	5	-1.2309	0.75574	0.64095	1.0	476	0	0
OGFR__P1P2	8	0.13524	0.00066774	0.001475	439	5	-0.68435	0.99293	0.99993	1.0	767	0	0
PCNXL3__P1P2	8	0.13607	0.00066774	0.001475	440	5	-0.56666	0.95637	0.98806	1.0	684	0	0
HIF1AN__P1P2	8	0.13704	0.00067763	0.00149	441	5	-0.9489	0.23891	0.07584	0.357846	206	2	0.28627
ARF1__P1P2	8	0.13816	0.00067763	0.00149	442	5	-0.84898	0.2723	0.11393	0.475574	227	1	0.8118
CDC42EP5__P1P2	8	0.14038	0.00068752	0.001502	443	3	-2.6754	0.7682	0.67014	1.0	485	0	0
USP44__P1	8	0.14055	0.00068752	0.001502	444	5	-0.99878	0.18558	0.041108	0.221982	180	1	1.006
BAD__P1P2	8	0.14098	0.00068752	0.001502	445	5	-0.39109	0.90916	0.93986	1.0	622	0	0
VEZF1__P1P2	8	0.14268	0.00069741	0.001517	446	5	-0.51712	0.44543	0.17647	0.659745	258	1	0.42291
CHCHD3__P1P2	8	0.14555	0.00069741	0.001517	447	5	-0.77445	0.61448	0.34422	0.947824	351	1	0.29904
SAMD1__P1P2	8	0.14829	0.0007073	0.001528	448	4	-1.8612	0.02068	0.0017955	0.013572	128	3	0.61782
CRLS1__P1P2	8	0.14935	0.0007073	0.001528	449	4	-2.1037	0.77789	0.69021	1.0	496	0	0
VPS26A__P1P2	8	0.14976	0.0007073	0.001528	450	4	-1.6169	0.98022	0.99823	1.0	723	0	0
HSPA4__P1P2	8	0.15036	0.0007172	0.001539	451	5	-0.90145	0.91486	0.94565	1.0	629	0	0
INTS6__P1P2	8	0.1508	0.0007172	0.001539	452	5	-0.89372	0.87193	0.87759	1.0	595	0	0
MED24__P1P2	8	0.1511	0.0007172	0.001539	453	5	-0.79264	0.92115	0.95264	1.0	638	0	0
SUPT3H__P1P2	8	0.15219	0.00072709	0.001553	454	4	-1.3956	0.93758	0.97468	1.0	657	0	0
SYT14__P1P2	8	0.15228	0.00072709	0.001553	455	5	-0.86397	0.97697	0.99737	1.0	716	0	0
IBA57__P1P2	8	0.1533	0.00082601	0.001761	456	2	-2.1259	0.17301	0.036409	0.202225	175	2	0.36512
ATP6AP2__P1P2	8	0.15629	0.0009744	0.002072	457	3	-2.0691	0.97267	0.99634	1.0	704	0	0
RASAL2__P1P2	8	0.1597	0.00098429	0.002089	458	2	-3.1935	0.0052633	0.00022258	0.001985	107	4	0.39363
ZBTB4__P1	8	0.16183	0.0010239	0.002163	459	2	-2.7521	0.37146	0.13293	0.523104	247	1	0.55699
HOXC4__ENST00000430889.2	8	0.16394	0.0010239	0.002163	460	2	-2.961	0.93392	0.96969	1.0	651	0	0
DEGS1__P1P2	8	0.1655	0.0010338	0.00218	461	2	-3.6139	0.22042	0.060853	0.304892	194	2	0.32878
GNG4__P1P2	8	0.16799	0.0049215	0.010354	462	3	-2.3869	0.36205	0.12822	0.510778	244	1	0.53613
RBM47__P1P2	8	0.17726	0.0050698	0.010528	463	1	-3.5286	2.1507e-06	4.9462e-06	5.7e-05	57	7	0.72961
RAC1__P1P2	8	0.17849	0.0050698	0.010528	464	4	-1.6819	0.25779	0.09693	0.436187	216	1	0.77839
CCDC94__P1P2	8	0.18825	0.0050698	0.010528	465	4	-1.5243	0.11657	0.022015	0.135437	158	2	0.42686
PIP4K2C__P1P2	8	0.19108	0.0050797	0.010528	466	4	-1.7868	0.4557	0.18447	0.686629	261	1	0.4141
HIVEP1__P1P2	8	0.19413	0.0050797	0.010528	467	3	-2.2481	0.80919	0.75306	1.0	535	0	0
DHH__P1P2	8	0.1945	0.0050797	0.010528	468	4	-1.4753	0.95711	0.98843	1.0	685	0	0
CORO1B__67210174	8	0.20179	0.0050797	0.010528	469	4	-1.9352	0.64157	0.40117	1.0	367	1	0.27675
GART__P1P2	8	0.20334	0.0052776	0.010914	470	4	-1.6048	0.79396	0.72798	1.0	509	0	0
CYFIP2__P1P2	8	0.21393	0.0098775	0.020062	471	4	-1.5458	0.64056	0.40117	1.0	365	1	0.3115
CCDC64__ENST00000397558.2	8	0.21485	0.0098775	0.020062	472	4	-1.6907	0.7952	0.72925	1.0	512	0	0
PAN2__P1P2	8	0.21877	0.0098775	0.020062	473	1	-2.9051	1.8144e-08	4.9462e-06	5.7e-05	40	7	0.78056
REC8__P1P2	8	0.22518	0.0098874	0.020062	474	2	-3.3753	0.78076	0.6983	1.0	498	0	0
GNE__P1P2	11	0.22727	0.0071472	0.01475	475	3	-1.5707	0.69067	0.38312	1.0	407	1	0.3381
ATXN2L__P1P2	8	0.23036	0.0098874	0.020062	476	4	-0.8885	0.67479	0.46449	1.0	392	0	0
PRC1__P1P2	8	0.23259	0.0098874	0.020062	477	4	-1.781	0.81379	0.76534	1.0	541	0	0
MAP3K7__P1P2	8	0.23328	0.0098874	0.020062	478	1	-3.1539	0.00014134	4.9462e-06	5.7e-05	82	5	0.54392
MRE11A__P1P2	8	0.23655	0.0098973	0.020062	479	1	-3.5025	0.85381	0.84252	1.0	576	0	0
GNAI1__P1P2	8	0.24179	0.0099072	0.020062	480	2	-2.7483	0.27088	0.11259	0.475574	226	2	0.30174
RAD21__P1P2	8	0.24799	0.010293	0.02016	481	4	-1.5791	0.97524	0.99685	1.0	710	0	0
MANSC1__P1P2	8	0.25077	0.010313	0.02016	482	3	-2.2348	0.86043	0.85308	1.0	584	0	0
FBXO8__P1	8	0.25112	0.010313	0.02016	483	2	-2.2883	0.068481	0.015012	0.095368	152	3	0.33656
FBXL14__P1P2	8	0.25279	0.010313	0.02016	484	4	-1.2675	0.69667	0.5156	1.0	410	0	0
SPEN__P1P2	8	0.25716	0.010323	0.02016	485	3	-1.2684	0.67293	0.46449	1.0	390	0	0
SLC38A10__P1P2	8	0.26097	0.010333	0.02016	486	1	-3.4258	0.74843	0.63059	1.0	463	0	0
G0S2__P1P2	8	0.26413	0.010333	0.02016	487	3	-1.3168	0.48734	0.20487	0.704562	279	1	0.38348
PTRHD1__P1P2	8	0.26955	0.010362	0.02016	488	4	-1.1499	0.92466	0.9578	1.0	644	0	0
ZNF236__P1P2	8	0.27283	0.010372	0.02016	489	2	-2.307	0.75308	0.63592	1.0	472	0	0
PLEKHH2__P1P2	8	0.27673	0.010402	0.02016	490	2	-2.7156	0.84337	0.82615	1.0	568	0	0
TRIP6__P1P2	8	0.28347	0.010441	0.02016	491	1	-3.6104	0.00011076	4.9462e-06	5.7e-05	79	5	0.56593
LAMC1__P1P2	8	0.28357	0.010441	0.02016	492	2	-2.6317	0.70556	0.53878	1.0	419	0	0
RSPH3__P1P2	8	0.2847	0.010441	0.02016	493	1	-2.9361	0.18029	0.039752	0.215863	178	2	0.43758
C6orf47__P1P2	8	0.2867	0.010461	0.02016	494	4	-0.68008	0.93127	0.96638	1.0	650	0	0
TMTC2__P1P2	8	0.28806	0.010461	0.02016	495	3	-1.7869	0.79868	0.73751	1.0	518	0	0
ADD1__P1P2	8	0.28879	0.010461	0.02016	496	3	-1.7255	0.77478	0.6802	1.0	494	0	0
KCTD10__P1P2	8	0.29043	0.010471	0.02016	497	4	-0.63005	0.71943	0.56641	1.0	434	0	0
RYR3__P1P2	8	0.29267	0.010511	0.02016	498	2	-2.4805	0.74892	0.63226	1.0	464	0	0
CD99L2__P1P2	8	0.29328	0.010511	0.02016	499	3	-2.0594	0.92991	0.96498	1.0	649	0	0
MRGBP__P1P2	8	0.2933	0.010511	0.02016	500	4	-1.8226	0.51474	0.22565	0.753717	291	1	0.3756
WNT7A__P1P2	8	0.29389	0.010511	0.02016	501	2	-1.9152	0.23155	0.068302	0.333615	199	2	0.35418
CAB39__P1P2	8	0.29419	0.010511	0.02016	502	4	-0.7392	0.96283	0.99163	1.0	692	0	0
USF1__P1P2	8	0.29685	0.010521	0.02016	503	4	-0.65665	0.9826	0.99867	1.0	734	0	0
ZC3H14__P1P2	8	0.29707	0.010521	0.02016	504	4	-0.44523	0.84612	0.82803	1.0	570	0	0
SNAP29__P1P2	8	0.30174	0.01056	0.02016	505	4	-0.84483	0.56613	0.26922	0.810148	323	1	0.32366
GPR89B__147400326	8	0.30237	0.01056	0.02016	506	2	-2.1734	0.49055	0.20488	0.704562	281	1	0.40092
TMX2__P1P2	8	0.30577	0.01057	0.02016	507	4	-1.2503	0.87437	0.88345	1.0	597	0	0
GTF2I__74071821	8	0.30578	0.01057	0.02016	508	3	-1.3478	0.20219	0.054166	0.280099	186	2	0.55168
MLLT3__P1P2	8	0.30621	0.01057	0.02016	509	4	-1.1021	0.81977	0.78061	1.0	545	0	0
FAM115C__143317820	8	0.30956	0.0106	0.02016	510	1	-3.8694	0.75187	0.63592	1.0	469	0	0
DSCR3__P1P2	8	0.31545	0.010619	0.02016	511	4	-1.225	0.91898	0.94994	1.0	634	0	0
STT3B__P1P2	8	0.31551	0.010619	0.02016	512	2	-1.8946	0.39632	0.14318	0.556673	251	1	0.48896
HNRNPLL__P1P2	8	0.31839	0.010857	0.020571	513	4	-1.5158	0.93573	0.97212	1.0	654	0	0
ARHGAP11A__32907502	8	0.32339	0.010916	0.020643	514	4	-0.62652	0.97816	0.99779	1.0	719	0	0
LSM12__P1P2	8	0.32435	0.011154	0.021029	515	3	-1.5701	0.48504	0.20247	0.704562	278	1	0.38236
POC1A__P1P2	8	0.32522	0.011164	0.021029	516	4	-0.59463	0.7504	0.63591	1.0	467	0	0
GHITM__P1P2	8	0.32865	0.01148	0.021265	517	4	-0.80703	0.98616	0.99929	1.0	741	0	0
TATDN2__P1P2	8	0.32979	0.01149	0.021265	518	4	-1.1182	0.67633	0.46959	1.0	393	0	0
OPRD1__P1P2	8	0.33134	0.01149	0.021265	519	2	-1.7714	0.65837	0.439	1.0	380	1	0.27175
DUSP11__P1P2	8	0.33185	0.01149	0.021265	520	4	-0.69289	0.99244	0.99993	1.0	764	0	0
CNKSR3__P1P2	8	0.3323	0.01149	0.021265	521	4	-1.7459	0.90063	0.92832	1.0	616	0	0
CTNNB1__P1P2	8	0.333	0.01149	0.021265	522	3	-1.2052	0.97181	0.99598	1.0	701	0	0
ARHGEF5__144052240	8	0.33507	0.01151	0.021265	523	4	-0.99323	0.97933	0.99804	1.0	720	0	0
TMEM86A__P1P2	8	0.33599	0.01152	0.021265	524	4	-1.4143	0.78936	0.72097	1.0	504	0	0
PGPEP1__P1P2	8	0.3377	0.01153	0.021265	525	2	-2.6647	0.49238	0.2073	0.704562	283	1	0.39719
GNPNAT1__P1P2	8	0.33828	0.01153	0.021265	526	1	-3.2933	0.7224	0.56842	1.0	436	0	0
PPFIBP1__P1P2	8	0.33876	0.01153	0.021265	527	4	-0.49715	0.98398	0.99889	1.0	739	0	0
ACADS__P1P2	8	0.34058	0.011797	0.021717	528	1	-3.9776	0.59618	0.32192	0.917621	339	1	0.31443
AGPS__P1P2	8	0.35139	0.012093	0.022215	529	1	-2.453	0.22773	0.066531	0.32994	196	2	0.50839
ATG16L1__P1P2	8	0.35268	0.012113	0.022215	530	4	-0.45637	0.067663	0.014764	0.094414	151	1	1.8289
ARAP3__P1P2	8	0.35485	0.012163	0.022219	531	3	-2.041	0.8007	0.74143	1.0	521	0	0
SLTM__P1P2	8	0.35525	0.012163	0.022219	532	4	-0.42026	0.93729	0.97438	1.0	656	0	0
C14orf169__P1P2	8	0.35665	0.012192	0.022219	533	4	-0.46171	0.99881	1.0	1.0	825	0	0
CLK3__P2	8	0.36205	0.012252	0.022219	534	1	-2.4925	0.0054767	0.00022258	0.001985	109	3	1.2762
KCTD3__P1P2	8	0.36261	0.012281	0.022219	535	3	-1.4211	0.72984	0.58112	1.0	445	0	0
GPBP1__P1P2	8	0.36428	0.012291	0.022219	536	4	-1.2878	0.21947	0.060843	0.304892	192	2	0.30534
HYDIN__71263838	8	0.36483	0.012291	0.022219	537	1	-2.5765	0.54955	0.25384	0.783288	313	1	0.32332
CHRNA7__32322509	8	0.36561	0.012321	0.022219	538	2	-2.2395	0.47947	0.20007	0.704562	274	1	0.41132
LRP6__P1P2	8	0.36626	0.012321	0.022219	539	3	-2.1612	0.066887	0.014695	0.094414	149	1	1.8766
PTPRF__P1P2	8	0.37244	0.01243	0.022374	540	2	-2.7598	0.02962	0.0022901	0.016737	133	3	0.47861
RBL1__P1P2	8	0.37404	0.012499	0.022415	541	4	-0.66163	0.92178	0.95352	1.0	639	0	0
SPIN1__P1P2	8	0.37406	0.012499	0.022415	542	2	-2.9597	0.68932	0.49829	1.0	405	0	0
VPS9D1__P1P2	8	0.37548	0.012618	0.022586	543	3	-1.5426	0.32259	0.11547	0.475574	234	1	0.63033
TMEM110__P1P2	8	0.37958	0.016723	0.029802	544	3	-1.8353	0.76239	0.6549	1.0	481	0	0
ATP12A__P1P2	8	0.38282	0.016802	0.029802	545	3	-1.9977	0.7555	0.64095	1.0	475	0	0
LNP1__P1P2	8	0.38414	0.016802	0.029802	546	3	-1.3513	0.20344	0.054176	0.280099	188	2	0.4083
PCDHGA12__P1P2	8	0.38454	0.016802	0.029802	547	1	-2.7504	0.59544	0.32192	0.917621	338	1	0.30289
RABL5__P1P2	8	0.38865	0.020492	0.036119	548	3	-1.795	0.68484	0.48678	1.0	402	0	0
EIF4H__P1P2	8	0.39312	0.020492	0.036119	549	1	-4.047	0.0022269	0.00012365	0.001178	102	4	0.45971
GTDC1__P1P2	8	0.39517	0.020502	0.036119	550	3	-1.4235	0.7652	0.66343	1.0	482	0	0
ZCCHC11__P1P2	8	0.39859	0.020512	0.036119	551	3	-1.2946	0.89897	0.92607	1.0	614	0	0
RAI14__P1P2	8	0.40284	0.028495	0.050012	552	3	-2.0205	0.857	0.84972	1.0	580	0	0
PTPN12__P1P2	8	0.40573	0.028505	0.050012	553	2	-2.4695	0.00014046	4.9462e-06	5.7e-05	81	5	0.91715
UBE2Q1__P1P2	8	0.41022	0.028732	0.050157	554	3	-1.504	0.98224	0.99855	1.0	733	0	0
GDF7__P1P2	8	0.41102	0.028732	0.050157	555	2	-1.6692	0.71533	0.56002	1.0	432	0	0
NR2E3__P1P2	8	0.41309	0.028742	0.050157	556	1	-2.6699	0.67355	0.46449	1.0	391	0	0
RPUSD4__P1P2	8	0.42286	0.029178	0.050825	557	2	-1.765	0.2945	0.11546	0.475574	231	1	0.69312
LNPEP__P1P2	8	0.42693	0.029316	0.050975	558	1	-2.8958	0.47385	0.19758	0.704562	269	1	0.40271
CD22__P1P2	11	0.42844	0.015595	0.027865	559	1	-3.4984	0.798	0.61159	1.0	516	0	0
GAL__P1P2	8	0.44044	0.034322	0.059378	560	2	-2.2606	0.03615	0.0030122	0.02185	134	2	1.5064
S100A16__P1P2	8	0.44048	0.034322	0.059378	561	1	-2.4673	0.55649	0.26173	0.795027	319	1	0.33867
MCM7__P1P2	8	0.44382	0.034331	0.059378	562	3	-1.3298	0.68992	0.4983	1.0	406	0	0
GNB1__P1P2	8	0.46033	0.035162	0.060286	563	3	-0.78921	0.52388	0.23306	0.767911	294	1	0.34236
BCL2L13__P1P2	8	0.46722	0.035202	0.060286	564	3	-1.2382	0.17447	0.037497	0.20597	176	1	1.0592
LDB3__P1P2	8	0.46817	0.035202	0.060286	565	3	-1.4299	0.81112	0.75807	1.0	537	0	0
ACTA2__P2	8	0.47291	0.035242	0.060286	566	2	-1.9394	0.79807	0.73631	1.0	517	0	0
BBC3__P1P2	8	0.47479	0.035251	0.060286	567	1	-2.2679	5.6651e-14	4.9462e-06	5.7e-05	7	7	2.8307
STX4__P1P2	8	0.47703	0.035291	0.060286	568	3	-1.1869	0.7759	0.68513	1.0	495	0	0
ARRDC4__P1P2	8	0.47807	0.035291	0.060286	569	1	-3.1323	0.62963	0.37305	1.0	361	1	0.29831
PIH1D1__P1P2	8	0.48184	0.038872	0.066058	570	2	-1.5285	0.59953	0.32409	0.921095	342	1	0.29124
MSI1__P1P2	8	0.48688	0.038941	0.066058	571	2	-2.2863	0.059164	0.0095907	0.063416	146	3	0.3514
PDIA4__P1P2	8	0.48734	0.038941	0.066058	572	1	-4.2746	0.75813	0.64284	1.0	478	0	0
PKNOX1__P1P2	9	0.49	0.038051	0.064887	573	3	-1.0708	0.58725	0.28111	0.84332	332	1	0.34019
GNA13__P1P2	8	0.49906	0.039199	0.066255	574	3	-0.98468	0.25597	0.093082	0.420818	215	2	0.34584
TGDS__P1P2	8	0.50188	0.039535	0.066255	575	3	-1.7564	0.46817	0.19232	0.697528	267	1	0.40255
DET1__P1P2	8	0.50323	0.039535	0.066255	576	2	-1.9132	0.50679	0.22323	0.750782	289	1	0.35274
SRSF11__P2	8	0.50367	0.039535	0.066255	577	1	-3.0104	0.028914	0.0022802	0.016737	132	3	0.42256
DOCK2__P1P2	8	0.50768	0.039535	0.066255	578	2	-1.6318	0.54169	0.2482	0.783288	306	1	0.35064
IFT88__P1P2	8	0.50857	0.039535	0.066255	579	1	-3.1022	0.55079	0.25384	0.783288	315	1	0.33498
SERPINB9__P1P2	8	0.50901	0.039535	0.066255	580	1	-2.8774	0.49828	0.20731	0.704562	285	1	0.36928
CORIN__P1P2	8	0.52037	0.039693	0.066406	581	3	-0.58072	0.64291	0.40118	1.0	369	1	0.29967
ARHGEF18__P1P2	8	0.52431	0.043541	0.072718	582	2	-1.7848	0.054586	0.0076419	0.051227	144	3	0.37514
FAM58A__P1P2	8	0.52979	0.047498	0.079191	583	3	-0.79824	0.20156	0.054166	0.280099	185	2	0.31954
TTLL10__P1	8	0.53055	0.047765	0.079192	584	3	-1.418	0.042752	0.004684	0.033477	137	2	0.71436
TTC3__P1P2	8	0.53157	0.047775	0.079192	585	3	-0.80709	0.75405	0.63936	1.0	473	0	0
SCYL1__P1P2	8	0.53284	0.047825	0.079192	586	3	-0.91287	0.87247	0.87966	1.0	596	0	0
C19orf43__P1P2	8	0.53413	0.047825	0.079192	587	1	-3.5754	0.0047711	0.0001929	0.001786	105	4	0.43132
CTXN1__P1P2	8	0.54303	0.047914	0.079204	588	2	-1.6196	0.16341	0.034707	0.193883	173	2	0.3849
GPATCH8__P1P2	8	0.54794	0.048389	0.079741	589	2	-1.8873	1.1699e-09	4.9462e-06	5.7e-05	23	6	1.3114
CAP1__P1P2	8	0.55198	0.048557	0.079741	590	3	-0.92871	0.8846	0.90165	1.0	600	0	0
SGK3__ENST00000396596.1_ENST00000522398.1	8	0.55405	0.048567	0.079741	591	2	-1.8002	0.83858	0.8123	1.0	563	0	0
PLEKHA5__P1P2	8	0.55598	0.048567	0.079741	592	3	-1.5631	0.94338	0.97838	1.0	668	0	0
FBXO28__P1P2	8	0.56013	0.052573	0.08574	593	1	-2.5799	0.00023227	4.9462e-06	5.7e-05	84	5	0.81695
FAM203A__ENST00000347708.4	8	0.56046	0.052573	0.08574	594	3	-0.55806	0.95891	0.98983	1.0	688	0	0
FAM107A__P1P2	8	0.56053	0.052573	0.08574	595	1	-2.2823	0.14181	0.026131	0.156784	164	2	0.71514
ZNF444__P1P2	8	0.56133	0.052573	0.08574	596	2	-1.6608	0.47854	0.20006	0.704562	273	1	0.37897
ZNF710__P1P2	8	0.56293	0.052929	0.086128	597	2	-1.6415	0.51211	0.22564	0.753717	290	1	0.3641
G3BP2__P1P2	8	0.56741	0.052988	0.086128	598	3	-1.2672	0.86706	0.86638	1.0	590	0	0
TMSB10__P1P2	8	0.57166	0.053087	0.086145	599	1	-3.0644	0.68122	0.47963	1.0	398	0	0
RBM7__P1P2	8	0.57713	0.053681	0.086436	600	1	-2.7318	0.2357	0.073822	0.35007	202	2	0.29933
PDLIM7__P1	8	0.57751	0.053681	0.086436	601	3	-0.77361	0.60542	0.32914	0.921982	347	1	0.30823
AES__P1P2	8	0.57824	0.05379	0.086436	602	3	-1.016	0.14956	0.028109	0.162632	169	2	0.39524
ZBTB2__P1P2	8	0.57996	0.053859	0.086436	603	3	-0.74819	0.26406	0.1046	0.453876	222	2	0.4347
FAM115A__143579171	8	0.581	0.053928	0.086436	604	1	-3.2591	0.65154	0.42433	1.0	374	1	0.26706
GPR137__P2	8	0.58254	0.054027	0.086436	605	3	-1.312	0.98302	0.99873	1.0	735	0	0
ATRN__P1P2	8	0.58411	0.054037	0.086436	606	3	-0.51287	0.8561	0.84813	1.0	579	0	0
SMURF2__P1P2	8	0.58582	0.054146	0.086436	607	3	-0.51277	0.9978	1.0	1.0	806	0	0
GOLGA7B__P1P2	8	0.58599	0.054146	0.086436	608	1	-3.1389	0.71505	0.56002	1.0	431	0	0
GPR137__P1	8	0.58704	0.054156	0.086436	609	3	-0.46932	0.97617	0.99708	1.0	715	0	0
MAU2__P1P2	8	0.58941	0.058202	0.092454	610	1	-2.2429	6.1902e-08	4.9462e-06	5.7e-05	47	6	1.1239
RAB1A__P1P2	8	0.59165	0.058212	0.092454	611	3	-0.77692	0.97378	0.99657	1.0	707	0	0
ZFC3H1__P1P2	8	0.598	0.062307	0.098636	612	3	-0.93551	0.24308	0.079362	0.370863	208	2	0.35325
VGLL3__P1P2	8	0.60151	0.065987	0.104122	613	2	-1.0915	0.67694	0.46959	1.0	394	0	0
GPX3__P1P2	8	0.60212	0.065987	0.104122	614	2	-1.6182	0.66477	0.45444	1.0	385	1	0.24742
RIC8A__P2	8	0.60286	0.066422	0.104639	615	1	-2.6703	0.00992	0.00085569	0.007109	117	4	0.39506
ARHGAP21__P1P2	8	0.60902	0.066966	0.104817	616	2	-1.7079	0.23442	0.071725	0.346847	201	2	0.39246
POC1B__P1P2	8	0.60965	0.066966	0.104817	617	3	-0.9607	0.80626	0.748	1.0	531	0	0
PORCN__P2	8	0.61203	0.066976	0.104817	618	3	-0.93891	0.7145	0.56001	1.0	429	0	0
SMCHD1__P1P2	8	0.61582	0.067144	0.104817	619	3	-0.57566	0.60506	0.32914	0.921982	346	1	0.32078
PRKCI__P1P2	8	0.61865	0.067689	0.104817	620	3	-0.41678	0.67044	0.46191	1.0	388	0	0
RHOG__P1P2	8	0.62288	0.067906	0.104817	621	3	-0.50773	0.84124	0.82044	1.0	565	0	0
ZFYVE9__P1P2	8	0.62382	0.067906	0.104817	622	3	-0.4959	0.98216	0.99853	1.0	731	0	0
STK3__P1P2	8	0.6265	0.067916	0.104817	623	3	-1.3161	0.53708	0.24565	0.783288	304	1	0.33746
ZNF655__P1P2	8	0.62709	0.067916	0.104817	624	3	-0.53792	0.97518	0.99684	1.0	709	0	0
AJUBA__P1P2	8	0.6272	0.067916	0.104817	625	1	-3.2181	0.34572	0.12821	0.510778	240	1	0.5626
KLHL5__P1P2	11	0.62769	0.056223	0.089589	626	3	-1.2595	0.062696	0.0073154	0.049379	147	3	0.47341
USF2__P1P2	8	0.62795	0.067916	0.104817	627	3	-1.2717	0.93475	0.97085	1.0	652	0	0
C14orf119__P1P2	8	0.63082	0.068035	0.104817	628	3	-0.35856	0.94092	0.97699	1.0	666	0	0
MED12__P1P2	8	0.63198	0.068045	0.104817	629	3	-0.56799	0.89034	0.91309	1.0	607	0	0
TRIM52__P1P2	8	0.63286	0.068282	0.105016	630	2	-1.5342	0.728	0.58111	1.0	441	0	0
HEXIM2__P2	11	0.63953	0.06204	0.098373	631	1	-2.6197	0.82992	0.68918	1.0	555	0	0
KIAA1429__P1P2	8	0.64098	0.076592	0.117255	632	3	-0.52591	0.01738	0.0016866	0.013088	125	3	0.52131
LUZP1__P1P2	8	0.64191	0.076592	0.117255	633	1	-2.114	2.6234e-08	4.9462e-06	5.7e-05	42	7	0.71105
ANAPC7__P1P2	8	0.64304	0.076602	0.117255	634	3	-1.1526	0.93809	0.97469	1.0	662	0	0
GAPVD1__P1P2	8	0.64464	0.07675	0.117297	635	3	-0.48008	0.68092	0.47963	1.0	397	0	0
FAM179B__P1P2	8	0.65252	0.077442	0.117815	636	1	-2.2515	0.25985	0.099334	0.442903	218	2	0.30401
ELMO3__P1P2	8	0.65259	0.077442	0.117815	637	3	-0.33782	0.74769	0.62907	1.0	462	0	0
KLF5__P1P2	8	0.6535	0.077452	0.117815	638	3	-0.37332	0.0078155	0.00046989	0.004042	113	1	3.9983
TM9SF3__P1P2	8	0.65643	0.078857	0.119315	639	1	-2.4493	0.0005042	1.4839e-05	0.000164	88	5	0.56556
CXorf56__P1P2	11	0.66029	0.067787	0.104817	640	2	-1.8408	8.7376e-09	4.9462e-06	5.7e-05	35	8	0.8455
USP3__P1P2	8	0.6603	0.079114	0.119315	641	1	-2.5811	0.71368	0.56001	1.0	428	0	0
C21orf58__P1	8	0.6635	0.079124	0.119315	642	1	-2.304	0.56453	0.26922	0.810148	321	1	0.33276
PTPN20A__46639859	8	0.67169	0.079421	0.119315	643	1	-1.6913	0.74917	0.63227	1.0	465	0	0
FAM3B__P1P2	8	0.672	0.079421	0.119315	644	1	-1.84	0.33192	0.12064	0.492708	236	1	0.62002
FUT7__P1P2	8	0.67262	0.079421	0.119315	645	2	-1.1602	0.8856	0.90222	1.0	604	0	0
KIAA0247__P1P2	8	0.67386	0.079421	0.119315	646	2	-1.2467	0.67169	0.46448	1.0	389	0	0
LRRC28__P1P2	8	0.67448	0.079421	0.119315	647	1	-2.1069	0.80469	0.74654	1.0	529	0	0
PIGB__P1P2	8	0.68189	0.079718	0.119392	648	2	-1.5329	0.84483	0.82802	1.0	569	0	0
DPP9__P1	8	0.68307	0.079718	0.119392	649	2	-1.0957	0.039896	0.003764	0.027101	135	3	0.45326
PLA2G7__P1P2	8	0.68821	0.080341	0.120141	650	2	-1.3397	0.35083	0.12821	0.510778	242	1	0.59828
RNPS1__P1P2	8	0.6933	0.080717	0.120517	651	2	-1.7597	0.0089808	0.00064795	0.005477	115	4	0.35053
CNOT11__P1P2	8	0.69783	0.080994	0.120745	652	1	-2.6869	0.26082	0.10208	0.451027	219	2	0.33185
ATL3__P1P2	8	0.71034	0.085604	0.127422	653	1	-2.261	0.23589	0.073822	0.35007	203	1	0.82288
KIFAP3__P1P2	8	0.71257	0.088997	0.13227	654	2	-1.572	0.26471	0.1046	0.453876	223	2	0.49771
LHFP__P1P2	8	0.71643	0.093033	0.137428	655	1	-2.0537	0.13292	0.024142	0.145754	160	2	0.52667
ZNF740__P1P2	8	0.7173	0.093033	0.137428	656	2	-1.5665	0.68273	0.48436	1.0	399	0	0
DHRSX__P1P2	8	0.71916	0.093033	0.137428	657	1	-2.4128	0.00062863	2.4731e-05	0.000256	90	5	0.35879
AKAP10__P1P2	8	0.71926	0.093033	0.137428	658	2	-1.0417	0.62859	0.37304	1.0	360	1	0.28209
CAPZA1__P1P2	8	0.72614	0.097089	0.143202	659	1	-1.8894	1.7713e-06	4.9462e-06	5.7e-05	56	6	0.98794
GFRA4__ENST00000290417.2_ENST00000319242.3	8	0.73041	0.1013	0.148741	660	2	-0.87328	0.88535	0.90221	1.0	603	0	0
GPR89A__ENST00000313835.9	8	0.73115	0.1013	0.148741	661	1	-2.0126	0.58523	0.312	0.916207	329	1	0.32193
FAM102A__P1P2	8	0.73189	0.1013	0.148741	662	2	-1.0271	0.70386	0.53416	1.0	418	0	0
WDR86__P1P2	8	0.74396	0.10251	0.150059	663	2	-1.7351	0.65022	0.42187	1.0	372	1	0.25867
HIST2H2BE__149857437	8	0.74446	0.10251	0.150059	664	2	-1.0273	0.58903	0.31942	0.917621	334	1	0.3096
AMOTL1__P1P2	8	0.75332	0.10344	0.151193	665	1	-1.765	9.9947e-05	4.9462e-06	5.7e-05	77	6	0.34689
TUFM__28856875	8	0.75777	0.10396	0.151731	666	2	-0.64889	0.82523	0.79017	1.0	550	0	0
DEDD__P1P2	8	0.77988	0.10918	0.157931	667	1	-1.8482	0.00035973	1.4839e-05	0.000164	86	5	0.43442
CORO1B__67206891	8	0.78119	0.10919	0.157931	668	1	-1.4455	0.61876	0.35442	0.970409	354	1	0.30414
HELLS__P1P2	8	0.78228	0.10919	0.157931	669	1	-1.6864	0.21159	0.055788	0.2854	190	2	0.38709
PLEKHG2__P1P2	8	0.78315	0.10919	0.157931	670	2	-0.99438	0.92266	0.95474	1.0	641	0	0
HDAC7__P1P2	8	0.78534	0.11298	0.163169	671	2	-1.3045	0.52817	0.23811	0.771658	299	1	0.37745
C6orf62__P1	11	0.78686	0.10626	0.154848	672	1	-2.0517	0.39185	0.15037	0.577702	249	2	0.40491
MED19__P1P2	8	0.78929	0.11603	0.167335	673	2	-0.82699	0.70357	0.53415	1.0	417	0	0
PTPN14__P1P2	8	0.8003	0.13121	0.188939	674	1	-1.5032	7.2328e-05	4.9462e-06	5.7e-05	74	6	0.43145
RNF126__P1P2	8	0.80153	0.13459	0.1924	675	2	-0.58254	0.60432	0.32914	0.921982	345	1	0.29075
SCAF11__P1P2	8	0.8021	0.13459	0.1924	676	1	-2.121	7.0228e-05	4.9462e-06	5.7e-05	73	6	0.38027
TRIM28__P1P2	8	0.80324	0.1346	0.1924	677	2	-0.53685	0.71285	0.55794	1.0	426	0	0
HLA-DMA__P2	8	0.8035	0.1346	0.1924	678	2	-1.4891	0.71888	0.56641	1.0	433	0	0
TM9SF2__P1P2	8	0.8037	0.1346	0.1924	679	2	-0.8456	0.48133	0.20246	0.704562	276	1	0.38375
DENND5A__P1P2	11	0.80455	0.10777	0.156819	680	3	-0.84349	0.14106	0.028881	0.16513	163	3	0.56797
ZEB2__P1	8	0.80528	0.13511	0.192837	681	2	-1.22	0.90885	0.93933	1.0	621	0	0
JPH3__P1P2	8	0.81506	0.13931	0.19827	682	2	-1.0748	0.8025	0.74504	1.0	523	0	0
FLII__18161284	8	0.81587	0.13932	0.19827	683	1	-2.6244	6.5194e-05	4.9462e-06	5.7e-05	72	6	0.37632
SLC25A46__P1P2	8	0.81765	0.14082	0.199257	684	2	-0.48545	0.93699	0.974	1.0	655	0	0
C17orf49__P2	8	0.81973	0.14082	0.199257	685	2	-0.58985	0.014884	0.0016471	0.012911	124	3	0.48491
SMAD1__P1P2	8	0.82124	0.14083	0.199257	686	1	-1.4486	0.81811	0.77599	1.0	543	0	0
ATM__P1P2	8	0.82433	0.14083	0.199257	687	1	-1.3771	2.1902e-06	4.9462e-06	5.7e-05	59	7	0.54566
TNKS2__P1P2	8	0.82542	0.14136	0.199708	688	2	-0.53931	0.67756	0.47226	1.0	395	0	0
ZNF532__P2	8	0.82737	0.14195	0.199965	689	1	-3.325	6.9355e-07	4.9462e-06	5.7e-05	54	5	1.1197
HIST1H2AB__P1P2	8	0.82821	0.14195	0.199965	690	2	-0.4741	0.48087	0.20246	0.704562	275	1	0.41608
MLLT1__P1P2	8	0.83173	0.14305	0.20122	691	2	-0.51496	0.59093	0.31942	0.917621	335	1	0.31393
CISD1__P1P2	8	0.83264	0.14668	0.205746	692	2	-0.45937	0.97192	0.99603	1.0	702	0	0
TAF5L__P1P2	8	0.83355	0.14669	0.205746	693	2	-0.81514	0.0038283	0.00016322	0.001526	104	4	1.0141
NUDT15__P1P2	8	0.84038	0.15282	0.213424	694	2	-0.50322	0.60322	0.32913	0.921982	344	1	0.32759
SLC11A2__P1	8	0.84041	0.15282	0.213424	695	2	-0.85083	0.54336	0.2482	0.783288	308	1	0.3351
KIRREL__P1P2	8	0.84515	0.1542	0.215036	696	1	-1.4826	2.4464e-08	4.9462e-06	5.7e-05	41	7	0.72758
MYH9__P1P2	8	0.84819	0.15724	0.21897	697	1	-1.7608	6.9813e-09	4.9462e-06	5.7e-05	33	7	1.0273
NDUFC1__P2	8	0.8494	0.15782	0.219155	698	2	-0.6281	0.79949	0.74022	1.0	519	0	0
TMEM229B__P1	8	0.84993	0.15783	0.219155	699	1	-1.6618	0.75454	0.63937	1.0	474	0	0
EMD__P1P2	8	0.85149	0.16226	0.224988	700	2	-0.83426	0.77094	0.67862	1.0	488	0	0
PURB__P1P2	8	0.85356	0.16288	0.22553	701	2	-0.48232	0.65055	0.42188	1.0	373	1	0.27114
BEND2__P1P2	8	0.85736	0.16408	0.226864	702	2	-0.41246	0.80705	0.75068	1.0	533	0	0
TRAPPC6B__P1P2	8	0.86069	0.16925	0.232379	703	2	-0.38865	0.97371	0.99656	1.0	706	0	0
HDAC8__P1P2	8	0.86072	0.16925	0.232379	704	1	-1.2567	0.29267	0.11546	0.475574	230	1	0.66104
SPINT1__P1P2	8	0.86116	0.16925	0.232379	705	1	-1.4449	0.156	0.029059	0.165177	171	2	0.3576
XKR8__P1P2	8	0.86175	0.16925	0.232379	706	2	-0.82663	0.57245	0.28633	0.856346	324	1	0.31196
MAGED2__P2	8	0.86436	0.16926	0.232379	707	2	-0.3563	0.65448	0.43439	1.0	376	1	0.26367
TRIM56__P1P2	8	0.86636	0.17116	0.234655	708	1	-1.2539	0.47667	0.19758	0.704562	272	1	0.4135
AGO1__36348590	8	0.86757	0.17712	0.242477	709	2	-0.36926	0.55609	0.26173	0.795027	318	1	0.33353
HRAS__P1	8	0.86846	0.17862	0.243179	710	2	-0.44304	0.057447	0.0087795	0.05845	145	2	1.2041
PRCP__P1	8	0.86847	0.17862	0.243179	711	1	-1.4301	0.8031	0.74653	1.0	525	0	0
ADAM18__P1P2	8	0.86875	0.17863	0.243179	712	1	-1.9877	0.50412	0.22054	0.744308	288	1	0.36092
FNIP1__P1P2	8	0.86903	0.17863	0.243179	713	1	-1.1515	0.44641	0.17647	0.659745	259	1	0.46162
FAM192A__P1P2	8	0.86986	0.18013	0.24487	714	1	-1.2984	0.5573	0.26174	0.795027	320	1	0.35071
GLCE__P1P2	8	0.87185	0.18164	0.246582	715	2	-0.4152	4.3031e-08	4.9462e-06	5.7e-05	46	6	1.0787
NOSIP__P1P2	8	0.87247	0.18261	0.247221	716	2	-0.36155	0.89456	0.91931	1.0	610	0	0
EVX2__P1P2	11	0.87262	0.14804	0.207347	717	1	-1.8884	0.66051	0.34174	0.946348	382	1	0.33269
MID1IP1__P1P2	8	0.87345	0.18262	0.247221	718	2	-0.32619	0.91016	0.94062	1.0	623	0	0
C1orf101__P1P2	8	0.87544	0.18749	0.253105	719	1	-2.1468	0.93801	0.97469	1.0	661	0	0
TNRC6A__P1P2	8	0.87565	0.18749	0.253105	720	2	-0.63628	0.48826	0.20487	0.704562	280	1	0.42318
USP15__P1P2	8	0.87674	0.18931	0.254868	721	2	-0.54338	0.94008	0.97615	1.0	665	0	0
NCOA6__P1P2	8	0.8777	0.18932	0.254868	722	2	-0.40267	0.97036	0.99564	1.0	696	0	0
SNRPB2__P1P2	8	0.8783	0.19104	0.256829	723	2	-0.38702	0.70585	0.53879	1.0	420	0	0
CACHD1__P1P2	8	0.88221	0.19793	0.265731	724	1	-1.1748	0.72932	0.58112	1.0	443	0	0
ABCB10__P1P2	8	0.88658	0.20317	0.271645	725	1	-1.9548	0.60286	0.32913	0.921982	343	1	0.30796
SERF1B__69320873	8	0.8872	0.20317	0.271645	726	1	-1.2868	0.89616	0.9226	1.0	611	0	0
OCIAD1__P1P2	8	0.88756	0.20317	0.271645	727	1	-1.0266	0.69696	0.51561	1.0	411	0	0
FRMPD2__49481953	8	0.8901	0.20583	0.274434	728	1	-2.1637	0.70186	0.52716	1.0	416	0	0
EVI5__P1P2	8	0.89034	0.20583	0.274434	729	1	-1.1647	0.00096325	3.4623e-05	0.000347	97	5	0.55126
KDM4A__P1P2	8	0.89559	0.20871	0.275652	730	1	-0.94514	0.14636	0.026991	0.158104	167	2	0.41812
FAM98A__P1P2	8	0.89628	0.20871	0.275652	731	1	-1.0781	3.0447e-08	4.9462e-06	5.7e-05	43	7	0.97668
NAIP__70315936	8	0.89897	0.20871	0.275652	732	1	-1.0632	0.69725	0.51561	1.0	412	0	0
IFT52__P1P2	8	0.90019	0.20871	0.275652	733	1	-0.89439	0.0508	0.0061679	0.04222	143	3	0.31035
MAZ__P1P2	8	0.90052	0.20871	0.275652	734	1	-0.96415	5.432e-07	4.9462e-06	5.7e-05	52	7	0.56589
TULP3__P2	8	0.90545	0.20872	0.275652	735	1	-0.9536	0.7095	0.55165	1.0	424	0	0
GTF2H2C__68855815	8	0.90814	0.20872	0.275652	736	1	-1.0118	0.61769	0.35172	0.965735	353	1	0.28988
C11orf73__P1P2	8	0.91106	0.21152	0.278605	737	1	-0.94636	0.011318	0.0012514	0.010308	118	4	0.48496
CNR1__P1P2	8	0.91235	0.21153	0.278605	738	1	-0.95725	0.6134	0.34133	0.946348	350	1	0.30203
TAF4__P1P2	8	0.91907	0.21691	0.284921	739	1	-0.97609	0.0092385	0.00068752	0.005761	116	4	0.43081
ICMT__P1P2	8	0.92035	0.21691	0.284921	740	1	-0.78506	0.95307	0.98606	1.0	680	0	0
ZBTB7B__P1P2	8	0.92517	0.22737	0.297462	741	1	-0.75542	0.34629	0.12821	0.510778	241	1	0.55673
USP22__P1P2	8	0.92526	0.22737	0.297462	742	1	-0.78946	0.0070704	0.00041053	0.003563	112	4	0.5224
YPEL3__P1P2	8	0.92703	0.22738	0.297462	743	1	-1.0639	0.14665	0.027001	0.158104	168	2	0.40098
FBXO42__P1P2	8	0.92811	0.22998	0.300461	744	1	-0.76098	4.321e-11	4.9462e-06	5.7e-05	10	6	2.3734
PPM1F__P1P2	8	0.92885	0.23258	0.302235	745	1	-0.75216	0.33424	0.12064	0.492708	237	1	0.61186
SUPT20H__P1P2	8	0.92901	0.23258	0.302235	746	1	-0.81082	5.673e-10	4.9462e-06	5.7e-05	20	6	2.3263
CST1__P1P2	8	0.92966	0.23258	0.302235	747	1	-0.8686	0.7526	0.63592	1.0	471	0	0
PTBP3__P1P2	8	0.93007	0.23258	0.302235	748	1	-0.81358	0.64191	0.40117	1.0	368	1	0.29716
INPP4A__P1P2	8	0.9326	0.23529	0.303727	749	1	-0.82501	0.55365	0.25889	0.795027	316	1	0.34334
GPI__P1P2	8	0.9333	0.23529	0.303727	750	1	-0.80513	1.4496e-05	4.9462e-06	5.7e-05	65	6	0.59344
TCTN1__P1P2	8	0.93437	0.23529	0.303727	751	1	-0.76589	0.012031	0.0014888	0.012059	120	4	0.40039
MLLT4__P1P2	8	0.93468	0.23529	0.303727	752	1	-0.75317	0.54211	0.2482	0.783288	307	1	0.3443
DCUN1D3__P1P2	8	0.93475	0.23529	0.303727	753	1	-0.75816	0.00076056	2.4731e-05	0.000256	94	4	0.73267
KAT6B__P1P2	8	0.93662	0.24567	0.315864	754	1	-0.70988	0.17517	0.037507	0.20597	177	1	1.0497
DCUN1D1__P1P2	8	0.93692	0.24567	0.315864	755	1	-0.72863	0.72051	0.56642	1.0	435	0	0
HCN2__P1P2	8	0.94318	0.25579	0.328441	756	1	-0.64185	0.80587	0.74799	1.0	530	0	0
CCNK__P2	11	0.94621	0.24063	0.310198	757	2	-0.43118	0.08965	0.0097984	0.064352	155	3	0.4277
CCDC101__P1P2	8	0.9474	0.26112	0.334845	758	1	-0.62439	0.22518	0.063544	0.316741	195	2	0.35979
PCGF1__P1P2	8	0.94858	0.26379	0.337812	759	1	-0.60039	0.018375	0.0016965	0.013088	126	3	0.44585
GATA3__P1P2	8	0.95069	0.26649	0.340821	760	1	-0.6256	0.54997	0.25384	0.783288	314	1	0.33866
FAM60A__P1P2	8	0.95324	0.27166	0.346085	761	1	-0.58851	0.0038221	0.00016322	0.001526	103	4	0.39993
STRADA__P1P2	8	0.95347	0.27166	0.346085	762	1	-0.61297	0.020608	0.0017955	0.013572	127	3	0.42184
WDR37__P1P2	8	0.95403	0.27167	0.346085	763	1	-0.57868	0.04613	0.0049215	0.034415	140	3	0.35387
TRAPPC13__P1P2	8	0.95626	0.2742	0.348853	764	1	-0.52916	0.99137	0.99992	1.0	759	0	0
KAT7__P1P2	8	0.95927	0.2817	0.357925	765	1	-0.49134	0.92026	0.95128	1.0	636	0	0
C20orf196__P1P2	8	0.95947	0.28442	0.36091	766	1	-0.53803	0.78119	0.69831	1.0	499	0	0
LOC643037__P1P2	8	0.9607	0.28702	0.363262	767	1	-0.53414	0.46293	0.1872	0.686629	265	1	0.42342
SUPT7L__P1P2	8	0.96099	0.28702	0.363262	768	1	-0.48503	0.013665	0.0015877	0.012547	123	3	0.54724
STMND1__P1P2	8	0.96128	0.28961	0.366066	769	1	-0.49742	0.1945	0.048626	0.256872	184	1	0.96298
DMRT3__P1P2	8	0.96246	0.29212	0.36875	770	1	-0.44614	0.46197	0.1872	0.686629	264	1	0.43863
LRRC40__P1P2	8	0.96465	0.30271	0.381147	771	1	-0.42341	0.66286	0.45207	1.0	383	1	0.27701
ZNF787__P1P2	8	0.96608	0.30272	0.381147	772	1	-0.47771	6.4e-07	4.9462e-06	5.7e-05	53	6	1.115
FAM115A__143598483	8	0.96718	0.3083	0.387669	773	1	-0.41444	0.18671	0.04181	0.224527	181	2	0.47113
SLX1A__30205037	8	0.96896	0.31622	0.396607	774	1	-0.47891	0.9619	0.99112	1.0	691	0	0
ATP6V0E1__P1P2	8	0.96947	0.324	0.405835	775	1	-0.40545	0.15277	0.028584	0.1644	170	2	0.50155
DCP1A__P1P2	8	0.97055	0.32951	0.41116	776	1	-0.41831	0.39259	0.14317	0.556673	250	1	0.49588
AHR__P1P2	11	0.97075	0.31247	0.392398	777	1	-0.79761	0.13627	0.027575	0.160496	162	3	0.3066
TCTN2__P1P2	8	0.97077	0.32952	0.41116	778	1	-0.40723	0.64659	0.4067	1.0	371	1	0.27523
ADAMTS16__P2	8	0.97107	0.32952	0.41116	779	1	-0.41227	0.88781	0.90721	1.0	606	0	0
GPRIN2__46993345	8	0.97159	0.3324	0.413702	780	1	-0.37935	0.23066	0.068292	0.333615	198	1	0.89001
PEX7__P1P2	8	0.9717	0.33241	0.413702	781	1	-0.37448	0.7472	0.62906	1.0	460	0	0
RTKN2__P1P2	8	0.97357	0.34538	0.426577	782	1	-0.35996	0.72905	0.58112	1.0	442	0	0
ZNF43__P1	8	0.97368	0.34538	0.426577	783	1	-0.39124	0.75113	0.63591	1.0	468	0	0
TMEM198__P1P2	8	0.97371	0.34538	0.426577	784	1	-0.38835	0.8015	0.74144	1.0	522	0	0
PTPN20B__48826780	8	0.97412	0.34539	0.426577	785	1	-0.35981	0.18242	0.039752	0.215863	179	2	0.46003
LYPLA2__P1P2	8	0.97415	0.34539	0.426577	786	1	-0.36243	0.52603	0.23546	0.768053	297	1	0.33086
ATF7IP__P1	8	0.97435	0.34539	0.426577	787	1	-0.39216	0.5256	0.23546	0.768053	296	1	0.36644
OCLN__68788394	8	0.97495	0.35316	0.435087	788	1	-0.36723	0.81035	0.75544	1.0	536	0	0
ARHGEF2__P1P2	8	0.97534	0.35317	0.435087	789	1	-0.35412	0.65546	0.43673	1.0	378	1	0.29013
RASA2__P1P2	8	0.97604	0.35881	0.440916	790	1	-0.32506	2.9367e-09	4.9462e-06	5.7e-05	29	7	0.83767
PTPN20A__46619211	8	0.97608	0.35881	0.440916	791	1	-0.37398	0.86072	0.85308	1.0	585	0	0
NDUFS4__P1P2	8	0.97673	0.36157	0.443199	792	1	-0.34801	0.85998	0.85307	1.0	583	0	0
BOLA2__29465484	8	0.97691	0.36158	0.443199	793	1	-0.34688	0.66509	0.45444	1.0	386	1	0.25351
LYRM7__P1P2	8	0.97761	0.38311	0.468992	794	1	-0.31945	0.6223	0.35896	0.97189	358	1	0.30534
WNT3A__P1P2	8	0.97799	0.38856	0.475067	795	1	-0.34383	0.54914	0.25384	0.783288	312	1	0.33573
ZNF644__P1P2	8	0.97805	0.39135	0.477876	796	1	-0.33836	0.95763	0.98875	1.0	687	0	0
SLC30A3__P1P2	8	0.97822	0.39389	0.479787	797	1	-0.36074	0.008453	0.00056881	0.00485	114	4	0.41285
CFC1B__131278628	8	0.97828	0.3939	0.479787	798	1	-0.32217	0.88744	0.90663	1.0	605	0	0
B4GALT7__P1P2	8	0.97851	0.39636	0.482183	799	1	-0.36692	0.00010891	4.9462e-06	5.7e-05	78	5	0.82019
PAXIP1__P1P2	8	0.97963	0.41002	0.498179	800	1	-0.31847	0.85442	0.8444	1.0	577	0	0
UNC13B__P1P2	8	0.98025	0.42815	0.518913	801	0	0	0.24498	0.080559	0.372871	210	1	0.82673
MESDC2__P1P2	8	0.98059	0.42816	0.518913	802	0	0	0.8115	0.75808	1.0	538	0	0
DUSP22__292259	8	0.98124	0.43901	0.530094	803	0	0	0.64425	0.40118	1.0	370	1	0.26943
NCF1__74188108	8	0.98127	0.43901	0.530094	804	0	0	0.61052	0.33877	0.946217	348	1	0.2913
CHST15__P2	8	0.98137	0.43902	0.530094	805	0	0	0.16394	0.034707	0.193883	174	1	1.0563
GGCT__P1P2	8	0.98167	0.44168	0.532646	806	0	0	0.21789	0.05929	0.301727	191	2	0.32237
KRTCAP3__P1P2	8	0.98199	0.44903	0.540839	807	0	0	0.44789	0.17647	0.659745	260	1	0.43236
OXR1__ENST00000312046.6	8	0.98238	0.45448	0.546726	808	0	0	0.29874	0.11546	0.475574	232	1	0.67045
ELK3__P1P2	8	0.98255	0.45936	0.55191	809	0	0	0.73089	0.58303	1.0	446	0	0
ZC3H7B__P1P2	8	0.98281	0.46433	0.5572	810	0	0	0.11198	0.021392	0.132441	157	2	0.54929
BIVM__P1	8	0.98325	0.47705	0.57176	811	0	0	0.86248	0.85604	1.0	586	0	0
MED25__P1P2	8	0.98334	0.48185	0.573983	812	0	0	0.72588	0.57515	1.0	438	0	0
ITGB3__P1P2	8	0.98346	0.48185	0.573983	813	0	0	0.25855	0.098058	0.439228	217	2	0.31866
RSPRY1__P1P2	8	0.98348	0.48185	0.573983	814	0	0	0.75909	0.64285	1.0	480	0	0
ATP1A1__P1P2	8	0.98353	0.48185	0.573983	815	0	0	0.84835	0.83165	1.0	572	0	0
PLCG1__P1P2	8	0.98362	0.48186	0.573983	816	0	0	0.02141	0.0018153	0.013572	130	3	0.50697
MIR205HG__P2	8	0.9842	0.49367	0.587333	817	0	0	0.21979	0.060843	0.304892	193	2	0.42465
PIGL__P1P2	8	0.98444	0.50059	0.594831	818	0	0	0.8591	0.85151	1.0	582	0	0
BCLAF1__P1P2	8	0.98461	0.50306	0.59704	819	0	0	0.00095404	3.4623e-05	0.000347	96	4	0.78626
COG5__P1P2	8	0.98467	0.5055	0.598467	820	0	0	0.51998	0.23061	0.765014	293	1	0.38844
SLX1B__29465621	8	0.98482	0.5055	0.598467	821	0	0	0.75861	0.64285	1.0	479	0	0
ISOC2__P1	8	0.98526	0.51071	0.603903	822	0	0	0.49647	0.20731	0.704562	284	1	0.40353
FAR1__P1P2	8	0.98559	0.51988	0.614	823	0	0	0.18979	0.044451	0.236102	183	2	0.47128
ARID1A__P1P2	8	0.98567	0.52465	0.618141	824	0	0	0.67012	0.4619	1.0	387	0	0
NSG1__NM_001040101_NM_014392	8	0.98579	0.52466	0.618141	825	0	0	0.13348	0.024142	0.145754	161	2	0.44296
PRAMEF12__ENST00000357726.4	8	0.98657	0.54604	0.641783	826	0	0	0.49918	0.20731	0.704562	286	1	0.38024
UBE2E2__P1P2	8	0.98662	0.54604	0.641783	827	0	0	0.049787	0.0058909	0.04061	142	2	0.65243
KMT2D__P1P2	8	0.98689	0.55029	0.64599	828	0	0	0.81922	0.78061	1.0	544	0	0
PTPN20A__46640202	8	0.98705	0.55243	0.647728	829	0	0	0.59767	0.32192	0.917621	341	1	0.29596
PHYH__P1P2	8	0.98716	0.55665	0.65111	830	0	0	0.87083	0.87479	1.0	594	0	0
DNASE1L1__P1	8	0.98731	0.55666	0.65111	831	0	0	0.8039	0.74653	1.0	526	0	0
CEP128__P1P2	8	0.98745	0.56055	0.654869	832	0	0	0.42133	0.14816	0.571486	253	1	0.45764
PAPPA__P1P2	8	0.98777	0.57309	0.668719	833	0	0	0.73737	0.59856	1.0	455	0	0
PTPN20B__48806138	8	0.9885	0.59675	0.695496	834	0	0	0.92645	0.95982	1.0	646	0	0
NBPF14__148025047	8	0.9889	0.60702	0.706616	835	0	0	0.59394	0.32191	0.917621	337	1	0.29864
TMEM81__ENST00000367167.3	8	0.98893	0.60878	0.706984	836	0	0	0.16112	0.033708	0.190491	172	1	1.1059
KDM3A__P1P2	8	0.98894	0.60879	0.706984	837	0	0	0.063397	0.01145	0.074697	148	3	0.35343
ZNF286B__18584835	8	0.98921	0.62044	0.719656	838	0	0	0.58139	0.30421	0.901486	327	1	0.32201
EPC1__P1P2	8	0.98937	0.62245	0.720267	839	0	0	0.30837	0.11547	0.475574	233	1	0.66364
BTBD9__P1P2	8	0.98938	0.62245	0.720267	840	0	0	0.54832	0.25383	0.783288	311	1	0.32552
GTF2IRD2B__74508172	8	0.98958	0.62797	0.72579	841	0	0	0.25112	0.087384	0.398768	213	2	0.29715
CD8B__87088218	8	0.98985	0.6371	0.735468	842	0	0	0.82143	0.78309	1.0	546	0	0
PPP1R16B__P1P2	8	0.99012	0.6476	0.746698	843	0	0	0.36816	0.13058	0.515967	246	1	0.54599
KIDINS220__P1P2	8	0.99066	0.66112	0.761387	844	0	0	0.91515	0.94597	1.0	630	0	0
NOTCH2__120611488	8	0.99109	0.68241	0.784057	845	0	0	0.73915	0.60242	1.0	458	0	0
RALGAPA1__P1P2	8	0.99116	0.68242	0.784057	846	0	0	0.78702	0.71687	1.0	501	0	0
IFT57__P1P2	8	0.99157	0.6982	0.801239	847	0	0	0.6244	0.36375	0.982118	359	1	0.29751
CNTD2__P1	8	0.99183	0.71082	0.814762	848	0	0	0.23059	0.068292	0.333615	197	2	0.33888
SHC1__P2	8	0.992	0.71645	0.820247	849	0	0	0.54543	0.25096	0.783288	309	1	0.3427
C11orf71__P1P2	8	0.99237	0.72611	0.830334	850	0	0	0.43799	0.17144	0.650935	256	1	0.44959
TXNDC16__P1P2	8	0.99246	0.73314	0.836409	851	0	0	0.4586	0.18719	0.686629	262	1	0.41971
BRD2__P1	8	0.9925	0.73315	0.836409	852	0	0	0.011688	0.0013107	0.010706	119	4	0.37682
MON2__P1P2	8	0.9927	0.74242	0.84599	853	0	0	0.52945	0.24055	0.771658	300	1	0.34929
NAIP__70319713	8	0.99279	0.74509	0.84804	854	0	0	0.80409	0.74653	1.0	527	0	0
FCGR1A__149755456	8	0.99285	0.7478	0.850129	855	0	0	0.91284	0.94362	1.0	627	0	0
PICALM__P1P2	8	0.99337	0.7652	0.868895	856	0	0	0.128	0.02345	0.143354	159	2	0.8178
GTF2IRD2__74267046	8	0.99345	0.77118	0.873661	857	0	0	0.020971	0.0018054	0.013572	129	3	0.68095
UHMK1__P1P2	8	0.99346	0.77119	0.873661	858	0	0	0.61484	0.34422	0.947824	352	1	0.29996
ZNF460__P1P2	8	0.99349	0.77249	0.87411	859	0	0	9.4562e-06	4.9462e-06	5.7e-05	63	6	0.9359
CSPP1__P1P2	8	0.9936	0.7771	0.876266	860	0	0	0.38777	0.13803	0.541001	248	1	0.48689
BCR__P1P2	8	0.99366	0.77825	0.876543	861	0	0	0.0060017	0.00035118	0.003103	110	4	0.54654
ZDHHC17__P1P2	8	0.9939	0.78403	0.881019	862	0	0	0.0006064	2.4731e-05	0.000256	89	5	0.53881
CLDN3__P1P2	8	0.99392	0.78403	0.881019	863	0	0	0.096762	0.018573	0.115724	156	2	0.89778
TTC23L__P1P2	8	0.99395	0.78541	0.881545	864	0	0	0.25532	0.091836	0.417123	214	2	0.2955
TADA2B__P1P2	8	0.99424	0.79545	0.891785	865	0	0	2.9279e-09	4.9462e-06	5.7e-05	28	6	2.0094
RBM15__110881839	8	0.99436	0.80205	0.898147	866	0	0	2.8872e-05	4.9462e-06	5.7e-05	68	5	1.428
SERF1A__70196291	8	0.9944	0.80314	0.89833	867	0	0	0.47432	0.19758	0.704562	270	1	0.40171
GTF2H2__ENST00000274400.5_ENST00000330280.7	8	0.99447	0.80429	0.898591	868	0	0	0.049256	0.0057524	0.039938	141	3	0.39423
HIBADH__P1P2	8	0.99464	0.81132	0.905397	869	0	0	0.65481	0.4344	1.0	377	1	0.29069
UBE3A__P1P2	8	0.99475	0.8142	0.907568	870	0	0	0.86607	0.86361	1.0	589	0	0
IFT172__P1P2	8	0.99529	0.83503	0.92866	871	0	0	0.18948	0.044441	0.236102	182	2	0.35409
ZNF121__P1P2	8	0.9953	0.83503	0.92866	872	0	0	0.65611	0.43673	1.0	379	1	0.26529
UBE2E3__P1P2	8	0.99538	0.837	0.929786	873	0	0	0.65934	0.43901	1.0	381	1	0.28
CAPG__P1	8	0.99553	0.84324	0.93565	874	0	0	0.58714	0.31941	0.917621	331	1	0.30395
NEUROD1__P1P2	8	0.99566	0.84792	0.93977	875	0	0	0.58561	0.312	0.916207	330	1	0.314
TCF3__P1P2	8	0.9957	0.84973	0.940703	876	0	0	0.005342	0.00022258	0.001985	108	4	0.41967
DHRS3__P1P2	8	0.99589	0.85811	0.948898	877	0	0	0.6409	0.40117	1.0	366	1	0.27057
PRSS40A__131328218	8	0.99604	0.86348	0.953753	878	0	0	0.58752	0.31941	0.917621	333	1	0.34316
KDM5C__P1P2	8	0.99639	0.87858	0.969326	879	0	0	0.0067626	0.00039075	0.003422	111	4	0.40029
NOTCH2NL__145208892	8	0.99641	0.87982	0.9696	880	0	0	0.77117	0.67862	1.0	489	0	0
MTF2__P1P2	8	0.99652	0.88234	0.971268	881	0	0	0.0049752	0.00020279	0.00186	106	4	0.35881
TCF7L1__P1P2	8	0.99664	0.88625	0.974477	882	0	0	2.3101e-07	4.9462e-06	5.7e-05	49	7	0.68411
SLC4A1AP__P1P2	8	0.99696	0.89721	0.985414	883	0	0	0.00065439	2.4731e-05	0.000256	92	5	0.63333
PDZK1__145727481	8	0.99725	0.90858	0.996732	884	0	0	0.80449	0.74654	1.0	528	0	0
NPY4R__P1P2	8	0.99728	0.90957	0.996732	885	0	0	0.71478	0.56002	1.0	430	0	0
ZNF608__P2	8	0.99736	0.91266	0.998988	886	0	0	0.68604	0.48922	1.0	403	0	0
FAM122A__P1P2	8	0.99742	0.91551	1.0	887	0	0	2.3066e-09	4.9462e-06	5.7e-05	27	5	2.1944
CALU__P1P2	8	0.99762	0.92083	1.0	888	0	0	0.24244	0.079352	0.370863	207	2	0.34838
INPPL1__P1P2	8	0.99765	0.92215	1.0	889	0	0	0.0010399	4.4516e-05	0.000442	98	5	0.3646
SERTAD1__P1P2	8	0.99769	0.92398	1.0	890	0	0	0.68873	0.49829	1.0	404	0	0
ROR1__P1P2	8	0.9978	0.92704	1.0	891	0	0	0.6522	0.42676	1.0	375	1	0.26443
ING5__P1P2	8	0.99785	0.93027	1.0	892	0	0	7.6313e-05	4.9462e-06	5.7e-05	75	6	0.46257
PINK1__P1P2	8	0.99789	0.93223	1.0	893	0	0	0.23411	0.071715	0.346847	200	2	0.30777
CCNC__P1P2	8	0.99792	0.93298	1.0	894	0	0	2.1091e-11	4.9462e-06	5.7e-05	9	7	1.4819
NF2__29999349	8	0.99793	0.93354	1.0	895	0	0	1.558e-10	4.9462e-06	5.7e-05	17	6	2.3532
TMED2__P1P2	8	0.99793	0.93355	1.0	896	0	0	3.271e-08	4.9462e-06	5.7e-05	44	7	1.1819
ZNRF3__P1P2	8	0.99808	0.94218	1.0	897	0	0	0.57869	0.29898	0.888717	326	1	0.31644
SPRR2G__P1P2	8	0.9983	0.95122	1.0	898	0	0	0.7322	0.58503	1.0	450	0	0
PCSK1N__P1P2	11	0.99835	0.77405	0.87486	899	0	0	0.77193	0.55043	1.0	491	1	0.25584
MBD6__P1P2	8	0.99835	0.95362	1.0	900	0	0	0.04545	0.0049215	0.034415	139	3	0.37276
SOX2__P1P2	11	0.99839	0.77581	0.875832	901	0	0	0.33664	0.10084	0.447554	238	2	0.33473
MARCKS__P1P2	8	0.99845	0.95732	1.0	902	0	0	0.044553	0.0049116	0.034415	138	3	0.39536
SALL2__P1P2	8	0.99856	0.96097	1.0	903	0	0	0.23634	0.073832	0.35007	205	2	0.2963
RFWD2__P1P2	8	0.99876	0.96849	1.0	904	0	0	0.01231	0.0015679	0.012492	122	4	0.36597
CCR6__ENST00000400926.2	8	0.999	0.97785	1.0	905	0	0	0.27315	0.11546	0.475574	228	2	0.304
TICAM2__P2	8	0.99904	0.97855	1.0	906	0	0	0.00068096	2.4731e-05	0.000256	93	5	0.48733
FAM72A__ENST00000367128.3	8	0.99911	0.98148	1.0	907	0	0	0.067365	0.014754	0.094414	150	3	0.35729
PKDCC__P1P2	8	0.99914	0.9819	1.0	908	0	0	0.86493	0.86092	1.0	587	0	0
IL18R1__P1	8	0.99919	0.98333	1.0	909	0	0	0.78766	0.71837	1.0	502	0	0
SHCBP1__P1P2	8	0.99924	0.98479	1.0	910	0	0	1.7464e-05	4.9462e-06	5.7e-05	66	6	0.66033
ZNF286A__15602675	8	0.99925	0.985	1.0	911	0	0	0.70866	0.54946	1.0	423	0	0
UBE2R2__P1P2	8	0.9994	0.98915	1.0	912	0	0	1.4328e-08	4.9462e-06	5.7e-05	39	7	0.86112
FCGR1B__120935150	8	0.99953	0.99246	1.0	913	0	0	0.73788	0.59857	1.0	456	0	0
TPI1__P1P2	8	0.99953	0.9925	1.0	914	0	0	0.00035608	1.4839e-05	0.000164	85	5	0.39693
SRGAP2__206636520	8	0.99954	0.99251	1.0	915	0	0	0.61232	0.34132	0.946348	349	1	0.29977
CUL3__P1P2	8	0.99962	0.99469	1.0	916	0	0	0.00041792	1.4839e-05	0.000164	87	5	0.44361
FAM222B__P1	11	0.99963	0.95565	1.0	917	0	0	0.53491	0.23992	0.771658	303	1	0.46065
MAP4K3__P1P2	8	0.99964	0.99503	1.0	918	0	0	3.9281e-05	4.9462e-06	5.7e-05	69	6	0.61072
SMARCC1__P1P2	8	0.99964	0.99513	1.0	919	0	0	0.27413	0.11546	0.475574	229	2	0.34038
IFT46__P1P2	8	0.99965	0.99529	1.0	920	0	0	0.79334	0.72655	1.0	507	0	0
ATP2C1__P1P2	8	0.99966	0.99546	1.0	921	0	0	0.00063145	2.4731e-05	0.000256	91	5	0.50348
CDK10__P1P2	8	0.9997	0.99593	1.0	922	0	0	4.6732e-07	4.9462e-06	5.7e-05	51	7	0.6136
PATL1__P1P2	8	0.99975	0.99669	1.0	923	0	0	0.0020506	0.00011376	0.001095	101	4	0.71661
ZSCAN18__P2	8	0.99977	0.99724	1.0	924	0	0	0.59206	0.32191	0.917621	336	1	0.32443
ARHGAP12__P1P2	8	0.99977	0.99725	1.0	925	0	0	1.0284e-05	4.9462e-06	5.7e-05	64	6	0.46987
SAP30__P1P2	8	0.99978	0.99736	1.0	926	0	0	0.012275	0.0015679	0.012492	121	4	0.36499
CDK4__P1P2	8	0.99978	0.99747	1.0	927	0	0	0.62194	0.35896	0.97189	357	1	0.28761
USP10__P1P2	8	0.99984	0.9988	1.0	928	0	0	0.0010693	5.4408e-05	0.000534	99	5	0.66713
SPRY4__P1P2	8	0.99985	0.99886	1.0	929	0	0	8.356e-11	4.9462e-06	5.7e-05	12	7	1.2226
ESYT1__P2	8	0.99986	0.99896	1.0	930	0	0	2.6422e-05	4.9462e-06	5.7e-05	67	6	0.46081
CREBBP__P1P2	8	0.99988	0.99917	1.0	931	0	0	0.00012452	4.9462e-06	5.7e-05	80	5	0.70515
UBE2M__P1P2	8	0.9999	0.99936	1.0	932	0	0	9.4428e-09	4.9462e-06	5.7e-05	37	7	1.2444
KLLN__P1P2	8	0.99991	0.99943	1.0	933	0	0	4.9714e-05	4.9462e-06	5.7e-05	70	6	0.38563
SND1__P1P2	8	0.99991	0.99943	1.0	934	0	0	0.00090268	3.4623e-05	0.000347	95	4	0.78473
THAP2__P1	8	0.99993	0.99964	1.0	935	0	0	0.14347	0.026606	0.158104	165	2	0.41846
B3GAT3__P1P2	8	0.99997	0.9999	1.0	936	0	0	3.6563e-09	4.9462e-06	5.7e-05	31	7	0.82033
MED13__P1P2	8	0.99998	0.99994	1.0	937	0	0	3.8054e-08	4.9462e-06	5.7e-05	45	7	0.73435
HIST1H1E__P1P2	8	0.99998	0.99994	1.0	938	0	0	0.0016579	0.00010387	0.00101	100	4	0.72394
GMPR2__P1P2	8	0.99998	0.99996	1.0	939	0	0	7.7367e-06	4.9462e-06	5.7e-05	62	6	0.57932
ROCK1__18690984	8	0.99999	0.99999	1.0	940	0	0	0.00019091	4.9462e-06	5.7e-05	83	5	0.66293
ZIC2__P1P2	8	0.99999	1.0	1.0	941	0	0	3.2484e-06	4.9462e-06	5.7e-05	61	7	0.62884
SKP2__P1P2	8	0.99999	1.0	1.0	942	0	0	8.7272e-05	4.9462e-06	5.7e-05	76	6	0.4892
IBTK__P1	8	1.0	1.0	1.0	943	0	0	5.2421e-09	4.9462e-06	5.7e-05	32	7	0.70369
MED13L__P1P2	8	1.0	1.0	1.0	944	0	0	6.0155e-05	4.9462e-06	5.7e-05	71	6	0.35257
RNF146__P1P2	8	1.0	1.0	1.0	945	0	0	2.1769e-06	4.9462e-06	5.7e-05	58	7	0.44972
CSDE1__P1P2	8	1.0	1.0	1.0	946	0	0	1.7865e-10	4.9462e-06	5.7e-05	18	7	1.9513
ZNF90__P1P2	8	1.0	1.0	1.0	947	0	0	2.4114e-06	4.9462e-06	5.7e-05	60	7	0.43474
L3MBTL2__P1P2	8	1.0	1.0	1.0	948	0	0	7.6966e-09	4.9462e-06	5.7e-05	34	7	0.92075
PMAIP1__57567020	8	1.0	1.0	1.0	949	0	0	1.3922e-09	4.9462e-06	5.7e-05	24	6	2.8317
EXT1__P1P2	8	1.0	1.0	1.0	950	0	0	4.2629e-07	4.9462e-06	5.7e-05	50	7	0.75215
ELOVL6__P1P2	8	1.0	1.0	1.0	951	0	0	6.6689e-08	4.9462e-06	5.7e-05	48	8	0.39993
EYA3__P1P2	8	1.0	1.0	1.0	952	0	0	9.3167e-09	4.9462e-06	5.7e-05	36	8	0.72001
SGK223__P1P2	8	1.0	1.0	1.0	953	0	0	1.6154e-09	4.9462e-06	5.7e-05	25	8	0.85268
EIF4B__P1P2	8	1.0	1.0	1.0	954	0	0	1.1624e-08	4.9462e-06	5.7e-05	38	8	1.1486
TRIP12__P1P2	8	1.0	1.0	1.0	955	0	0	1.3577e-12	4.9462e-06	5.7e-05	8	8	1.7609
FAM64A__P1P2	8	1.0	1.0	1.0	956	0	0	2.9657e-09	4.9462e-06	5.7e-05	30	8	0.54841
PAN3__P1P2	8	1.0	1.0	1.0	957	0	0	1.8069e-09	4.9462e-06	5.7e-05	26	8	0.92579
CCNE1__P1P2	8	1.0	1.0	1.0	958	0	0	1.0889e-09	4.9462e-06	5.7e-05	22	8	0.66978
SUFU__104263513	8	1.0	1.0	1.0	959	0	0	6.4155e-10	4.9462e-06	5.7e-05	21	8	0.99128
ZNF532__P1	8	1.0	1.0	1.0	960	0	0	3.5509e-10	4.9462e-06	5.7e-05	19	8	0.5871
CTNND1__P1P2	8	1.0	1.0	1.0	961	0	0	1.5042e-10	4.9462e-06	5.7e-05	16	8	0.65341
NIPBL__P1P2	8	1.0	1.0	1.0	962	0	0	1.4834e-10	4.9462e-06	5.7e-05	15	8	0.8667
CYP51A1__P1P2	8	1.0	1.0	1.0	963	0	0	1.2883e-10	4.9462e-06	5.7e-05	14	8	0.90782
CDK2__P1P2	8	1.0	1.0	1.0	964	0	0	8.6921e-11	4.9462e-06	5.7e-05	13	8	0.88137
SOX4__P1	8	1.0	1.0	1.0	965	0	0	7.5899e-11	4.9462e-06	5.7e-05	11	8	0.91244
CCDC6__P1P2	8	1.0	1.0	1.0	966	0	0	3.0581e-17	4.9462e-06	5.7e-05	4	8	3.1714
TGFBR2__P1P2	8	1.0	1.0	1.0	967	0	0	6.1047e-16	4.9462e-06	5.7e-05	6	8	1.6643
BAK1__33547269	8	1.0	1.0	1.0	968	0	0	4.6704e-16	4.9462e-06	5.7e-05	5	8	1.6173
USP28__P1P2	8	1.0	1.0	1.0	969	0	0	1.6e-20	4.9462e-06	5.7e-05	2	8	3.3452
TP53__P1P2	8	1.0	1.0	1.0	970	0	0	3.9322e-24	4.9462e-06	5.7e-05	1	8	4.5634
TP53BP1__P1	8	1.0	1.0	1.0	971	0	0	2.3072e-18	4.9462e-06	5.7e-05	3	8	2.6231
