id	num	neg|score	neg|p-value	neg|fdr	neg|rank	neg|goodsgrna	neg|lfc	pos|score	pos|p-value	pos|fdr	pos|rank	pos|goodsgrna	pos|lfc
MYSM1__P1P2	8	2.0881e-10	4.9462e-06	1.9e-05	1	8	-4.3342	1.0	1.0	1.0	971	0	0
ANAPC13__P1P2	8	4.8193e-10	4.9462e-06	1.9e-05	2	8	-4.6365	1.0	1.0	1.0	969	0	0
UBE2C__P1P2	8	8.5588e-10	4.9462e-06	1.9e-05	3	8	-4.1795	1.0	1.0	1.0	957	0	0
C7orf26__P1P2	8	8.9285e-10	4.9462e-06	1.9e-05	4	8	-4.7287	1.0	1.0	1.0	970	0	0
CEP63__P1P2	8	3.6003e-09	4.9462e-06	1.9e-05	5	8	-4.4122	1.0	1.0	1.0	956	0	0
PPM1G__P1	8	3.7929e-09	4.9462e-06	1.9e-05	6	8	-4.1942	1.0	1.0	1.0	968	0	0
BUB1__P1P2	8	5.3472e-09	4.9462e-06	1.9e-05	7	8	-4.6766	1.0	1.0	1.0	960	0	0
AATF__P1P2	8	6.6837e-09	4.9462e-06	1.9e-05	8	8	-3.3441	1.0	1.0	1.0	967	0	0
ACTR8__P1P2	8	1.0455e-08	4.9462e-06	1.9e-05	9	8	-4.1299	1.0	1.0	1.0	966	0	0
SEC62__P1P2	8	1.0627e-08	4.9462e-06	1.9e-05	10	8	-3.8621	1.0	1.0	1.0	965	0	0
CENPF__P1P2	8	1.5479e-08	4.9462e-06	1.9e-05	11	8	-4.2431	1.0	1.0	1.0	964	0	0
MDM2__P1P2	8	2.0236e-08	4.9462e-06	1.9e-05	12	7	-3.8297	0.87544	0.9333	1.0	582	0	0
METTL15__P2	8	2.8112e-08	4.9462e-06	1.9e-05	13	8	-3.9841	0.99999	1.0	1.0	925	0	0
WDR70__P1P2	8	4.8482e-08	4.9462e-06	1.9e-05	14	8	-3.8418	1.0	1.0	1.0	963	0	0
MAD2L1BP__P1P2	8	5.8096e-08	4.9462e-06	1.9e-05	15	8	-3.5265	1.0	1.0	1.0	962	0	0
DROSHA__31531421	8	6.8767e-08	4.9462e-06	1.9e-05	16	8	-4.6385	1.0	1.0	1.0	942	0	0
POLR1B__P1P2	8	8.1402e-08	4.9462e-06	1.9e-05	17	8	-3.1109	1.0	1.0	1.0	961	0	0
RPL36A__P1P2	8	8.9489e-08	4.9462e-06	1.9e-05	18	8	-3.5034	1.0	1.0	1.0	959	0	0
RPS13__P1P2	8	1.0138e-07	4.9462e-06	1.9e-05	19	8	-2.9648	0.99997	1.0	1.0	915	0	0
IPO7__P1P2	8	1.0846e-07	4.9462e-06	1.9e-05	20	8	-3.915	1.0	1.0	1.0	958	0	0
RPS14__P1P2	8	1.5088e-07	4.9462e-06	1.9e-05	21	8	-1.9983	1.0	1.0	1.0	955	0	0
NSMCE4A__P1P2	8	2.0952e-07	4.9462e-06	1.9e-05	22	8	-3.6715	1.0	1.0	1.0	954	0	0
PMVK__P1P2	8	2.1041e-07	4.9462e-06	1.9e-05	23	8	-3.7194	1.0	1.0	1.0	950	0	0
RPL34__P1P2	8	2.131e-07	4.9462e-06	1.9e-05	24	8	-2.1545	1.0	1.0	1.0	953	0	0
C1D__P1P2	8	2.6904e-07	4.9462e-06	1.9e-05	25	8	-2.8466	1.0	1.0	1.0	952	0	0
RPL9__P1P2	8	2.8201e-07	4.9462e-06	1.9e-05	26	8	-2.596	0.99979	1.0	1.0	887	0	0
CHEK1__P1P2	8	2.8901e-07	4.9462e-06	1.9e-05	27	8	-3.9046	1.0	1.0	1.0	945	0	0
RNF8__P1P2	8	3.5768e-07	4.9462e-06	1.9e-05	28	8	-3.2586	1.0	1.0	1.0	951	0	0
SAE1__P1P2	8	4.5198e-07	4.9462e-06	1.9e-05	29	7	-3.6746	0.91657	0.96995	1.0	651	0	0
BMS1__P1P2	8	5.2723e-07	4.9462e-06	1.9e-05	30	7	-3.1306	0.99129	0.99984	1.0	792	0	0
HUS1__P1P2	8	5.425e-07	4.9462e-06	1.9e-05	31	8	-3.3164	1.0	1.0	1.0	949	0	0
WDR89__P1P2	8	5.8805e-07	4.9462e-06	1.9e-05	32	7	-4.0335	0.94949	0.98863	1.0	694	0	0
ATP6AP1__P1P2	8	6.2934e-07	4.9462e-06	1.9e-05	33	8	-3.1443	1.0	1.0	1.0	940	0	0
MINOS1-NBL1__P1P2	8	7.6104e-07	4.9462e-06	1.9e-05	34	8	-2.4389	1.0	1.0	1.0	948	0	0
TUBA1C__P1P2	8	8.493e-07	4.9462e-06	1.9e-05	35	8	-2.1684	1.0	1.0	1.0	947	0	0
ORC5__P1P2	8	9.3689e-07	4.9462e-06	1.9e-05	36	8	-3.3807	0.99991	1.0	1.0	902	0	0
RPL14__P1P2	8	9.7325e-07	4.9462e-06	1.9e-05	37	8	-2.3203	1.0	1.0	1.0	946	0	0
H2AFZ__P1P2	8	1.1179e-06	4.9462e-06	1.9e-05	38	8	-2.9672	1.0	1.0	1.0	944	0	0
LEO1__P1P2	8	1.2355e-06	4.9462e-06	1.9e-05	39	8	-3.1271	1.0	1.0	1.0	943	0	0
NDUFS8__P1P2	8	1.4503e-06	4.9462e-06	1.9e-05	40	7	-3.1209	0.75574	0.77761	1.0	474	0	0
PALB2__P1P2	8	1.722e-06	4.9462e-06	1.9e-05	41	7	-3.6568	0.9838	0.99905	1.0	757	0	0
DICER1__P1P2	8	1.7437e-06	4.9462e-06	1.9e-05	42	8	-3.2602	0.99998	1.0	1.0	918	0	0
NABP2__P1	8	1.7767e-06	4.9462e-06	1.9e-05	43	8	-2.8281	0.99998	1.0	1.0	916	0	0
DGCR8__P1P2	8	2.5632e-06	4.9462e-06	1.9e-05	44	8	-3.2352	1.0	1.0	1.0	941	0	0
DCPS__P1P2	8	2.8283e-06	4.9462e-06	1.9e-05	45	8	-2.8592	1.0	1.0	1.0	939	0	0
PDS5B__P1P2	8	2.8515e-06	4.9462e-06	1.9e-05	46	8	-1.8037	1.0	1.0	1.0	938	0	0
NRF1__P1P2	8	3.6274e-06	4.9462e-06	1.9e-05	47	8	-3.5434	1.0	1.0	1.0	937	0	0
NDUFAF6__P1P2	8	3.8263e-06	4.9462e-06	1.9e-05	48	8	-2.9291	1.0	1.0	1.0	934	0	0
MKI67__P1P2	8	3.8783e-06	4.9462e-06	1.9e-05	49	8	-1.8398	1.0	1.0	1.0	936	0	0
UBE2S__P1P2	8	4.1767e-06	4.9462e-06	1.9e-05	50	8	-1.7934	1.0	1.0	1.0	935	0	0
KIAA0020__P1	8	5.8226e-06	4.9462e-06	1.9e-05	51	7	-3.3448	0.89696	0.95345	1.0	613	0	0
PIGY__P1P2	8	6.715e-06	4.9462e-06	1.9e-05	52	8	-1.8228	0.99999	1.0	1.0	933	0	0
PPP2R5C__P1P2	8	6.7784e-06	4.9462e-06	1.9e-05	53	8	-2.2303	0.99797	1.0	1.0	840	0	0
ACAT2__P1P2	8	7.0156e-06	4.9462e-06	1.9e-05	54	8	-2.4506	0.99999	1.0	1.0	932	0	0
HEATR3__P1P2	8	7.0925e-06	4.9462e-06	1.9e-05	55	8	-3.3054	0.99999	1.0	1.0	931	0	0
UBA5__P1P2	8	7.381e-06	4.9462e-06	1.9e-05	56	8	-1.757	0.99999	1.0	1.0	930	0	0
UBE2G2__P1P2	8	8.0752e-06	4.9462e-06	1.9e-05	57	8	-1.8582	0.99999	1.0	1.0	929	0	0
VWA9__P1P2	8	8.4575e-06	4.9462e-06	1.9e-05	58	6	-3.2064	0.97908	0.99846	1.0	745	0	0
FNBP4__P1P2	8	9.7066e-06	4.9462e-06	1.9e-05	59	8	-2.5869	0.99998	1.0	1.0	922	0	0
CNOT3__P1P2	8	9.9792e-06	4.9462e-06	1.9e-05	60	8	-2.7325	0.99999	1.0	1.0	928	0	0
EMC1__P1P2	8	1.0237e-05	4.9462e-06	1.9e-05	61	8	-3.1785	0.99651	1.0	1.0	822	0	0
TERF1__P1P2	8	1.044e-05	4.9462e-06	1.9e-05	62	8	-2.3085	0.99999	1.0	1.0	927	0	0
CABIN1__P1P2	8	1.0807e-05	4.9462e-06	1.9e-05	63	8	-1.7514	0.99999	1.0	1.0	926	0	0
AUNIP__P1P2	8	1.1426e-05	4.9462e-06	1.9e-05	64	7	-2.3484	0.58675	0.45518	1.0	335	0	0
CYLD__P1P2	8	1.2602e-05	4.9462e-06	1.9e-05	65	8	-1.3543	0.99999	1.0	1.0	924	0	0
WDR48__P1P2	8	1.3336e-05	4.9462e-06	1.9e-05	66	7	-2.6299	0.98243	0.99887	1.0	755	0	0
GTF3C4__P1P2	8	1.346e-05	4.9462e-06	1.9e-05	67	7	-3.1535	0.99378	0.99993	1.0	804	0	0
INO80C__P1P2	8	1.3708e-05	4.9462e-06	1.9e-05	68	8	-1.4203	0.99999	1.0	1.0	923	0	0
DUSP12__P1P2	8	1.3845e-05	4.9462e-06	1.9e-05	69	8	-3.0266	0.99901	1.0	1.0	858	0	0
ZWILCH__P1P2	8	1.4029e-05	4.9462e-06	1.9e-05	70	7	-2.8781	0.78097	0.81368	1.0	496	0	0
RAD9A__P1P2	8	1.5073e-05	4.9462e-06	1.9e-05	71	7	-3.5225	0.53286	0.36749	1.0	293	0	0
ARHGAP4__P1	8	1.5163e-05	4.9462e-06	1.9e-05	72	8	-3.2298	0.99991	1.0	1.0	900	0	0
TOP1__P1P2	8	1.618e-05	4.9462e-06	1.9e-05	73	7	-2.9095	0.57869	0.43946	1.0	326	0	0
SPTLC2__P1P2	8	1.7268e-05	4.9462e-06	1.9e-05	74	8	-1.4159	0.99998	1.0	1.0	921	0	0
PPP1CB__P1P2	8	1.7687e-05	4.9462e-06	1.9e-05	75	7	-3.149	0.75598	0.77762	1.0	475	0	0
CDC26__P1P2	8	1.8365e-05	4.9462e-06	1.9e-05	76	7	-3.4198	0.9939	0.99993	1.0	805	0	0
HMGCR__P1P2	8	1.9898e-05	4.9462e-06	1.9e-05	77	8	-2.4327	0.99998	1.0	1.0	920	0	0
HMGCS1__P1P2	8	2.1048e-05	4.9462e-06	1.9e-05	78	7	-2.9923	0.79989	0.84142	1.0	515	0	0
KIF18B__P1P2	8	2.1818e-05	4.9462e-06	1.9e-05	79	8	-1.4226	0.99998	1.0	1.0	919	0	0
CWC25__P1P2	8	2.2517e-05	4.9462e-06	1.9e-05	80	8	-1.7089	0.99998	1.0	1.0	917	0	0
SMN2__69345238	8	2.5278e-05	4.9462e-06	1.9e-05	81	6	-3.3165	0.98999	0.99976	1.0	783	0	0
MLF1IP__P1P2	8	2.6476e-05	4.9462e-06	1.9e-05	82	8	-2.5958	0.99845	1.0	1.0	844	0	0
TRIP13__P1P2	8	2.7161e-05	4.9462e-06	1.9e-05	83	5	-2.2911	0.59055	0.47045	1.0	337	0	0
ZC3H4__P1	8	2.9853e-05	4.9462e-06	1.9e-05	84	8	-2.3822	0.99993	1.0	1.0	907	0	0
RPS4Y1__P1P2	8	3.2755e-05	4.9462e-06	1.9e-05	85	8	-1.0092	0.99997	1.0	1.0	914	0	0
TAF11__P1P2	8	3.519e-05	4.9462e-06	1.9e-05	86	8	-1.9173	0.99996	1.0	1.0	913	0	0
ZZZ3__P1P2	8	3.6574e-05	4.9462e-06	1.9e-05	87	8	-1.9898	0.99996	1.0	1.0	912	0	0
GNB2L1__P1P2	8	3.6976e-05	4.9462e-06	1.9e-05	88	7	-2.9762	0.97811	0.99832	1.0	739	0	0
CTDSPL2__P1P2	8	4.2613e-05	4.9462e-06	1.9e-05	89	8	-3.2242	0.99946	1.0	1.0	871	0	0
ZAR1L__P1P2	8	4.3089e-05	4.9462e-06	1.9e-05	90	8	-3.296	0.99922	1.0	1.0	862	0	0
CCS__P1P2	8	4.4877e-05	4.9462e-06	1.9e-05	91	8	-0.92929	0.99996	1.0	1.0	911	0	0
FECH__P1P2	8	5.1387e-05	4.9462e-06	1.9e-05	92	8	-2.8633	0.99723	1.0	1.0	831	0	0
MMAB__P1P2	8	5.1581e-05	4.9462e-06	1.9e-05	93	7	-2.2288	0.98829	0.99965	1.0	774	0	0
U2SURP__P1P2	8	5.3762e-05	4.9462e-06	1.9e-05	94	8	-2.9331	0.99971	1.0	1.0	880	0	0
NXT1__P1P2	8	5.4784e-05	4.9462e-06	1.9e-05	95	8	-2.2245	0.99995	1.0	1.0	910	0	0
INTS10__P1P2	8	5.5155e-05	4.9462e-06	1.9e-05	96	7	-2.6663	0.9514	0.9895	1.0	698	0	0
SETDB1__P1P2	8	5.7945e-05	4.9462e-06	1.9e-05	97	8	-1.2991	0.99994	1.0	1.0	909	0	0
ATF6__P1P2	8	6.2811e-05	4.9462e-06	1.9e-05	98	8	-1.9044	0.99994	1.0	1.0	908	0	0
ZRSR2__P1P2	8	6.7134e-05	4.9462e-06	1.9e-05	99	6	-2.8803	0.89117	0.9483	1.0	604	0	0
PPP4R2__P1P2	8	6.757e-05	4.9462e-06	1.9e-05	100	7	-2.3931	0.55771	0.42015	1.0	303	0	0
UBA3__P1P2	8	6.9804e-05	4.9462e-06	1.9e-05	101	8	-3.0554	0.9999	1.0	1.0	898	0	0
CENPQ__P1P2	11	7.0403e-05	4.9462e-06	1.9e-05	102	10	-1.1469	0.864	0.88151	1.0	572	0	0
PHF8__P1P2	11	7.2363e-05	4.9462e-06	1.9e-05	103	10	-1.3096	0.86529	0.88335	1.0	574	0	0
GET4__P1P2	8	7.4028e-05	4.9462e-06	1.9e-05	104	8	-1.9877	0.99993	1.0	1.0	906	0	0
PKMYT1__P1P2	8	7.6614e-05	4.9462e-06	1.9e-05	105	7	-2.5621	0.79766	0.83895	1.0	511	0	0
WDR7__P1P2	8	7.8348e-05	4.9462e-06	1.9e-05	106	8	-0.79349	0.99992	1.0	1.0	905	0	0
SLC25A33__P1P2	8	7.9836e-05	4.9462e-06	1.9e-05	107	8	-1.1437	0.99992	1.0	1.0	904	0	0
AK2__P1P2	8	8.0481e-05	4.9462e-06	1.9e-05	108	8	-0.7554	0.99992	1.0	1.0	903	0	0
XRCC1__P1P2	11	8.2072e-05	4.9462e-06	1.9e-05	109	9	-2.0342	0.99861	1.0	1.0	849	0	0
NEK2__P1P2	8	8.977e-05	4.9462e-06	1.9e-05	110	8	-1.2927	0.99991	1.0	1.0	901	0	0
HES1__P1P2	8	9.1688e-05	4.9462e-06	1.9e-05	111	8	-0.73437	0.99991	1.0	1.0	899	0	0
DBF4__P1P2	8	9.3535e-05	4.9462e-06	1.9e-05	112	7	-2.2486	0.98159	0.99877	1.0	752	0	0
MDC1__P1P2	8	9.6807e-05	4.9462e-06	1.9e-05	113	7	-1.5902	0.81549	0.86043	1.0	526	0	0
MIEF1__P1P2	8	9.9463e-05	4.9462e-06	1.9e-05	114	8	-0.75366	0.9999	1.0	1.0	897	0	0
DDX10__P1P2	8	9.9553e-05	4.9462e-06	1.9e-05	115	6	-2.6666	0.89853	0.95473	1.0	617	0	0
POLE4__P1P2	8	0.00010077	4.9462e-06	1.9e-05	116	8	-1.6442	0.9999	1.0	1.0	896	0	0
UFL1__P1P2	8	0.00010262	4.9462e-06	1.9e-05	117	8	-1.3459	0.9999	1.0	1.0	895	0	0
DHX35__P1P2	8	0.00010465	4.9462e-06	1.9e-05	118	6	-2.8329	0.94223	0.98573	1.0	682	0	0
MUT__P1P2	11	0.00010721	4.9462e-06	1.9e-05	119	10	-1.7065	0.99476	0.99988	1.0	809	0	0
GPALPP1__P1P2	8	0.00011466	4.9462e-06	1.9e-05	120	7	-2.2728	0.97845	0.99837	1.0	740	0	0
CHERP__P1P2	8	0.00011979	4.9462e-06	1.9e-05	121	7	-2.6558	0.61911	0.54297	1.0	361	0	0
ILF3__P1P2	8	0.00012225	4.9462e-06	1.9e-05	122	8	-1.9281	0.99988	1.0	1.0	894	0	0
ZNF462__P1P2	8	0.00012319	4.9462e-06	1.9e-05	123	8	-0.89191	0.99988	1.0	1.0	893	0	0
RPS8__P1P2	8	0.00012421	4.9462e-06	1.9e-05	124	6	-2.2186	0.64157	0.59941	1.0	377	0	0
HSPA13__P1P2	8	0.00013261	4.9462e-06	1.9e-05	125	8	-2.1272	0.99933	1.0	1.0	867	0	0
PARN__P1P2	11	0.00013584	4.9462e-06	1.9e-05	126	7	-2.1755	0.99018	0.9992	1.0	785	0	0
MDM4__P1P2	8	0.0001429	4.9462e-06	1.9e-05	127	7	-2.403	0.98452	0.99914	1.0	762	0	0
PTBP1__P1P2	8	0.00014353	4.9462e-06	1.9e-05	128	8	-2.4499	0.99938	1.0	1.0	869	0	0
WDR82__P1P2	8	0.00015239	4.9462e-06	1.9e-05	129	7	-2.4541	0.99588	0.99997	1.0	817	0	0
USP1__P1P2	8	0.00015362	4.9462e-06	1.9e-05	130	8	-1.6681	0.99985	1.0	1.0	892	0	0
ILK__P1P2	8	0.0001563	4.9462e-06	1.9e-05	131	8	-2.2449	0.99984	1.0	1.0	891	0	0
DNAJC3__P1P2	8	0.00015863	4.9462e-06	1.9e-05	132	8	-1.7529	0.99984	1.0	1.0	890	0	0
MEAF6__P1P2	8	0.00016138	4.9462e-06	1.9e-05	133	7	-1.8182	0.87261	0.93041	1.0	581	0	0
PPIL1__P1P2	8	0.00016241	4.9462e-06	1.9e-05	134	8	-3.1622	0.99917	1.0	1.0	861	0	0
MRRF__P1P2	8	0.00016825	4.9462e-06	1.9e-05	135	8	-1.7924	0.99983	1.0	1.0	889	0	0
NPM1__P1P2	8	0.00017017	4.9462e-06	1.9e-05	136	8	-2.7421	0.99878	1.0	1.0	854	0	0
TRIM24__P1P2	8	0.00017157	4.9462e-06	1.9e-05	137	8	-0.79023	0.99983	1.0	1.0	888	0	0
TAF9__P1P2	8	0.00017304	4.9462e-06	1.9e-05	138	6	-2.6035	0.99055	0.99978	1.0	787	0	0
RIF1__P1P2	8	0.00018341	4.9462e-06	1.9e-05	139	7	-2.3055	0.89247	0.94939	1.0	606	0	0
ZNHIT3__P1P2	8	0.0001919	4.9462e-06	1.9e-05	140	7	-2.7731	0.99118	0.99982	1.0	789	0	0
BRAP__P1P2	8	0.00019466	4.9462e-06	1.9e-05	141	7	-1.5992	0.98622	0.99942	1.0	768	0	0
PPP1R10__P1P2	8	0.00022447	4.9462e-06	1.9e-05	142	8	-1.8635	0.99978	1.0	1.0	886	0	0
FDX1__P1P2	8	0.00022874	4.9462e-06	1.9e-05	143	8	-0.9498	0.99977	1.0	1.0	885	0	0
PDSS1__P1P2	11	0.00023048	4.9462e-06	1.9e-05	144	10	-1.5105	0.99643	0.99997	1.0	821	0	0
NCSTN__P1P2	8	0.00023145	4.9462e-06	1.9e-05	145	8	-1.2332	0.99977	1.0	1.0	884	0	0
WEE1__P1P2	8	0.00023594	4.9462e-06	1.9e-05	146	7	-2.7066	0.28778	0.025616	0.196055	127	0	0
UQCRC2__P1P2	11	0.00023824	4.9462e-06	1.9e-05	147	10	-1.7036	0.97244	0.9944	1.0	730	0	0
RAD1__P1P2	8	0.0002403	4.9462e-06	1.9e-05	148	8	-0.92994	0.99976	1.0	1.0	883	0	0
TINF2__P1P2	8	0.00024122	4.9462e-06	1.9e-05	149	8	-2.6238	0.99897	1.0	1.0	857	0	0
DNAJC2__P1P2	8	0.00024967	4.9462e-06	1.9e-05	150	7	-2.6594	0.95922	0.99306	1.0	710	0	0
SPAG9__P1P2	8	0.0002607	4.9462e-06	1.9e-05	151	8	-1.1657	0.99974	1.0	1.0	882	0	0
PRPF40A__P1P2	8	0.00026223	4.9462e-06	1.9e-05	152	7	-2.3407	0.7682	0.79101	1.0	484	0	0
HUWE1__P1P2	8	0.00026611	4.9462e-06	1.9e-05	153	8	-1.6609	0.99888	1.0	1.0	855	0	0
SF1__P1P2	8	0.00027239	4.9462e-06	1.9e-05	154	8	-0.99395	0.99973	1.0	1.0	881	0	0
CCDC12__P1	8	0.0002757	4.9462e-06	1.9e-05	155	7	-2.69	0.7134	0.712	1.0	433	0	0
ANKRD49__P1P2	8	0.00028598	4.9462e-06	1.9e-05	156	8	-2.617	0.99911	1.0	1.0	860	0	0
TFAP4__P1P2	8	0.00030677	4.9462e-06	1.9e-05	157	8	-0.99052	0.99969	1.0	1.0	879	0	0
NUTF2__P1P2	8	0.00030803	4.9462e-06	1.9e-05	158	8	-2.9818	0.99963	1.0	1.0	877	0	0
PFDN1__P1P2	8	0.00030942	4.9462e-06	1.9e-05	159	8	-2.4629	0.99817	1.0	1.0	841	0	0
POLE3__P1P2	8	0.00032021	4.9462e-06	1.9e-05	160	7	-1.9176	0.75284	0.77525	1.0	471	0	0
EXOC5__P1P2	8	0.00032852	4.9462e-06	1.9e-05	161	8	-3.264	0.99823	1.0	1.0	842	0	0
C19orf70__P1P2	8	0.00034799	4.9462e-06	1.9e-05	162	8	-0.81908	0.99965	1.0	1.0	878	0	0
LIMS1__P1P2	8	0.00036155	4.9462e-06	1.9e-05	163	7	-1.2848	0.62124	0.54744	1.0	363	0	0
POLG__P1P2	8	0.00036257	4.9462e-06	1.9e-05	164	7	-2.3129	0.99441	0.99995	1.0	806	0	0
PPP2CA__P1P2	8	0.00037648	4.9462e-06	1.9e-05	165	6	-2.4549	0.83106	0.88099	1.0	542	0	0
SPECC1L__P1P2	8	0.00038967	4.9462e-06	1.9e-05	166	8	-0.7519	0.99961	1.0	1.0	876	0	0
OBFC1__P1P2	8	0.00039857	4.9462e-06	1.9e-05	167	7	-2.121	0.99575	0.99997	1.0	816	0	0
CCDC137__P1P2	8	0.00040185	4.9462e-06	1.9e-05	168	8	-2.0317	0.9996	1.0	1.0	875	0	0
RBM34__P1P2	8	0.00042792	4.9462e-06	1.9e-05	169	6	-1.8826	0.38075	0.12938	0.676101	183	0	0
ANKRA2__P1P2	8	0.0004452	4.9462e-06	1.9e-05	170	8	-1.8281	0.99955	1.0	1.0	874	0	0
ESRP1__P1P2	8	0.00044685	4.9462e-06	1.9e-05	171	7	-1.1472	0.99285	0.99991	1.0	797	0	0
BTAF1__P1P2	8	0.00045264	4.9462e-06	1.9e-05	172	6	-2.1444	0.57558	0.43689	1.0	323	0	0
TMEM68__P1P2	8	0.00045662	4.9462e-06	1.9e-05	173	7	-1.5982	0.88068	0.93818	1.0	590	0	0
FOXK1__P1P2	8	0.00045908	4.9462e-06	1.9e-05	174	7	-1.4003	0.94371	0.98637	1.0	685	0	0
NUFIP1__P1P2	8	0.00046286	4.9462e-06	1.9e-05	175	8	-2.0931	0.99954	1.0	1.0	873	0	0
GOLGA7__P1P2	8	0.00047191	4.9462e-06	1.9e-05	176	8	-1.0063	0.99953	1.0	1.0	872	0	0
RBM14-RBM4__P2	8	0.0004919	4.9462e-06	1.9e-05	177	8	-1.8503	0.9978	1.0	1.0	836	0	0
PRKDC__P1P2	8	0.00050013	4.9462e-06	1.9e-05	178	7	-1.3521	0.42337	0.19542	0.89177	211	0	0
KAT2A__P1P2	8	0.00057869	4.9462e-06	1.9e-05	179	6	-2.0556	0.91342	0.96778	1.0	644	0	0
TLN1__P1P2	8	0.00059331	4.9462e-06	1.9e-05	180	8	-0.51599	0.99941	1.0	1.0	870	0	0
KAT5__P1P2	8	0.0006486	4.9462e-06	1.9e-05	181	6	-2.2168	0.7526	0.77525	1.0	470	0	0
PTK2__P1P2	8	0.00067052	4.9462e-06	1.9e-05	182	8	-1.324	0.99933	1.0	1.0	868	0	0
DCP2__P1P2	8	0.00067745	4.9462e-06	1.9e-05	183	8	-0.92209	0.99932	1.0	1.0	866	0	0
COL4A3BP__P1P2	8	0.00067926	4.9462e-06	1.9e-05	184	8	-1.0774	0.99875	1.0	1.0	852	0	0
PRR14L__P1P2	8	0.00069009	4.9462e-06	1.9e-05	185	8	-0.60228	0.99931	1.0	1.0	865	0	0
GDI2__P1	8	0.00071451	4.9462e-06	1.9e-05	186	8	-0.63981	0.99929	1.0	1.0	864	0	0
KIF22__P1	8	0.0007162	4.9462e-06	1.9e-05	187	8	-1.1476	0.99698	1.0	1.0	826	0	0
SNAI1__P1P2	8	0.00071744	4.9462e-06	1.9e-05	188	8	-0.7187	0.99928	1.0	1.0	863	0	0
NAA15__P1P2	8	0.00073177	4.9462e-06	1.9e-05	189	6	-2.4699	0.80469	0.84685	1.0	519	0	0
ASPM__P1P2	8	0.00073806	4.9462e-06	1.9e-05	190	7	-1.1917	0.9897	0.99973	1.0	781	0	0
DDRGK1__P1P2	8	0.00075301	4.9462e-06	1.9e-05	191	8	-1.4554	0.99698	1.0	1.0	827	0	0
NPLOC4__P1P2	8	0.00079949	4.9462e-06	1.9e-05	192	6	-2.1573	0.57362	0.43391	1.0	321	0	0
MTCH2__P1P2	8	0.00082509	4.9462e-06	1.9e-05	193	7	-1.6848	0.97713	0.9982	1.0	736	0	0
MCTS1__P1P2	8	0.00086415	4.9462e-06	1.9e-05	194	7	-1.6913	0.9618	0.9939	1.0	713	0	0
SIN3B__P1P2	8	0.00090735	4.9462e-06	1.9e-05	195	7	-1.8936	0.98179	0.99878	1.0	753	0	0
GTF3C2__P1P2	8	0.00091336	4.9462e-06	1.9e-05	196	7	-2.3168	0.92266	0.97409	1.0	662	0	0
ANKRD17__P1P2	8	0.00092769	4.9462e-06	1.9e-05	197	8	-0.70887	0.99907	1.0	1.0	859	0	0
C8orf59__P1P2	8	0.00094438	4.9462e-06	1.9e-05	198	7	-1.4568	0.98752	0.99957	1.0	772	0	0
LIAS__P1P2	8	0.00098224	4.9462e-06	1.9e-05	199	6	-2.3157	0.98745	0.99957	1.0	770	0	0
DNMT1__P1P2	8	0.00099595	4.9462e-06	1.9e-05	200	6	-2.3345	0.75766	0.77972	1.0	476	0	0
PPME1__P1P2	8	0.0010456	4.9462e-06	1.9e-05	201	8	-1.5963	0.99895	1.0	1.0	856	0	0
HMBS__P1	8	0.0011433	4.9462e-06	1.9e-05	202	7	-2.553	0.92292	0.97409	1.0	663	0	0
DPF2__P1	8	0.0011584	4.9462e-06	1.9e-05	203	7	-1.0058	0.9866	0.9995	1.0	769	0	0
STAG2__P1	8	0.0012274	4.9462e-06	1.9e-05	204	7	-1.1227	0.8369	0.88798	1.0	550	0	0
SUB1__P1	8	0.0012364	4.9462e-06	1.9e-05	205	8	-1.0403	0.99876	1.0	1.0	853	0	0
C1QTNF9B-AS1__P1P2	8	0.0012647	4.9462e-06	1.9e-05	206	6	-1.511	0.27292	0.017564	0.137756	117	0	0
PARL__P1P2	8	0.0013516	4.9462e-06	1.9e-05	207	8	-0.90413	0.99865	1.0	1.0	851	0	0
MGEA5__P1P2	8	0.0013541	4.9462e-06	1.9e-05	208	7	-1.6569	0.99485	0.99996	1.0	811	0	0
ERC1__P1P2	8	0.0013825	4.9462e-06	1.9e-05	209	8	-0.90752	0.99862	1.0	1.0	850	0	0
ZFC3H1__P1P2	8	0.0013883	4.9462e-06	1.9e-05	210	8	-1.0062	0.99855	1.0	1.0	847	0	0
BCKDHA__P1	8	0.0014367	4.9462e-06	1.9e-05	211	7	-2.602	0.99009	0.99976	1.0	784	0	0
HSPA4__P1P2	8	0.001438	4.9462e-06	1.9e-05	212	8	-1.1011	0.99856	1.0	1.0	848	0	0
UHRF1__P1P2	8	0.0014816	4.9462e-06	1.9e-05	213	8	-1.5622	0.99852	1.0	1.0	846	0	0
CHTF18__P1P2	8	0.0015231	4.9462e-06	1.9e-05	214	8	-2.1596	0.99671	1.0	1.0	824	0	0
BRMS1__P1P2	8	0.0015406	4.9462e-06	1.9e-05	215	8	-0.49864	0.99846	1.0	1.0	845	0	0
UNC45A__P1	8	0.0015443	4.9462e-06	1.9e-05	216	6	-2.0418	0.9315	0.98032	1.0	673	0	0
CSK__P1P2	8	0.0015699	4.9462e-06	1.9e-05	217	7	-0.76293	0.95835	0.99246	1.0	708	0	0
RPL28__P1P2	8	0.0016046	4.9462e-06	1.9e-05	218	6	-1.9969	0.94632	0.98759	1.0	690	0	0
RAD51AP1__P1P2	8	0.0016195	4.9462e-06	1.9e-05	219	8	-0.57783	0.99838	1.0	1.0	843	0	0
SDF2__P1P2	8	0.0016264	4.9462e-06	1.9e-05	220	6	-2.1802	0.89081	0.948	1.0	603	0	0
CMC2__P1P2	8	0.0016552	4.9462e-06	1.9e-05	221	7	-2.3511	0.5569	0.41753	1.0	302	0	0
RBPMS2__P1P2	8	0.0016764	4.9462e-06	1.9e-05	222	7	-1.199	0.99206	0.9999	1.0	794	0	0
ACLY__P1P2	8	0.0017364	4.9462e-06	1.9e-05	223	7	-1.7102	0.86593	0.92035	1.0	576	0	0
HAUS8__P1P2	8	0.0017967	4.9462e-06	1.9e-05	224	6	-2.1323	0.41516	0.18426	0.869422	203	0	0
SSR1__P1P2	8	0.0018099	4.9462e-06	1.9e-05	225	7	-1.1403	0.94522	0.98702	1.0	687	0	0
CPNE1__P1P2	8	0.0018814	4.9462e-06	1.9e-05	226	7	-2.1635	0.70043	0.68571	1.0	422	0	0
SRCAP__P1P2	8	0.0018856	4.9462e-06	1.9e-05	227	7	-1.1956	0.98883	0.99967	1.0	777	0	0
HSPA14__P1P2	8	0.0019639	4.9462e-06	1.9e-05	228	7	-2.0858	0.9756	0.99788	1.0	735	0	0
FZR1__P1P2	8	0.001985	4.9462e-06	1.9e-05	229	7	-1.1612	0.9932	0.99992	1.0	798	0	0
UBA2__P1P2	8	0.002019	4.9462e-06	1.9e-05	230	7	-1.2346	0.98815	0.99964	1.0	773	0	0
USP42__P1P2	8	0.0020361	4.9462e-06	1.9e-05	231	8	-0.8632	0.99796	1.0	1.0	839	0	0
LOC730183__NM_001256932	8	0.0021026	4.9462e-06	1.9e-05	232	8	-1.2764	0.9979	1.0	1.0	838	0	0
TATDN2__P1P2	8	0.0021101	4.9462e-06	1.9e-05	233	8	-0.8314	0.99789	1.0	1.0	837	0	0
SNRNP40__P1P2	8	0.002128	4.9462e-06	1.9e-05	234	7	-1.8208	0.94036	0.98469	1.0	680	0	0
APEX2__P1P2	8	0.0021831	4.9462e-06	1.9e-05	235	8	-1.1133	0.99713	1.0	1.0	828	0	0
H2AFX__P1P2	8	0.0022153	4.9462e-06	1.9e-05	236	7	-0.70325	0.95753	0.99227	1.0	707	0	0
TBCC__P1P2	8	0.0022405	4.9462e-06	1.9e-05	237	7	-2.094	0.99492	0.99996	1.0	812	0	0
SMARCAL1__P1P2	8	0.0022906	4.9462e-06	1.9e-05	238	7	-1.404	0.58561	0.4527	1.0	334	0	0
NRBP1__P1P2	8	0.0023001	4.9462e-06	1.9e-05	239	7	-0.83659	0.88157	0.93865	1.0	592	0	0
PPP6R3__P1P2	8	0.0024735	4.9462e-06	1.9e-05	240	8	-1.1513	0.99753	1.0	1.0	835	0	0
UBR5__P1P2	8	0.0025511	4.9462e-06	1.9e-05	241	6	-2.0869	0.89931	0.95502	1.0	619	0	0
MNT__P1P2	8	0.0025614	4.9462e-06	1.9e-05	242	8	-0.72856	0.99744	1.0	1.0	834	0	0
ACTR5__P1P2	8	0.0025746	4.9462e-06	1.9e-05	243	6	-1.3435	0.44641	0.23394	0.989415	225	0	0
ZMIZ1__P1P2	11	0.0026074	4.9462e-06	1.9e-05	244	10	-0.37582	0.9862	0.99849	1.0	767	0	0
UBE2O__P1P2	8	0.0026185	4.9462e-06	1.9e-05	245	7	-0.59951	0.99331	0.99992	1.0	799	0	0
NSDHL__P1P2	8	0.0026789	4.9462e-06	1.9e-05	246	6	-1.7448	0.50857	0.32483	1.0	275	0	0
TRAPPC13__P1P2	8	0.0026796	4.9462e-06	1.9e-05	247	8	-0.33431	0.99732	1.0	1.0	833	0	0
MEX3A__P1P2	8	0.0027499	4.9462e-06	1.9e-05	248	8	-1.5797	0.99725	1.0	1.0	832	0	0
TIMM17B__P1P2	8	0.0027881	4.9462e-06	1.9e-05	249	8	-1.0129	0.99721	1.0	1.0	830	0	0
IPO5__P1P2	8	0.002814	4.9462e-06	1.9e-05	250	6	-1.7756	0.98505	0.99926	1.0	764	0	0
PSPC1__P1P2	8	0.002856	4.9462e-06	1.9e-05	251	8	-0.94283	0.99714	1.0	1.0	829	0	0
ATRIP__P1P2	8	0.0030206	1.4839e-05	5.5e-05	252	7	-1.1396	0.98465	0.99915	1.0	763	0	0
HAX1__P1P2	8	0.0030365	1.4839e-05	5.5e-05	253	6	-1.8165	0.94702	0.98766	1.0	691	0	0
DCAF4__P1P2	8	0.0030686	1.4839e-05	5.5e-05	254	8	-0.44601	0.99693	1.0	1.0	825	0	0
MOSPD2__P1P2	8	0.0030931	1.4839e-05	5.5e-05	255	7	-1.4489	0.8889	0.9462	1.0	601	0	0
ANLN__P1P2	8	0.0031229	1.4839e-05	5.5e-05	256	7	-1.5998	0.97952	0.99851	1.0	747	0	0
PNKP__P1P2	8	0.0031607	1.4839e-05	5.5e-05	257	6	-1.9891	0.8033	0.84498	1.0	518	0	0
ANP32B__P1P2	8	0.003448	1.4839e-05	5.5e-05	258	8	-1.2624	0.99655	1.0	1.0	823	0	0
CFDP1__P1	8	0.0035625	1.4839e-05	5.5e-05	259	5	-2.0633	0.89352	0.94972	1.0	609	0	0
ZNF296__P1P2	8	0.0035961	1.4839e-05	5.5e-05	260	7	-0.60904	0.99546	0.99997	1.0	815	0	0
EAF1__P1P2	8	0.0036313	1.4839e-05	5.5e-05	261	8	-0.55578	0.99637	1.0	1.0	820	0	0
DCLRE1B__P1P2	8	0.003638	1.4839e-05	5.5e-05	262	7	-1.852	0.88347	0.94102	1.0	596	0	0
RAD17__P1P2	8	0.0036747	2.4731e-05	9.1e-05	263	7	-2.0054	0.91971	0.97182	1.0	659	0	0
INTS6__P1P2	8	0.0037046	2.4731e-05	9.1e-05	264	8	-0.45213	0.9963	1.0	1.0	819	0	0
ABHD16A__P1P2	8	0.0037854	3.4623e-05	0.000125	265	8	-1.1568	0.99621	0.99999	1.0	818	0	0
KPNA2__P1P2	8	0.003857	3.4623e-05	0.000125	266	6	-1.1432	0.84024	0.89047	1.0	554	0	0
EIF3F__P1P2	11	0.003881	4.9462e-06	1.9e-05	267	8	-1.6742	0.48448	0.18014	0.866789	257	0	0
AGPS__P1P2	8	0.0040872	3.4623e-05	0.000125	268	7	-0.67629	0.61376	0.53211	1.0	357	0	0
CSNK2A1__P1P2	8	0.0042124	3.4623e-05	0.000125	269	7	-0.90847	0.73115	0.74574	1.0	443	0	0
CBLL1__P1P2	8	0.00441	4.4516e-05	0.000158	270	5	-1.6607	0.35534	0.097623	0.542885	171	0	0
NDC1__P1P2	8	0.004464	4.4516e-05	0.000158	271	7	-0.64126	0.9935	0.99992	1.0	801	0	0
NAE1__P1P2	8	0.00454	4.4516e-05	0.000158	272	5	-1.8992	0.50635	0.3186	1.0	274	0	0
DR1__P1P2	8	0.0045979	4.4516e-05	0.000158	273	4	-1.81	0.36372	0.10529	0.571739	176	0	0
RRNAD1__P1P2	8	0.0050958	7.4193e-05	0.000249	274	6	-1.9615	0.82069	0.86526	1.0	532	0	0
KDM5A__P1P2	8	0.0051249	7.4193e-05	0.000249	275	7	-0.96987	0.87769	0.93484	1.0	585	0	0
XPO5__P1P2	8	0.0051304	7.4193e-05	0.000249	276	7	-1.481	0.93229	0.98073	1.0	675	0	0
FKBPL__P1P2	8	0.0052424	7.4193e-05	0.000249	277	7	-1.8725	0.99282	0.99991	1.0	796	0	0
TMEM86A__P1P2	8	0.0053532	7.4193e-05	0.000249	278	4	-1.2935	0.57009	0.42862	1.0	319	0	0
KDSR__P1P2	8	0.005549	7.4193e-05	0.000249	279	7	-1.1103	0.91037	0.96584	1.0	640	0	0
SREK1IP1__P1P2	8	0.0057924	7.4193e-05	0.000249	280	7	-0.55963	0.98413	0.99909	1.0	761	0	0
CHAF1A__P1P2	8	0.0059363	7.4193e-05	0.000249	281	6	-1.8989	0.77388	0.79954	1.0	489	0	0
ZC3H7A__P1P2	8	0.0060766	7.4193e-05	0.000249	282	7	-0.65333	0.9161	0.96967	1.0	649	0	0
FAM178A__P1P2	8	0.0061257	7.4193e-05	0.000249	283	6	-1.8558	0.95181	0.98963	1.0	699	0	0
HNRNPA2B1__P1P2	8	0.0062226	7.4193e-05	0.000249	284	6	-1.1242	0.99452	0.99996	1.0	807	0	0
XPC__P1	8	0.0062869	7.4193e-05	0.000249	285	6	-2.0296	0.96246	0.99406	1.0	717	0	0
NAA30__P1P2	8	0.0064057	7.4193e-05	0.000249	286	7	-0.81238	0.97422	0.99752	1.0	732	0	0
MTF1__P1P2	8	0.0066336	7.4193e-05	0.000249	287	7	-1.0386	0.94324	0.9863	1.0	683	0	0
PSMG3__P2	8	0.0066698	7.4193e-05	0.000249	288	6	-2.1263	0.91563	0.96938	1.0	648	0	0
GTF3A__P1P2	8	0.006807	7.4193e-05	0.000249	289	7	-1.904	0.26854	0.017564	0.137756	114	0	0
HDAC7__P1P2	8	0.0069953	7.4193e-05	0.000249	290	5	-0.93376	0.97469	0.99767	1.0	733	0	0
CENPL__P1P2	8	0.0074456	8.4085e-05	0.000266	291	7	-1.7986	0.95301	0.99016	1.0	702	0	0
SAMD1__P1P2	8	0.0077151	8.4085e-05	0.000266	292	4	-1.3464	0.33943	0.082339	0.485111	163	0	0
KIFC1__P1P2	8	0.0079189	8.4085e-05	0.000266	293	6	-1.0807	0.78293	0.81731	1.0	500	0	0
TIMM10__P1P2	8	0.0079787	8.4085e-05	0.000266	294	6	-2.0884	0.68843	0.66934	1.0	409	0	0
PPP6C__P1P2	8	0.0081858	8.4085e-05	0.000266	295	7	-0.85526	0.84564	0.89719	1.0	556	0	0
TPR__P1P2	8	0.008621	8.4085e-05	0.000266	296	7	-1.1076	0.43849	0.22409	0.972377	220	0	0
RANBP2__109335729	8	0.0086978	8.4085e-05	0.000266	297	6	-1.8057	0.98395	0.99906	1.0	759	0	0
GRWD1__P1P2	8	0.00917	8.4085e-05	0.000266	298	6	-1.4271	0.35421	0.097613	0.542885	170	0	0
VPS51__P1P2	8	0.0094097	8.4085e-05	0.000266	299	6	-0.85872	0.69841	0.68269	1.0	419	0	0
TACC3__P1	8	0.009454	8.4085e-05	0.000266	300	6	-1.8613	0.90946	0.96541	1.0	638	0	0
ZCCHC8__P1P2	8	0.0096743	8.4085e-05	0.000266	301	7	-0.86475	0.96218	0.99401	1.0	714	0	0
RNF168__P1P2	8	0.0097731	8.4085e-05	0.000266	302	6	-1.4339	0.95386	0.99064	1.0	703	0	0
PRKRIR__P1P2	8	0.010202	8.4085e-05	0.000266	303	7	-1.9189	0.99128	0.99984	1.0	791	0	0
ARL14EP__P1P2	8	0.010406	8.4085e-05	0.000266	304	7	-0.34739	0.98854	0.99967	1.0	776	0	0
AEN__P1P2	8	0.01054	8.4085e-05	0.000266	305	7	-0.4341	0.76169	0.78196	1.0	481	0	0
MAPRE1__P1P2	8	0.01069	8.4085e-05	0.000266	306	7	-1.1562	0.82288	0.86828	1.0	535	0	0
KANSL1__P1P2	8	0.010789	8.4085e-05	0.000266	307	7	-1.1889	0.92129	0.97334	1.0	661	0	0
NUP188__P1P2	8	0.0114	9.3978e-05	0.000291	308	6	-0.5887	0.93198	0.98051	1.0	674	0	0
CWC27__P1P2	8	0.011763	9.3978e-05	0.000291	309	7	-0.44644	0.9807	0.99866	1.0	750	0	0
PSPH__P2	8	0.012331	9.3978e-05	0.000291	310	6	-1.4186	0.96118	0.99374	1.0	712	0	0
EXOSC1__P1P2	8	0.012593	9.3978e-05	0.000291	311	5	-1.8242	0.56652	0.42861	1.0	313	0	0
NPDC1__P1P2	8	0.012959	9.3978e-05	0.000291	312	5	-1.3612	0.4365	0.21735	0.951642	218	0	0
PHC1__P1P2	8	0.012998	9.3978e-05	0.000291	313	7	-0.81625	0.9067	0.96296	1.0	636	0	0
TAF6__P1P2	8	0.013155	9.3978e-05	0.000291	314	7	-1.2764	0.79847	0.83896	1.0	513	0	0
AP1B1__P1P2	8	0.013972	0.00015333	0.000464	315	7	-0.66628	0.99336	0.99992	1.0	800	0	0
ASXL2__P1P2	8	0.014741	0.00015333	0.000464	316	7	-0.90858	0.78509	0.82126	1.0	504	0	0
ATXN2L__P1P2	8	0.01478	0.00015333	0.000464	317	7	-0.38004	0.90524	0.96081	1.0	633	0	0
PLEKHA5__P1P2	8	0.014914	0.00015333	0.000464	318	7	-1.095	0.97882	0.99839	1.0	743	0	0
MYO9B__P1P2	8	0.014984	0.00015333	0.000464	319	7	-1.7154	0.99539	0.99997	1.0	814	0	0
PPP2R1A__P1	8	0.015015	0.00015333	0.000464	320	6	-1.3482	0.96836	0.99593	1.0	723	0	0
FDXR__P1P2	11	0.015064	0.00014344	0.000443	321	9	-1.6027	0.97715	0.99627	1.0	737	0	0
NEDD8-MDP1__P1P2	8	0.01517	0.00016322	0.000479	322	4	-1.7502	0.58903	0.46269	1.0	336	0	0
GTF2I__74071821	8	0.015255	0.00016322	0.000479	323	7	-0.81877	0.58485	0.4527	1.0	332	0	0
SRSF6__P1	8	0.015465	0.00016322	0.000479	324	7	-0.76916	0.946	0.98749	1.0	688	0	0
CCDC130__P1	8	0.015532	0.00016322	0.000479	325	7	-0.88647	0.94085	0.98492	1.0	681	0	0
ELOVL6__P1P2	8	0.015861	0.00016322	0.000479	326	7	-0.29761	0.61555	0.53411	1.0	359	0	0
SUGP1__P1P2	8	0.015982	0.00016322	0.000479	327	5	-1.8131	0.7335	0.74575	1.0	449	0	0
ATPAF2__P1P2	8	0.015984	0.00016322	0.000479	328	6	-1.5534	0.83891	0.88975	1.0	553	0	0
USMG5__P1P2	8	0.016099	0.00016322	0.000479	329	7	-1.1444	0.98567	0.99936	1.0	765	0	0
ZFAT__P1	8	0.016409	0.00016322	0.000479	330	6	-1.1871	0.75454	0.7763	1.0	473	0	0
CMC1__P1P2	8	0.016603	0.00016322	0.000479	331	7	-0.45469	0.68754	0.66781	1.0	406	0	0
PHF6__P1P2	8	0.017359	0.00033139	0.000962	332	7	-0.54952	0.99368	0.99992	1.0	803	0	0
NONO__P1P2	8	0.017641	0.00033139	0.000962	333	7	-0.89454	0.98747	0.99957	1.0	771	0	0
PGPEP1__P1P2	8	0.0179	0.00033139	0.000962	334	2	-1.0265	0.62053	0.54743	1.0	362	0	0
PFDN4__P1P2	8	0.017925	0.00033139	0.000962	335	5	-1.6175	0.91769	0.97118	1.0	653	0	0
CAB39__P1P2	8	0.018217	0.00034129	0.000984	336	7	-0.38948	0.90408	0.95947	1.0	630	0	0
DUSP11__P1P2	8	0.01827	0.00034129	0.000984	337	7	-0.47536	0.98391	0.99905	1.0	758	0	0
SMARCC1__P1P2	8	0.01989	0.00036107	0.001038	338	7	-0.57532	0.94888	0.98822	1.0	693	0	0
ISY1__P1P2	8	0.020195	0.00037096	0.001057	339	6	-1.3718	0.87663	0.93394	1.0	583	0	0
ACAD11__P1P2	8	0.020593	0.00037096	0.001057	340	5	-0.95431	0.73788	0.75334	1.0	451	0	0
CHAMP1__P1P2	8	0.02097	0.00037096	0.001057	341	7	-0.30294	0.91953	0.97181	1.0	657	0	0
UFC1__P1P2	8	0.021359	0.00038086	0.001067	342	7	-0.79329	0.97936	0.99849	1.0	746	0	0
DDX31__P1P2	8	0.021382	0.00038086	0.001067	343	6	-1.6161	0.58139	0.44216	1.0	328	0	0
DCUN1D1__P1P2	8	0.02148	0.00038086	0.001067	344	7	-0.31152	0.58216	0.44505	1.0	329	0	0
C19orf53__P1P2	8	0.021785	0.00038086	0.001067	345	7	-1.4179	0.98951	0.99972	1.0	780	0	0
GHITM__P1P2	8	0.022093	0.00038086	0.001067	346	7	-0.31909	0.95658	0.99183	1.0	706	0	0
UBE2L3__P1P2	8	0.022275	0.00038086	0.001067	347	5	-1.1019	0.90418	0.95947	1.0	631	0	0
POC1A__P1P2	8	0.022374	0.00039075	0.001091	348	7	-0.42196	0.99483	0.99996	1.0	810	0	0
ENY2__P1P2	8	0.022898	0.00040064	0.001116	349	5	-1.5822	0.68962	0.67106	1.0	410	0	0
RPS11__P1P2	8	0.023499	0.00041053	0.00114	350	5	-1.3913	0.97784	0.99831	1.0	738	0	0
SREBF1__P1	8	0.024453	0.00042043	0.001151	351	7	-1.1954	0.94619	0.98759	1.0	689	0	0
PIP4K2C__P1P2	8	0.024517	0.00042043	0.001151	352	4	-1.3956	0.91439	0.96844	1.0	646	0	0
FOXK2__P1P2	8	0.024581	0.00042043	0.001151	353	6	-0.46248	0.91619	0.96967	1.0	650	0	0
TTC3__P1P2	8	0.024758	0.00042043	0.001151	354	7	-0.47768	0.99124	0.99983	1.0	790	0	0
HEXIM1__P1P2	8	0.02555	0.00042043	0.001151	355	7	-0.50022	0.98852	0.99967	1.0	775	0	0
LSR__P1P2	8	0.025702	0.00043032	0.001162	356	6	-1.3624	0.96232	0.99402	1.0	716	0	0
SNF8__P1P2	8	0.026161	0.00043032	0.001162	357	5	-1.0876	0.83141	0.881	1.0	543	0	0
RUNX1T1__P2	8	0.026435	0.00043032	0.001162	358	7	-0.79637	0.9786	0.99838	1.0	741	0	0
FUBP3__P1P2	8	0.026516	0.00043032	0.001162	359	6	-1.5019	0.97511	0.99773	1.0	734	0	0
POC1B__P1P2	8	0.02727	0.00043032	0.001162	360	7	-0.32055	0.96274	0.9941	1.0	718	0	0
AKAP3__P1	8	0.027958	0.00044021	0.001172	361	6	-1.4245	0.89164	0.94867	1.0	605	0	0
LTN1__P1P2	8	0.027976	0.00044021	0.001172	362	7	-0.71821	0.99029	0.99977	1.0	786	0	0
KATNA1__P1P2	8	0.028014	0.00044021	0.001172	363	7	-0.35714	0.984	0.99906	1.0	760	0	0
ARHGEF18__P1P2	8	0.028278	0.00044021	0.001172	364	7	-0.66885	0.99517	0.99997	1.0	813	0	0
EHBP1__P1P2	8	0.028354	0.00044021	0.001172	365	7	-0.3247	0.74093	0.75947	1.0	458	0	0
MBIP__P1P2	8	0.028879	0.0004501	0.001189	366	4	-1.5749	0.89864	0.95474	1.0	618	0	0
FNIP1__P1P2	8	0.028889	0.0004501	0.001189	367	7	-0.41572	0.90269	0.95796	1.0	626	0	0
ICMT__P1P2	8	0.029083	0.0004501	0.001189	368	7	-0.25126	0.60138	0.49969	1.0	349	0	0
RNPS1__P1P2	8	0.029853	0.00046	0.001208	369	3	-0.86932	0.51562	0.33118	1.0	279	0	0
DYNC1LI1__P1P2	8	0.030765	0.00046	0.001208	370	6	-1.1329	0.95876	0.99285	1.0	709	0	0
PRMT7__P1P2	8	0.031155	0.00046989	0.001218	371	7	-0.36972	0.99454	0.99996	1.0	808	0	0
UBE2Q1__P1P2	8	0.031278	0.00046989	0.001218	372	7	-0.83989	0.98898	0.99968	1.0	778	0	0
FAM216A__P1P2	8	0.031319	0.00046989	0.001218	373	7	-1.344	0.98948	0.99971	1.0	779	0	0
SFPQ__P1P2	8	0.031328	0.00046989	0.001218	374	6	-1.0672	0.81792	0.863	1.0	531	0	0
ERCC1__P1P2	8	0.031455	0.00046989	0.001218	375	6	-1.0333	0.76004	0.78073	1.0	479	0	0
RRP8__P1P2	8	0.031973	0.00053913	0.001386	376	5	-0.76516	0.52474	0.35236	1.0	287	0	0
ABCB10__P1P2	8	0.032146	0.00053913	0.001386	377	2	-0.64893	0.52431	0.35236	1.0	286	0	0
FAF1__P1P2	8	0.032187	0.00053913	0.001386	378	6	-0.50912	0.74794	0.76811	1.0	465	0	0
WDR18__P1P2	8	0.033013	0.00055892	0.00143	379	5	-1.4625	0.45763	0.24702	0.992192	235	0	0
ELMO3__P1P2	8	0.033042	0.00055892	0.00143	380	7	-0.25287	0.99226	0.9999	1.0	795	0	0
EIF4A1__P1P2	8	0.034557	0.00063806	0.001628	381	6	-1.1041	0.4079	0.17328	0.846371	196	0	0
LCOR__P1P2	8	0.034797	0.00067763	0.001693	382	7	-0.67982	0.91862	0.97148	1.0	655	0	0
FAR1__P1P2	8	0.034886	0.00068752	0.001693	383	7	-0.36621	0.99361	0.99992	1.0	802	0	0
MRGBP__P1P2	8	0.036141	0.00069741	0.001693	384	6	-1.2792	0.93338	0.98088	1.0	676	0	0
IMMT__P1P2	8	0.03615	0.00069741	0.001693	385	6	-1.5434	0.96001	0.99339	1.0	711	0	0
PPP2R5E__P1P2	8	0.036902	0.00069741	0.001693	386	6	-0.68503	0.7272	0.73742	1.0	439	0	0
PCGF2__P1	8	0.03721	0.00069741	0.001693	387	6	-0.30101	0.98585	0.99939	1.0	766	0	0
DDA1__P1P2	8	0.037313	0.00069741	0.001693	388	6	-0.40281	0.88768	0.94439	1.0	600	0	0
DEGS1__P1P2	8	0.037581	0.00069741	0.001693	389	2	-0.9189	0.32669	0.066412	0.41647	154	0	0
TBC1D31__P1P2	8	0.037779	0.00069741	0.001693	390	6	-0.43815	0.96912	0.99626	1.0	725	0	0
RPL29__P1P2	8	0.037974	0.00069741	0.001693	391	6	-0.71936	0.99131	0.99984	1.0	793	0	0
MANSC1__P1P2	8	0.039397	0.00069741	0.001693	392	3	-1.0969	0.7825	0.81644	1.0	499	0	0
CORO1A__30194716	8	0.039418	0.00069741	0.001693	393	6	-0.93916	0.96393	0.99445	1.0	721	0	0
RBX1__P1P2	8	0.040529	0.00069741	0.001693	394	3	-1.1697	0.39844	0.15549	0.775074	192	0	0
MAGOHB__P1P2	8	0.041369	0.00069741	0.001693	395	5	-1.3674	0.48133	0.2735	1.0	253	0	0
HIGD2A__P1P2	8	0.042314	0.00069741	0.001693	396	5	-1.1719	0.56732	0.42861	1.0	314	0	0
UBE2D3__P1P2	8	0.042732	0.00069741	0.001693	397	5	-1.1005	0.78119	0.81368	1.0	497	0	0
SERBP1__P1P2	8	0.044219	0.0007073	0.001693	398	5	-1.3858	0.33655	0.074307	0.445839	161	0	0
PFDN5__P1P2	8	0.046629	0.0007073	0.001693	399	5	-1.1399	0.90628	0.96295	1.0	634	0	0
GMEB1__P1P2	8	0.046976	0.0007073	0.001693	400	6	-0.72642	0.82559	0.87058	1.0	537	0	0
SMARCA5__P1P2	8	0.048611	0.0007073	0.001693	401	4	-0.82184	0.48411	0.27351	1.0	256	0	0
GPI__P1P2	8	0.049114	0.0007073	0.001693	402	6	-0.56455	0.96986	0.99633	1.0	726	0	0
GNB1__P1P2	8	0.049814	0.0007073	0.001693	403	6	-0.3171	0.90429	0.95947	1.0	632	0	0
BRD1__P1P2	8	0.049889	0.0007073	0.001693	404	5	-0.67318	0.70243	0.68736	1.0	425	0	0
UFM1__P1P2	8	0.050252	0.0007073	0.001693	405	5	-0.85756	0.72932	0.74173	1.0	441	0	0
SNRK__P1P2	8	0.051562	0.0007073	0.001693	406	6	-0.43949	0.98052	0.99863	1.0	749	0	0
SUPT4H1__P1P2	8	0.052021	0.0007172	0.001703	407	5	-1.4052	0.75162	0.77524	1.0	468	0	0
SF3A2__P2	8	0.052396	0.0007172	0.001703	408	5	-0.99794	0.90387	0.95946	1.0	629	0	0
COPS8__237994319	8	0.055181	0.0007172	0.001703	409	5	-1.4046	0.88695	0.94368	1.0	599	0	0
COPE__P1P2	8	0.056023	0.00072709	0.001703	410	6	-0.7678	0.90085	0.95653	1.0	623	0	0
ELOF1__P1P2	8	0.057358	0.00072709	0.001703	411	4	-1.1164	0.92016	0.97231	1.0	660	0	0
NKRF__P1P2	8	0.057785	0.00072709	0.001703	412	6	-0.25269	0.89317	0.94971	1.0	608	0	0
CSTF2__P1P2	8	0.058214	0.00072709	0.001703	413	6	-0.31734	0.68664	0.66448	1.0	405	0	0
FAM69B__P1P2	8	0.059035	0.00072709	0.001703	414	4	-1.1788	0.7437	0.76312	1.0	460	0	0
STX7__P1P2	8	0.059151	0.00072709	0.001703	415	6	-1.1901	0.97192	0.99704	1.0	728	0	0
ATP12A__P1P2	8	0.060466	0.00073698	0.001722	416	6	-1.0116	0.93468	0.98143	1.0	677	0	0
ASUN__P1P2	8	0.062328	0.00074687	0.001741	417	6	-1.1498	0.87873	0.93658	1.0	587	0	0
SMN1__70220656	8	0.063703	0.00085569	0.00198	418	5	-1.1828	0.6244	0.55371	1.0	365	0	0
CNOT11__P1P2	8	0.063774	0.00085569	0.00198	419	2	-0.64092	0.8831	0.94068	1.0	595	0	0
RBM47__P1P2	8	0.064553	0.00085569	0.00198	420	1	-0.23477	0.15615	4.9462e-06	5.3e-05	65	0	0
MED23__P1P2	8	0.065238	0.00086558	0.001994	421	6	-0.47166	0.97891	0.99846	1.0	744	0	0
C20orf196__P1P2	8	0.066255	0.00086558	0.001994	422	6	-0.24624	0.37036	0.10956	0.581941	179	0	0
WNT7A__P1P2	8	0.066887	0.00098429	0.002251	423	2	-0.62072	0.78466	0.82029	1.0	503	0	0
RYR3__P1P2	8	0.068217	0.00098429	0.002251	424	2	-0.92325	0.4677	0.26352	1.0	241	0	0
DOCK1__P1P2	8	0.07003	0.0049017	0.011044	425	6	-0.66614	0.91361	0.96803	1.0	645	0	0
WDR86__P1P2	8	0.070765	0.0049116	0.011044	426	1	-0.57834	0.81774	0.86299	1.0	530	0	0
USP3__P1P2	8	0.070853	0.0049116	0.011044	427	6	-0.6413	0.73272	0.74575	1.0	446	0	0
BRPF1__P1P2	8	0.072519	0.0049215	0.011044	428	6	-0.80753	0.67106	0.64077	1.0	391	0	0
MED15__P1	8	0.073766	0.0049215	0.011044	429	5	-1.0062	0.97202	0.99707	1.0	729	0	0
CHCHD3__P1P2	8	0.073957	0.0049215	0.011044	430	6	-0.39414	0.82088	0.86526	1.0	533	0	0
GPBP1__P1P2	8	0.073957	0.0049215	0.011044	431	6	-0.53002	0.84708	0.90005	1.0	557	0	0
C7orf49__P1P2	8	0.074052	0.0049215	0.011044	432	5	-1.0122	0.81303	0.8581	1.0	525	0	0
CDC42EP5__P1P2	8	0.074935	0.0049313	0.011044	433	4	-1.2171	0.27167	0.017564	0.137756	116	0	0
GPR89B__147400326	8	0.07617	0.0050995	0.011365	434	4	-0.77674	0.31076	0.054482	0.372935	141	0	0
SMCHD1__P1P2	8	0.076197	0.0050995	0.011365	435	6	-0.29063	0.70754	0.69718	1.0	428	0	0
PABPC4__P1P2	8	0.077003	0.0051094	0.011365	436	6	-1.1902	0.68484	0.66272	1.0	402	0	0
SOS1__P1P2	8	0.07751	0.0052677	0.01169	437	6	-0.11114	0.31906	0.062396	0.401713	147	0	0
CD22__P1P2	11	0.078229	0.00090515	0.00208	438	3	-0.48173	0.60732	0.37779	1.0	354	0	0
PLEKHH2__P1P2	8	0.08013	0.0052974	0.011702	439	3	-0.89042	0.31432	0.058538	0.387134	144	0	0
RAC1__P1P2	8	0.080862	0.0052974	0.011702	440	6	-0.61035	0.35758	0.097623	0.542885	172	0	0
CRLS1__P1P2	8	0.083676	0.0053567	0.011775	441	4	-0.84817	0.85895	0.91334	1.0	566	0	0
RBM7__P1P2	8	0.084321	0.0053666	0.011775	442	6	-0.60953	0.89786	0.95411	1.0	616	0	0
CHEK2__P1P2	8	0.084608	0.0053666	0.011775	443	3	-0.86739	0.06999	4.9462e-06	5.3e-05	31	1	0
CNKSR3__P1P2	8	0.086706	0.005426	0.011852	444	5	-1.0174	0.75932	0.78072	1.0	478	0	0
CTIF__P1P2	8	0.086972	0.005426	0.011852	445	3	-1.1768	0.90365	0.95946	1.0	628	0	0
CSNK1A1__P1P2	8	0.088241	0.0054853	0.011955	446	5	-1.1874	0.68544	0.66447	1.0	403	0	0
SMG7__P1P2	8	0.090321	0.009927	0.021449	447	4	-1.0749	0.65546	0.61893	1.0	384	0	0
BPTF__P1P2	8	0.090845	0.0099468	0.021449	448	5	-0.32325	0.41671	0.18779	0.877612	204	0	0
ATP6AP2__P1P2	8	0.091061	0.0099567	0.021449	449	6	-0.90017	0.80841	0.85167	1.0	522	0	0
RHOG__P1P2	8	0.091546	0.0099666	0.021449	450	6	-0.41865	0.91006	0.96561	1.0	639	0	0
NUDT22__P1P2	8	0.091937	0.0099666	0.021449	451	5	-1.1938	0.95535	0.99127	1.0	704	0	0
CORO1B__67210174	8	0.092699	0.0099765	0.021449	452	4	-0.84423	0.83588	0.88671	1.0	549	0	0
SPIN1__P1P2	8	0.093457	0.0099962	0.021449	453	3	-0.89456	0.51387	0.33117	1.0	278	0	0
CCDC64__ENST00000397558.2	8	0.098536	0.010224	0.021889	454	4	-0.88537	0.95637	0.99176	1.0	705	0	0
LRP6__P1P2	8	0.099598	0.010253	0.021904	455	3	-0.75191	0.067663	4.9462e-06	5.3e-05	29	1	0
ZFYVE9__P1P2	8	0.10281	0.014527	0.030805	456	6	-0.15481	0.89363	0.94972	1.0	610	0	0
C11orf58__P1P2	8	0.10354	0.014547	0.030805	457	1	-0.50853	0.85564	0.90871	1.0	564	0	0
ZCCHC11__P1P2	8	0.10399	0.014547	0.030805	458	6	-0.5531	0.78999	0.82805	1.0	509	0	0
FAM58A__P1P2	8	0.1051	0.014586	0.030821	459	5	-0.60591	0.69346	0.67609	1.0	414	0	0
ADD1__P1P2	8	0.10673	0.014685	0.030963	460	6	-0.71285	0.73839	0.75442	1.0	452	0	0
TRAPPC2L__P1P2	8	0.10728	0.014814	0.031053	461	6	-0.36708	0.60212	0.49969	1.0	350	0	0
CTXN1__P1P2	8	0.10728	0.014814	0.031053	462	3	-0.6625	0.45715	0.24702	0.992192	234	0	0
AGO2__141644983	8	0.10739	0.014824	0.031053	463	6	-0.67761	0.8817	0.93865	1.0	593	0	0
GOLGA7B__P1P2	8	0.10877	0.014893	0.031131	464	1	-0.62052	0.8941	0.95021	1.0	611	0	0
MON2__P1P2	8	0.11018	0.015012	0.031312	465	6	-0.12018	0.94351	0.98636	1.0	684	0	0
NOSIP__P1P2	8	0.11154	0.015071	0.031368	466	6	-0.18679	0.91962	0.97182	1.0	658	0	0
SNRPB2__P1P2	8	0.11349	0.01516	0.031486	467	6	-0.3087	0.71834	0.71933	1.0	436	0	0
RBL1__P1P2	8	0.11453	0.01521	0.031495	468	6	-0.37039	0.99066	0.99978	1.0	788	0	0
TMSB10__P1P2	8	0.11473	0.015229	0.031495	469	1	-0.41469	0.20469	0.0043378	0.040247	91	0	0
RAD21__P1P2	8	0.11627	0.015437	0.031857	470	6	-0.75218	0.98101	0.99873	1.0	751	0	0
HNRNPLL__P1P2	8	0.11793	0.015585	0.032028	471	5	-0.9888	0.54832	0.40033	1.0	299	0	0
C6orf47__P1P2	8	0.11827	0.015585	0.032028	472	6	-0.37001	0.5689	0.42862	1.0	316	0	0
SSBP3__P1P2	8	0.12126	0.015763	0.032298	473	6	-0.35789	0.78745	0.82507	1.0	506	0	0
PYGO2__P1P2	8	0.12174	0.015783	0.032298	474	6	-0.29778	0.98985	0.99975	1.0	782	0	0
USP44__P1	8	0.12307	0.015833	0.032331	475	6	-0.66148	0.24175	0.0043477	0.040247	103	0	0
COG6__P1P2	8	0.12464	0.015942	0.032485	476	4	-1.1047	0.384	0.13338	0.689623	186	0	0
FGD1__P1P2	8	0.12503	0.015981	0.032497	477	6	-0.18891	0.64857	0.60565	1.0	381	0	0
SURF2__P1P2	11	0.12525	0.013825	0.029468	478	7	-0.35807	0.75856	0.72112	1.0	477	0	0
TMTC2__P1P2	8	0.12653	0.016189	0.032806	479	4	-1.0895	0.69696	0.681	1.0	418	0	0
USP48__P1P2	8	0.1279	0.016258	0.032806	480	6	-0.34792	0.94391	0.98637	1.0	686	0	0
TMEM258__P1P2	8	0.12817	0.016258	0.032806	481	5	-0.78738	0.56173	0.42567	1.0	308	0	0
DHH__P1P2	8	0.12873	0.016268	0.032806	482	3	-0.53627	0.44098	0.23054	0.982857	221	0	0
CD99L2__P1P2	8	0.12878	0.016317	0.032838	483	4	-0.94656	0.67786	0.65503	1.0	397	0	0
KAT6A__P1P2	8	0.12976	0.016367	0.032869	484	6	-0.33681	0.98257	0.99888	1.0	756	0	0
RAB1A__P1P2	8	0.13064	0.016505	0.032915	485	6	-0.61195	0.69081	0.67261	1.0	412	0	0
RASAL2__P1P2	8	0.13066	0.016505	0.032915	486	2	-0.75675	0.44148	0.23054	0.982857	222	0	0
PIGL__P1P2	8	0.1314	0.016525	0.032915	487	6	-0.16153	0.98036	0.99862	1.0	748	0	0
NFYB__P1P2	8	0.13153	0.016525	0.032915	488	6	-1.0945	0.97874	0.99839	1.0	742	0	0
PIGB__P1P2	8	0.13294	0.016614	0.032977	489	6	-0.32569	0.85196	0.90671	1.0	561	0	0
DSCR3__P1P2	8	0.13332	0.016624	0.032977	490	6	-0.61841	0.52215	0.34352	1.0	285	0	0
MCM7__P1P2	8	0.1382	0.017416	0.034476	491	5	-0.89782	0.73864	0.75442	1.0	453	0	0
JMJD1C__P1P2	8	0.14091	0.017623	0.034766	492	6	-0.29701	0.91467	0.96887	1.0	647	0	0
FBXL14__P1P2	8	0.14109	0.017633	0.034766	493	4	-0.70035	0.68574	0.66447	1.0	404	0	0
LAMC1__P1P2	8	0.14174	0.017673	0.034773	494	3	-0.73899	0.58408	0.45269	1.0	330	0	0
PTPN12__P1P2	8	0.14376	0.018068	0.035343	495	2	-0.47997	0.11027	4.9462e-06	5.3e-05	47	0	0
PDS5A__P1P2	8	0.14413	0.018118	0.035343	496	6	-0.59645	0.86579	0.92034	1.0	575	0	0
STT3B__P1P2	8	0.1447	0.018138	0.035343	497	3	-0.63757	0.73941	0.75443	1.0	455	0	0
REC8__P1P2	8	0.15218	0.018177	0.035343	498	3	-0.77787	0.48964	0.28365	1.0	261	0	0
HIVEP1__P1P2	8	0.15248	0.018177	0.035343	499	4	-0.93785	0.77366	0.79954	1.0	488	0	0
ESYT2__P1P2	8	0.15757	0.018217	0.035343	500	3	-0.64921	0.4878	0.28364	1.0	259	0	0
STK3__P1P2	8	0.16014	0.018217	0.035343	501	4	-0.77863	0.47807	0.27053	1.0	250	0	0
AP3B1__P1P2	8	0.17082	0.02248	0.043528	502	5	-0.53202	0.98216	0.9988	1.0	754	0	0
FLII__18161284	8	0.17796	0.022738	0.043938	503	3	-0.5784	0.91166	0.96699	1.0	642	0	0
CCDC77__P2	8	0.18112	0.022787	0.043947	504	5	-0.35007	0.90193	0.95742	1.0	625	0	0
SENP2__P1P2	8	0.18458	0.022837	0.043955	505	5	-0.22236	0.96451	0.99483	1.0	722	0	0
ZNF236__P1P2	8	0.18733	0.022886	0.043963	506	4	-0.80301	0.8632	0.91833	1.0	571	0	0
ADAM18__P1P2	8	0.19313	0.031453	0.06003	507	1	-0.55635	0.86493	0.91977	1.0	573	0	0
PAXIP1__P1P2	8	0.19532	0.031463	0.06003	508	5	-0.15923	0.70157	0.68572	1.0	424	0	0
FBXO28__P1P2	8	0.19723	0.031542	0.06003	509	1	-0.3903	0.30717	0.050515	0.353244	138	0	0
TGDS__P1P2	8	0.19791	0.031542	0.06003	510	4	-0.68618	0.48226	0.2735	1.0	254	0	0
ARHGEF2__P1P2	8	0.20081	0.031611	0.06003	511	5	-0.25017	0.96864	0.99614	1.0	724	0	0
AES__P1P2	8	0.20151	0.031621	0.06003	512	5	-0.5659	0.84353	0.89321	1.0	555	0	0
ARHGAP11B__30918117	8	0.20266	0.031809	0.060171	513	3	-0.58213	0.47291	0.26728	1.0	246	0	0
MPHOSPH8__P1	8	0.20394	0.031819	0.060171	514	5	-0.21956	0.9295	0.97845	1.0	671	0	0
NDE1__P1	8	0.20932	0.031957	0.060217	515	5	-0.89883	0.49101	0.28681	1.0	262	0	0
FERMT1__P1P2	8	0.21001	0.031967	0.060217	516	3	-1.0531	0.8025	0.843	1.0	517	0	0
ARID1A__P1P2	8	0.21796	0.032412	0.060636	517	5	-0.2122	0.56573	0.42861	1.0	311	0	0
SAP30BP__P1P2	8	0.21903	0.032442	0.060636	518	5	-0.79831	0.90008	0.9559	1.0	621	0	0
UBE3A__P1P2	8	0.21923	0.032442	0.060636	519	5	-0.13641	0.84883	0.90226	1.0	559	0	0
MED16__P1P2	8	0.21995	0.032452	0.060636	520	5	-0.40425	0.834	0.88498	1.0	546	0	0
IFT88__P1P2	8	0.22209	0.032501	0.060636	521	2	-0.45944	0.53708	0.37868	1.0	294	0	0
GAL__P1P2	8	0.22645	0.032818	0.061048	522	4	-0.69431	0.0457	4.9462e-06	5.3e-05	18	1	0
C19orf43__P1P2	8	0.22803	0.032848	0.061048	523	2	-0.39038	0.27479	0.017574	0.137756	118	0	0
ZNF532__P2	8	0.22935	0.032927	0.061078	524	1	0.20537	2.8872e-05	4.9462e-06	5.3e-05	13	3	0
GLYR1__P1P2	8	0.23321	0.033075	0.061193	525	5	-0.28189	0.92466	0.97521	1.0	668	0	0
IRX1__P1P2	8	0.23452	0.033115	0.061193	526	5	-0.95531	0.95238	0.98995	1.0	701	0	0
LUZP1__P1P2	8	0.23716	0.033243	0.0613	527	5	-0.36005	0.86043	0.91394	1.0	568	0	0
PLOD3__P1P2	8	0.23993	0.033352	0.0613	528	5	-1.0163	0.83824	0.88913	1.0	551	0	0
PEX7__P1P2	8	0.24094	0.033362	0.0613	529	5	-0.18913	0.96311	0.99423	1.0	719	0	0
CYFIP2__P1P2	8	0.24586	0.03356	0.061548	530	5	-0.73907	0.51824	0.33399	1.0	282	0	0
USP15__P1P2	8	0.24882	0.033975	0.062095	531	4	-0.15707	0.69021	0.67106	1.0	411	0	0
CCDC94__P1P2	8	0.24945	0.034084	0.062095	532	5	-0.7256	0.78851	0.82705	1.0	507	0	0
CENPO__P1P2	8	0.24975	0.034104	0.062095	533	5	-0.65833	0.63479	0.58007	1.0	372	0	0
FRMPD2__49481953	8	0.25013	0.034114	0.062095	534	2	-0.42282	0.85009	0.90326	1.0	560	0	0
VPS26A__P1P2	8	0.25265	0.034262	0.062214	535	5	-0.82608	0.83503	0.88614	1.0	547	0	0
GPATCH8__P1P2	8	0.25274	0.034322	0.062214	536	2	-0.35497	0.15401	4.9462e-06	5.3e-05	63	0	0
PDLIM7__P1	8	0.25324	0.034371	0.062214	537	5	-0.19352	0.5256	0.35237	1.0	288	0	0
BAD__P1P2	8	0.25734	0.03451	0.062348	538	5	-0.23601	0.67725	0.65503	1.0	396	0	0
TTLL10__P1	8	0.25891	0.034727	0.062625	539	5	-0.42066	0.2597	0.013132	0.11604	109	0	0
TMEM110__P1P2	8	0.26147	0.035192	0.063346	540	4	-0.71082	0.6797	0.65504	1.0	398	0	0
LSM12__P1P2	8	0.26227	0.035321	0.06346	541	5	-0.57136	0.5693	0.42862	1.0	317	0	0
SUPT3H__P1P2	8	0.27033	0.03635	0.065188	542	5	-0.60121	0.92301	0.97409	1.0	664	0	0
LNP1__P1P2	8	0.27554	0.03723	0.066644	543	4	-0.45216	0.31551	0.058548	0.387134	146	0	0
ING1__P1	8	0.2775	0.037428	0.066875	544	5	-0.39081	0.95039	0.98915	1.0	696	0	0
FAM115A__143579171	8	0.27852	0.037556	0.066981	545	4	-0.51546	0.67571	0.65329	1.0	394	0	0
STX4__P1P2	8	0.28167	0.037823	0.067334	546	4	-0.40143	0.56053	0.42566	1.0	305	0	0
MSI1__P1P2	8	0.28224	0.037922	0.067387	547	3	-0.61928	0.5999	0.49731	1.0	348	0	0
PAN2__P1P2	8	0.28655	0.038368	0.068053	548	1	0.19762	0.065332	4.9462e-06	5.3e-05	26	1	0
C1orf101__P1P2	8	0.29023	0.038704	0.068525	549	2	-0.51609	0.48918	0.28365	1.0	260	0	0
PKNOX1__P1P2	9	0.29299	0.040534	0.070862	550	5	-0.37149	0.47234	0.23652	0.989415	245	0	0
GNG4__P1P2	8	0.29385	0.039199	0.06918	551	4	-0.75559	0.45083	0.24049	0.992192	229	0	0
ZBTB4__P1	8	0.295	0.039288	0.06918	552	4	-0.66194	0.73194	0.74574	1.0	444	0	0
SPINT1__P1P2	8	0.29519	0.039288	0.06918	553	5	-0.36098	0.75405	0.77525	1.0	472	0	0
ARAP3__P1P2	8	0.29613	0.039525	0.069472	554	3	-0.72837	0.31373	0.058538	0.387134	143	0	0
RAI14__P1P2	8	0.29995	0.039861	0.069937	555	3	-0.74715	0.78315	0.81732	1.0	501	0	0
ZBTB2__P1P2	8	0.30232	0.040346	0.07066	556	5	-0.22206	0.78914	0.82804	1.0	508	0	0
SRSF11__P2	8	0.30537	0.040781	0.071166	557	1	-0.38385	0.63445	0.58006	1.0	371	0	0
PTPRF__P1P2	8	0.30612	0.04092	0.07128	558	5	-0.70351	0.78054	0.81367	1.0	495	0	0
PDIA4__P1P2	8	0.3076	0.041177	0.071599	559	5	-0.58225	0.86777	0.92285	1.0	577	0	0
ACTA2__P2	8	0.30837	0.041385	0.071832	560	2	-0.55228	0.57597	0.43689	1.0	324	0	0
FAM115C__143317820	8	0.31847	0.043739	0.075783	561	3	-0.54677	0.64056	0.59738	1.0	376	0	0
FAM179B__P1P2	8	0.31979	0.044075	0.07623	562	5	-0.36086	0.41413	0.18426	0.869422	201	0	0
CAP1__P1P2	8	0.32368	0.045183	0.077869	563	5	-0.27845	0.59281	0.47561	1.0	340	0	0
TRABD__P1	8	0.32385	0.045183	0.077869	564	5	-0.60243	0.95192	0.9897	1.0	700	0	0
GART__P1P2	8	0.32809	0.04642	0.079859	565	4	-0.62435	0.9398	0.9844	1.0	679	0	0
LDB3__P1P2	8	0.33041	0.046875	0.080499	566	4	-0.57061	0.705	0.69553	1.0	426	0	0
ARRDC4__P1P2	8	0.3325	0.047439	0.081181	567	2	-0.49149	0.55851	0.42293	1.0	304	0	0
ATG16L1__P1P2	8	0.33392	0.047647	0.081393	568	4	-0.10838	0.15828	4.9462e-06	5.3e-05	66	0	0
HIF1AN__P1P2	8	0.3361	0.047874	0.081638	569	4	-0.44013	0.51606	0.33118	1.0	280	0	0
KIAA0247__P1P2	8	0.33784	0.048201	0.082051	570	4	-0.31118	0.52945	0.36159	1.0	291	0	0
MED24__P1P2	8	0.33941	0.048824	0.082838	571	5	-0.26391	0.93007	0.97902	1.0	672	0	0
FAM83H__P1P2	8	0.34113	0.048834	0.082838	572	4	-0.58656	0.64224	0.59942	1.0	378	0	0
CTNNB1__P1P2	8	0.34232	0.049318	0.083515	573	4	-0.37984	0.79888	0.83977	1.0	514	0	0
PCDHGA12__P1P2	8	0.34515	0.05006	0.084624	574	4	-0.52497	0.8591	0.91335	1.0	567	0	0
PRC1__P1P2	8	0.34804	0.051	0.08593	575	4	-0.50609	0.8927	0.9494	1.0	607	0	0
EPC1__P1P2	8	0.34916	0.05101	0.08593	576	5	-0.22296	0.89707	0.95346	1.0	614	0	0
DOT1L__P1P2	8	0.35128	0.055096	0.092652	577	4	-0.53155	0.68813	0.66933	1.0	407	0	0
OXR1__ENST00000312046.6	8	0.35295	0.055679	0.093472	578	5	-0.031558	0.20739	0.0043378	0.040247	92	0	0
PIH1D1__P1P2	8	0.35451	0.056273	0.094143	579	5	-0.44089	0.90041	0.95625	1.0	622	0	0
FAM3B__P1P2	8	0.35519	0.056441	0.094262	580	5	-0.15641	0.47713	0.27052	1.0	249	0	0
CXorf56__P1P2	11	0.35719	0.04736	0.081181	581	2	-0.069693	0.14447	4.9462e-06	5.3e-05	59	0	0
HIST1H2AB__P1P2	8	0.35855	0.057391	0.095684	582	5	-0.22285	0.95057	0.98916	1.0	697	0	0
EIF4H__P1P2	8	0.3665	0.063514	0.105206	583	4	-0.43233	0.44395	0.23055	0.982857	224	0	0
PTRHD1__P1P2	8	0.36932	0.063682	0.105206	584	4	-0.35242	0.49238	0.28998	1.0	263	0	0
VPS9D1__P1P2	8	0.36945	0.063682	0.105206	585	4	-0.47274	0.40633	0.17327	0.846371	195	0	0
JPH3__P1P2	8	0.37311	0.063692	0.105206	586	3	-0.46128	0.83219	0.8817	1.0	544	0	0
GNA13__P1P2	8	0.37451	0.063722	0.105206	587	4	-0.24633	0.26728	0.017564	0.137756	113	0	0
USF1__P1P2	8	0.37593	0.063751	0.105206	588	4	-0.22051	0.88297	0.94067	1.0	594	0	0
NR2E3__P1P2	8	0.39579	0.072101	0.118783	589	2	-0.53368	0.68183	0.65658	1.0	400	0	0
ARF1__P1P2	8	0.40282	0.072239	0.118809	590	4	-0.23525	0.87939	0.93731	1.0	588	0	0
GNAI1__P1P2	8	0.41825	0.073159	0.120119	591	4	-0.63489	0.65121	0.60778	1.0	383	0	0
SGK3__ENST00000396596.1_ENST00000522398.1	8	0.42235	0.073456	0.120305	592	3	-0.5393	0.43249	0.21017	0.924404	216	0	0
DET1__P1P2	8	0.42439	0.073654	0.120305	593	1	-0.063236	0.17447	4.9462e-06	5.3e-05	73	0	0
RABL5__P1P2	8	0.4249	0.073664	0.120305	594	3	-0.63778	0.43399	0.21018	0.924404	217	0	0
CHRNA7__32322509	8	0.42587	0.073802	0.120305	595	4	-0.55399	0.51955	0.33707	1.0	283	0	0
HOXC4__ENST00000430889.2	8	0.42778	0.073891	0.120305	596	4	-0.63051	0.87808	0.93558	1.0	586	0	0
HLA-DMA__P2	8	0.43148	0.074109	0.120377	597	3	-0.52042	0.77834	0.81003	1.0	493	0	0
ACADS__P1P2	8	0.43349	0.074218	0.120377	598	3	-0.37167	0.63308	0.57801	1.0	369	0	0
DENND5A__P1P2	11	0.43406	0.056273	0.094143	599	6	-0.1967	0.19897	4.9462e-06	5.3e-05	89	0	0
ARHGAP21__P1P2	8	0.43475	0.074307	0.120377	600	2	-0.32084	0.32844	0.070221	0.424003	156	0	0
SNAP29__P1P2	8	0.43845	0.074534	0.120384	601	4	-0.21958	0.83858	0.88975	1.0	552	0	0
SLC38A10__P1P2	8	0.44048	0.074673	0.120384	602	3	-0.48576	0.56771	0.42862	1.0	315	0	0
MLLT3__P1P2	8	0.44224	0.074682	0.120384	603	4	-0.32197	0.7472	0.76673	1.0	464	0	0
ARHGEF5__144052240	8	0.44304	0.07491	0.12055	604	4	-0.34549	0.73298	0.74575	1.0	447	0	0
TTBK2__P1P2	8	0.45083	0.078689	0.126422	605	3	-0.53011	0.64725	0.60565	1.0	379	0	0
SERPINB9__P1P2	8	0.45521	0.079025	0.126474	606	2	-0.43391	0.56969	0.42862	1.0	318	0	0
MYH9__P1P2	8	0.45666	0.079035	0.126474	607	4	-0.51249	0.74942	0.77175	1.0	466	0	0
TAF3__P1P2	8	0.46	0.079233	0.126474	608	4	-0.2079	0.11621	4.9462e-06	5.3e-05	49	0	0
RPUSD4__P1P2	8	0.46149	0.079362	0.126474	609	3	-0.46805	0.47432	0.26729	1.0	248	0	0
SUPT20H__P1P2	8	0.46207	0.079371	0.126474	610	2	1.1828	1.2093e-12	4.9462e-06	5.3e-05	5	6	0
FAM192A__P1P2	8	0.46654	0.079995	0.127207	611	4	-0.13962	0.78659	0.82411	1.0	505	0	0
ISCA1__P1P2	8	0.4677	0.080094	0.127207	612	4	-0.60659	0.34	0.082349	0.485111	164	0	0
KIAA1429__P1P2	8	0.47286	0.080321	0.127361	613	3	-0.14585	0.19723	4.9462e-06	5.3e-05	88	0	0
MRE11A__P1P2	8	0.47573	0.080816	0.127936	614	4	-0.47873	0.59206	0.47315	1.0	339	0	0
G3BP2__P1P2	8	0.47915	0.081033	0.128072	615	4	-0.4703	0.86087	0.91448	1.0	569	0	0
DCP1A__P1P2	8	0.48133	0.084555	0.133421	616	4	-0.22751	0.90906	0.9654	1.0	637	0	0
LRRC28__P1P2	8	0.48319	0.08504	0.133584	617	3	-0.38219	0.6067	0.51561	1.0	353	0	0
ZNF444__P1P2	8	0.48365	0.085149	0.133584	618	3	-0.44908	0.74546	0.7656	1.0	461	0	0
ZC3H7B__P1P2	8	0.48497	0.085208	0.133584	619	4	-0.039798	0.63547	0.58007	1.0	373	0	0
SCAF11__P1P2	8	0.48504	0.085208	0.133584	620	1	-0.26015	0.43198	0.21017	0.924404	215	0	0
IBA57__P1P2	8	0.48688	0.085782	0.134267	621	3	-0.42262	0.47007	0.26353	1.0	243	0	0
FBXO8__P1	8	0.49647	0.091401	0.142832	622	2	-0.36802	0.85289	0.90709	1.0	562	0	0
THAP2__P1	8	0.50289	0.095921	0.149416	623	4	-0.04519	0.42133	0.19152	0.878107	207	0	0
TRIP6__P1P2	8	0.50546	0.096515	0.1501	624	1	-0.21946	0.29084	0.029791	0.222744	130	0	0
ZMYM4__P1P2	11	0.50734	0.094724	0.147788	625	5	-0.32256	0.49373	0.19966	0.906879	264	0	0
RSPH3__P1P2	8	0.50768	0.097346	0.15115	626	1	-0.36372	0.54252	0.38688	1.0	298	0	0
OGFR__P1P2	8	0.50846	0.097514	0.15117	627	4	-0.26697	0.92432	0.97485	1.0	667	0	0
XKR8__P1P2	8	0.51015	0.098147	0.151897	628	4	-0.063163	0.17935	4.9462e-06	5.3e-05	77	0	0
GNPNAT1__P1P2	8	0.51518	0.099314	0.153183	629	3	-0.45632	0.80803	0.85166	1.0	521	0	0
KCTD3__P1P2	8	0.51719	0.099443	0.153183	630	3	-0.50534	0.70014	0.68571	1.0	421	0	0
SLX1A__30205037	8	0.51763	0.099621	0.153215	631	4	-0.13437	0.91116	0.96653	1.0	641	0	0
KIFAP3__P1P2	8	0.52128	0.10083	0.154826	632	2	-0.21424	0.30237	0.042404	0.307585	134	0	0
DPP9__P1	8	0.52282	0.10184	0.156129	633	2	-0.12663	0.16536	4.9462e-06	5.3e-05	71	0	0
MAP3K7__P1P2	8	0.52431	0.10255	0.156973	634	1	-0.20993	0.35026	0.093864	0.533541	169	0	0
TPI1__P1P2	8	0.52598	0.1032	0.157724	635	4	-0.1605	0.92397	0.97466	1.0	666	0	0
ATP1A1__P1P2	8	0.5304	0.10462	0.159635	636	4	-0.091674	0.49873	0.30899	1.0	268	0	0
TRAPPC6B__P1P2	8	0.53184	0.10514	0.160184	637	4	-0.11369	0.89763	0.9541	1.0	615	0	0
C14orf169__P1P2	8	0.53304	0.10572	0.160569	638	4	-0.13904	0.94882	0.98822	1.0	692	0	0
AGO1__36348590	8	0.53328	0.10572	0.160569	639	4	-0.035953	0.34629	0.089877	0.516926	166	0	0
ZNF710__P1P2	8	0.53459	0.1061	0.160889	640	3	-0.50839	0.82719	0.87282	1.0	539	0	0
G0S2__P1P2	8	0.5396	0.10829	0.163723	641	3	-0.38143	0.34856	0.093854	0.533541	168	0	0
CST1__P1P2	8	0.54	0.10831	0.163723	642	4	-0.097934	0.62928	0.56597	1.0	368	0	0
SMURF2__P1P2	8	0.54319	0.10987	0.165586	643	4	-0.15048	0.85396	0.9071	1.0	563	0	0
TSPYL1__P1P2	8	0.54445	0.10988	0.165586	644	3	-0.36905	0.46149	0.24703	0.992192	238	0	0
NCOA6__P1P2	8	0.54551	0.1105	0.166267	645	4	-0.12578	0.74595	0.76561	1.0	462	0	0
GTDC1__P1P2	8	0.54708	0.1114	0.167363	646	3	-0.48628	0.96227	0.99402	1.0	715	0	0
ATL3__P1P2	8	0.54998	0.11177	0.16741	647	3	-0.24671	0.19655	4.9462e-06	5.3e-05	87	0	0
USF2__P1P2	8	0.55082	0.11178	0.16741	648	4	-0.37541	0.32317	0.066403	0.41647	151	0	0
HEXIM2__P2	11	0.55127	0.098296	0.151897	649	5	-0.35497	0.90292	0.93476	1.0	627	0	0
DHRSX__P1P2	8	0.55568	0.1134	0.169578	650	1	-0.23186	0.57048	0.42862	1.0	320	0	0
OPRD1__P1P2	8	0.56333	0.1205	0.179923	651	2	-0.39752	0.72641	0.73614	1.0	438	0	0
ZNF644__P1P2	8	0.5686	0.1219	0.181726	652	4	-0.10818	0.73376	0.74575	1.0	450	0	0
TMX2__P1P2	8	0.57073	0.12723	0.188807	653	4	-0.24155	0.4634	0.25026	1.0	239	0	0
AJUBA__P1P2	8	0.57127	0.12779	0.189354	654	1	-0.10273	0.22407	0.0043378	0.040247	96	0	0
TNKS2__P1P2	8	0.57167	0.12815	0.189593	655	4	-0.10936	0.74245	0.76188	1.0	459	0	0
LNPEP__P1P2	8	0.57985	0.13159	0.194095	656	4	-0.4016	0.87677	0.93394	1.0	584	0	0
BCL2L13__P1P2	8	0.58023	0.13191	0.194267	657	2	-0.27866	0.15187	4.9462e-06	5.3e-05	61	0	0
RIC8A__P2	8	0.581	0.13257	0.194948	658	4	-0.47723	0.87247	0.9304	1.0	580	0	0
MIR205HG__P2	8	0.58369	0.13498	0.198183	659	4	-0.092124	0.42693	0.20288	0.91295	212	0	0
PCNXL3__P1P2	8	0.58627	0.13714	0.200772	660	4	-0.22619	0.75089	0.77524	1.0	467	0	0
C11orf71__P1P2	8	0.58674	0.13715	0.200772	661	4	-0.16705	0.96357	0.99437	1.0	720	0	0
ZSCAN10__P1P2	8	0.58744	0.13784	0.201468	662	4	-0.13298	0.97103	0.99669	1.0	727	0	0
BBC3__P1P2	8	0.58941	0.14286	0.208499	663	1	0.94856	8.7726e-13	4.9462e-06	5.3e-05	4	6	0
CLK3__P2	8	0.59141	0.14371	0.209427	664	3	-0.050674	0.063774	4.9462e-06	5.3e-05	25	1	0
NDUFC1__P2	8	0.59358	0.14532	0.211459	665	3	-0.21735	0.69609	0.6795	1.0	416	0	0
TRIM52__P1P2	8	0.59865	0.14897	0.216447	666	3	-0.30208	0.46817	0.26352	1.0	242	0	0
TMEM229B__P1	8	0.60005	0.15342	0.222567	667	4	-0.13909	0.30116	0.03817	0.278955	133	0	0
GPR137__P2	8	0.60101	0.15422	0.223396	668	4	-0.36229	0.82949	0.87837	1.0	541	0	0
ANAPC7__P1P2	8	0.60212	0.15533	0.224667	669	3	-0.41598	0.50053	0.31519	1.0	270	0	0
GPX3__P1P2	8	0.60506	0.15676	0.226404	670	3	-0.37046	0.76098	0.78073	1.0	480	0	0
ZEB2__P1	8	0.60725	0.15787	0.227306	671	1	-0.27469	0.4518	0.2405	0.992192	230	0	0
AP1G1__P1P2	8	0.60799	0.15808	0.227306	672	4	-0.3088	0.97409	0.99752	1.0	731	0	0
TSSC1__P1P2	8	0.60862	0.15809	0.227306	673	4	-0.18264	0.83332	0.88384	1.0	545	0	0
AKAP10__P1P2	8	0.61274	0.16131	0.2316	674	3	-0.17272	0.58446	0.45269	1.0	331	0	0
YPEL3__P1P2	8	0.61464	0.16525	0.236903	675	3	-0.27056	0.56493	0.42861	1.0	310	0	0
HNRNPUL1__P1P2	11	0.61587	0.12716	0.188807	676	3	-0.37788	0.59948	0.36571	1.0	346	0	0
GNE__P1P2	11	0.61597	0.12716	0.188807	677	5	-0.37732	0.66178	0.50055	1.0	385	0	0
NDUFS4__P1P2	8	0.61898	0.16928	0.242332	678	4	-0.16273	0.61052	0.52344	1.0	355	0	0
KIDINS220__P1P2	8	0.62195	0.17071	0.243794	679	4	-0.076291	0.8013	0.8421	1.0	516	0	0
ZNF740__P1P2	8	0.62275	0.17081	0.243794	680	3	-0.30443	0.32082	0.062406	0.401713	150	0	0
GDF7__P1P2	8	0.62353	0.17184	0.244903	681	3	-0.40803	0.8851	0.9417	1.0	597	0	0
KLHL5__P1P2	11	0.62685	0.1299	0.191891	682	5	-0.27498	0.40974	0.087345	0.508377	198	0	0
DOCK2__P1P2	8	0.62769	0.17572	0.250077	683	3	-0.34162	0.69228	0.67428	1.0	413	0	0
C21orf58__P1	8	0.6297	0.1768	0.251244	684	4	-0.27158	0.80646	0.8476	1.0	520	0	0
TUFM__28856875	8	0.63106	0.17746	0.251818	685	4	-0.1334	0.75187	0.77524	1.0	469	0	0
CISD1__P1P2	8	0.63265	0.1787	0.253203	686	4	-0.15861	0.63752	0.58398	1.0	375	0	0
SPEN__P1P2	8	0.63445	0.18255	0.258279	687	3	-0.36282	0.6272	0.56412	1.0	367	0	0
PTPN20B__48826780	8	0.63514	0.1831	0.258686	688	4	-0.0032237	0.76957	0.79431	1.0	486	0	0
FUT7__P1P2	8	0.63619	0.18377	0.259246	689	2	-0.17558	0.69927	0.68571	1.0	420	0	0
SYT14__P1P2	8	0.63925	0.18471	0.260194	690	3	-0.3817	0.89964	0.95534	1.0	620	0	0
CNR1__P1P2	8	0.65508	0.18628	0.26203	691	3	-0.055341	0.35926	0.10145	0.554046	174	0	0
AMOTL1__P1P2	8	0.65837	0.18712	0.262832	692	1	-0.09925	0.29814	0.03816	0.278955	132	0	0
VGLL3__P1P2	8	0.66683	0.19333	0.2704	693	3	-0.31696	0.88974	0.94715	1.0	602	0	0
DEDD__P1P2	8	0.66698	0.19333	0.2704	694	1	-0.097374	0.28593	0.02161	0.166705	126	0	0
ZNF655__P1P2	8	0.6678	0.19334	0.2704	695	3	-0.17056	0.85655	0.90988	1.0	565	0	0
DHRS3__P1P2	8	0.67331	0.19405	0.270824	696	3	-0.006602	0.50412	0.31859	1.0	272	0	0
C14orf119__P1P2	8	0.67441	0.1942	0.270824	697	3	-0.077567	0.59767	0.49495	1.0	343	0	0
GPR89A__ENST00000313835.9	8	0.67939	0.19471	0.271139	698	2	-0.21013	0.38021	0.12938	0.676101	182	0	0
S100A16__P1P2	8	0.6842	0.19551	0.271865	699	3	-0.26318	0.89673	0.95314	1.0	612	0	0
PTPN20A__46640202	8	0.68785	0.19611	0.271926	700	3	-0.056204	0.71423	0.71201	1.0	435	0	0
HYDIN__71263838	8	0.68813	0.19611	0.271926	701	3	-0.32543	0.77723	0.80596	1.0	492	0	0
SCYL1__P1P2	8	0.69192	0.19702	0.272799	702	3	-0.25885	0.56613	0.42861	1.0	312	0	0
TM9SF3__P1P2	8	0.69841	0.20136	0.278415	703	1	-0.090855	0.34686	0.089877	0.516926	167	0	0
TULP3__P2	8	0.69933	0.20185	0.278689	704	3	-0.075732	0.70866	0.70018	1.0	429	0	0
ZC3H14__P1P2	8	0.70059	0.20273	0.279508	705	3	-0.099234	0.81131	0.85582	1.0	523	0	0
ATP6V0E1__P1P2	8	0.70852	0.20466	0.281768	706	3	0.0024596	0.67602	0.6533	1.0	395	0	0
GAPVD1__P1P2	8	0.71938	0.21019	0.288972	707	3	-0.027665	0.42184	0.19152	0.878107	208	0	0
PLA2G7__P1P2	8	0.72056	0.2108	0.289405	708	2	-0.29385	0.21744	0.0043378	0.040247	94	0	0
CORIN__P1P2	8	0.72444	0.21141	0.28943	709	3	-0.21051	0.72984	0.74318	1.0	442	0	0
MAU2__P1P2	8	0.72454	0.21141	0.28943	710	1	0.13039	0.12726	4.9462e-06	5.3e-05	53	0	0
BEND2__P1P2	8	0.72744	0.21267	0.289938	711	2	-0.098362	0.44838	0.23717	0.989415	227	0	0
PTPN20A__46639859	8	0.72803	0.21268	0.289938	712	3	-0.3161	0.71174	0.70881	1.0	430	0	0
FAM107A__P1P2	8	0.72826	0.21268	0.289938	713	1	-0.092704	0.059871	4.9462e-06	5.3e-05	22	1	0
FAM115A__143598483	8	0.73438	0.22159	0.300837	714	3	-0.071339	0.40423	0.1626	0.80225	194	0	0
TRIM28__P1P2	8	0.73477	0.2216	0.300837	715	3	-0.03856	0.67293	0.64255	1.0	393	0	0
TAF5L__P1P2	8	0.74085	0.22568	0.305942	716	2	0.24988	0.0017343	4.9462e-06	5.3e-05	15	2	0
PTPN14__P1P2	8	0.75089	0.23207	0.314167	717	2	-0.20123	0.30956	0.054482	0.372935	140	0	0
ITGB3__P1P2	8	0.75686	0.23792	0.321634	718	3	0.018757	0.50367	0.31859	1.0	271	0	0
PORCN__P2	8	0.7609	0.24226	0.32665	719	2	-0.2511	0.71368	0.712	1.0	434	0	0
HIST2H2BE__149857437	8	0.76145	0.24263	0.32665	720	1	-0.11105	0.49602	0.2996	1.0	266	0	0
SHC1__P2	8	0.76188	0.24264	0.32665	721	3	-0.033855	0.77701	0.80596	1.0	491	0	0
SLX1B__29465621	8	0.76299	0.24338	0.326916	722	3	-0.072591	0.44247	0.23055	0.982857	223	0	0
STRADA__P1P2	8	0.76336	0.24384	0.326916	723	3	0.060725	0.28038	0.017574	0.137756	122	0	0
TCTN1__P1P2	8	0.76362	0.24384	0.326916	724	2	0.054924	0.14253	4.9462e-06	5.3e-05	58	0	0
EVX2__P1P2	11	0.7638	0.2194	0.298676	725	3	-0.24936	0.68832	0.54067	1.0	408	0	0
TXNDC16__P1P2	8	0.77229	0.2519	0.336796	726	3	-0.075955	0.48688	0.28364	1.0	258	0	0
CAPZA1__P1P2	8	0.7723	0.2519	0.336796	727	1	0.013934	0.18143	4.9462e-06	5.3e-05	79	0	0
GATA3__P1P2	8	0.77265	0.25267	0.337351	728	3	-0.11702	0.91907	0.97164	1.0	656	0	0
NUDT15__P1P2	8	0.77466	0.25362	0.338154	729	2	-0.049418	0.7389	0.75443	1.0	454	0	0
CD8B__87088218	8	0.77606	0.2567	0.341801	730	3	0.045946	0.42082	0.19152	0.878107	206	0	0
GFRA4__ENST00000290417.2_ENST00000319242.3	8	0.78261	0.26622	0.353516	731	3	-0.10725	0.61412	0.53211	1.0	358	0	0
SLC30A3__P1P2	8	0.78313	0.26623	0.353516	732	3	-0.028995	0.11991	4.9462e-06	5.3e-05	51	0	0
FAM60A__P1P2	8	0.78679	0.27155	0.359125	733	3	0.034893	0.32902	0.070221	0.424003	157	0	0
KAT7__P1P2	8	0.78696	0.27155	0.359125	734	3	-0.071951	0.91176	0.96699	1.0	643	0	0
FAM102A__P1P2	8	0.78748	0.27156	0.359125	735	3	-0.14799	0.69638	0.67951	1.0	417	0	0
NOTCH2__120611488	8	0.79075	0.27555	0.363902	736	3	-0.0869	0.94955	0.98864	1.0	695	0	0
TNRC6A__P1P2	8	0.79349	0.27913	0.368131	737	3	0.029956	0.41774	0.1878	0.877612	205	0	0
HELLS__P1P2	8	0.79458	0.28034	0.369235	738	3	-0.19975	0.77679	0.80595	1.0	490	0	0
TMEM194A__P1P2	8	0.79754	0.28407	0.37364	739	3	-0.05359	0.7638	0.78298	1.0	482	0	0
MESDC2__P1P2	8	0.79972	0.28522	0.374643	740	3	-0.034478	0.71285	0.712	1.0	431	0	0
LRRC40__P1P2	8	0.80254	0.28887	0.378319	741	3	-0.094703	0.71312	0.712	1.0	432	0	0
PRCP__P1	8	0.8027	0.28888	0.378319	742	1	-0.11373	0.74068	0.75946	1.0	457	0	0
CACHD1__P1P2	8	0.8031	0.28919	0.378319	743	3	-0.20684	0.90107	0.95654	1.0	624	0	0
NSG1__NM_001040101_NM_014392	8	0.8073	0.29573	0.386354	744	3	-0.1398	0.92861	0.97799	1.0	670	0	0
MAZ__P1P2	8	0.8088	0.29804	0.388334	745	1	0.14771	0.18419	4.9462e-06	5.3e-05	80	0	0
PTBP3__P1P2	8	0.80896	0.29804	0.388334	746	3	-0.075778	0.54044	0.38417	1.0	297	0	0
NAIP__70315936	8	0.81112	0.30147	0.391756	747	3	-0.17028	0.78402	0.81823	1.0	502	0	0
SLC4A1AP__P1P2	8	0.81167	0.30147	0.391756	748	3	0.038249	0.19995	4.9462e-06	5.3e-05	90	0	0
FAM98A__P1P2	8	0.8136	0.3054	0.39633	749	1	0.20867	0.070765	4.9462e-06	5.3e-05	32	1	0
UNC13B__P1P2	8	0.81486	0.30634	0.397019	750	3	0.046603	0.16112	4.9462e-06	5.3e-05	68	0	0
LHFP__P1P2	8	0.81587	0.30737	0.397822	751	1	-0.012165	0.281	0.017574	0.137756	123	0	0
FAM203A__ENST00000347708.4	8	0.81959	0.31606	0.40852	752	3	-0.090781	0.48319	0.27351	1.0	255	0	0
LOC643037__P1P2	8	0.82006	0.31782	0.41025	753	3	0.02239	0.53792	0.37868	1.0	295	0	0
SMAD1__P1P2	8	0.82161	0.32235	0.415547	754	3	-0.23656	0.91815	0.97134	1.0	654	0	0
ATM__P1P2	8	0.82234	0.32474	0.418078	755	1	0.019362	0.28285	0.017574	0.137756	124	0	0
PPM1F__P1P2	8	0.82949	0.34411	0.441844	756	1	-0.048895	0.45375	0.24368	0.992192	233	0	0
ZNF286B__18584835	8	0.83017	0.34506	0.442479	757	3	-0.033847	0.82505	0.86988	1.0	536	0	0
RNF2__P1P2	8	0.83047	0.34612	0.443251	758	3	-0.093938	0.88093	0.93819	1.0	591	0	0
TMEM81__ENST00000367167.3	8	0.83415	0.35568	0.453114	759	2	0.10632	0.060653	4.9462e-06	5.3e-05	23	1	0
BIVM__P1	8	0.8343	0.35569	0.453114	760	2	0.037536	0.54955	0.40034	1.0	300	0	0
HCN2__P1P2	8	0.83445	0.35569	0.453114	761	2	-0.063169	0.56133	0.42566	1.0	307	0	0
C11orf73__P1P2	8	0.83553	0.35859	0.456014	762	3	-0.085297	0.4586	0.24703	0.992192	236	0	0
KCTD10__P1P2	8	0.83642	0.3589	0.456014	763	3	-0.057481	0.81755	0.86299	1.0	529	0	0
HDAC8__P1P2	8	0.83791	0.36081	0.457842	764	1	-0.016953	0.31195	0.058538	0.387134	142	0	0
GGCT__P1P2	8	0.8389	0.36294	0.459354	765	3	0.027544	0.25843	0.013132	0.11604	108	0	0
PLEKHG2__P1P2	8	0.83908	0.36295	0.459354	766	3	-0.17465	0.58523	0.4527	1.0	333	0	0
SLC11A2__P1	8	0.84035	0.36626	0.462356	767	3	-0.072945	0.5099	0.32808	1.0	276	0	0
KIRREL__P1P2	8	0.84091	0.36627	0.462356	768	1	0.51662	0.092979	4.9462e-06	5.3e-05	40	0	0
KAT6B__P1P2	8	0.84351	0.3733	0.470624	769	3	-0.0017161	0.45327	0.24367	0.992192	232	0	0
FCGR1A__149755456	8	0.8474	0.38665	0.486199	770	2	0.0091174	0.76866	0.79228	1.0	485	0	0
GTF2IRD2__74267046	8	0.84803	0.38666	0.486199	771	3	0.11734	0.25652	0.013132	0.11604	107	0	0
TM9SF2__P1P2	8	0.8518	0.39643	0.497215	772	1	-0.05467	0.39632	0.15548	0.775074	189	0	0
HRAS__P1	8	0.85192	0.39644	0.497215	773	3	0.035826	0.049655	4.9462e-06	5.3e-05	19	1	0
SLTM__P1P2	8	0.85247	0.3985	0.499151	774	3	-0.094856	0.77253	0.79862	1.0	487	0	0
TAF4__P1P2	8	0.85493	0.40817	0.510612	775	3	-0.039948	0.21943	0.0043378	0.040247	95	0	0
PLCG1__P1P2	8	0.8556	0.40932	0.511389	776	2	0.013923	0.36871	0.10955	0.581941	178	0	0
SERF1B__69320873	8	0.85625	0.41122	0.513102	777	2	-0.093554	0.61805	0.5408	1.0	360	0	0
CCNK__P2	11	0.8571	0.32826	0.422053	778	4	0.0025247	0.74017	0.66948	1.0	456	0	0
UBE2E2__P1P2	8	0.8573	0.41268	0.514257	779	2	-0.036584	0.32785	0.070221	0.424003	155	0	0
ZBTB7B__P1P2	8	0.8632	0.41711	0.51845	780	1	0.030408	0.24433	0.0043477	0.040247	104	0	0
EVI5__P1P2	8	0.86847	0.41933	0.518919	781	1	0.022852	0.28409	0.0216	0.166705	125	0	0
FAM222B__P1	11	0.86863	0.35261	0.450968	782	4	0.0064021	0.42296	0.097742	0.542885	210	0	0
TRIM56__P1P2	8	0.86945	0.41962	0.518919	783	1	0.0098343	0.33076	0.070221	0.424003	158	0	0
ZNF787__P1P2	8	0.86959	0.41962	0.518919	784	1	0.28874	0.085372	4.9462e-06	5.3e-05	36	0	0
RSPRY1__P1P2	8	0.8696	0.41962	0.518919	785	2	-0.074171	0.78163	0.81456	1.0	498	0	0
RBM5__P1P2	8	0.8737	0.42587	0.525981	786	2	-0.077951	0.90639	0.96295	1.0	635	0	0
KDM4A__P1P2	8	0.87504	0.42702	0.526199	787	2	-0.22732	0.68243	0.65794	1.0	401	0	0
LYRM7__P1P2	8	0.87553	0.42739	0.526199	788	2	-0.030123	0.66477	0.63551	1.0	386	0	0
CAPG__P1	8	0.87626	0.42767	0.526199	789	2	0.01815	0.43799	0.22408	0.972377	219	0	0
HIBADH__P1P2	8	0.8802	0.43132	0.530019	790	2	0.012422	0.39791	0.15549	0.775074	191	0	0
PURB__P1P2	8	0.88126	0.43306	0.531487	791	2	-0.018789	0.66856	0.63736	1.0	389	0	0
RNF126__P1P2	8	0.88301	0.43558	0.532222	792	2	0.059663	0.33828	0.078115	0.465815	162	0	0
PKDCC__P1P2	8	0.88359	0.43559	0.532222	793	2	-0.051216	0.69521	0.67769	1.0	415	0	0
EMD__P1P2	8	0.8836	0.43559	0.532222	794	2	-0.042727	0.52603	0.35237	1.0	289	0	0
KMT2D__P1P2	8	0.88451	0.43585	0.532222	795	2	-0.07015	0.87083	0.92745	1.0	579	0	0
MAGED2__P2	8	0.88658	0.43783	0.533804	796	2	-0.1573	0.82773	0.87347	1.0	540	0	0
KRTCAP3__P1P2	8	0.88713	0.43825	0.533804	797	2	-0.09649	0.82197	0.8675	1.0	534	0	0
WNT3A__P1P2	8	0.8927	0.44163	0.537252	798	2	-0.080103	0.52085	0.34024	1.0	284	0	0
SLC25A46__P1P2	8	0.89662	0.44524	0.540968	799	2	-0.026877	0.67044	0.64076	1.0	390	0	0
MID1IP1__P1P2	8	0.90026	0.44995	0.546006	800	2	0.017722	0.728	0.73899	1.0	440	0	0
DCUN1D3__P1P2	8	0.90172	0.45351	0.549642	801	1	0.25469	0.17865	4.9462e-06	5.3e-05	76	0	0
GPR137__P1	8	0.902	0.45409	0.549664	802	2	-0.04741	0.59953	0.4973	1.0	347	0	0
PINK1__P1P2	8	0.90291	0.45652	0.551598	803	2	-0.017812	0.77878	0.8109	1.0	494	0	0
ATRN__P1P2	8	0.90381	0.45696	0.551598	804	2	-0.028432	0.57713	0.43946	1.0	325	0	0
PPFIBP1__P1P2	8	0.90441	0.45747	0.551598	805	2	-0.18453	0.92695	0.97699	1.0	669	0	0
FBXO42__P1P2	8	0.90461	0.45796	0.551598	806	1	0.93563	1.8275e-11	4.9462e-06	5.3e-05	6	6	0
C6orf62__P1	11	0.9081	0.41604	0.517784	807	1	0.0042948	0.45254	0.13433	0.690858	231	0	0
GTF2H2C__68855815	8	0.90946	0.46258	0.556473	808	2	0.034034	0.37966	0.12937	0.676101	181	0	0
GTF2IRD2B__74508172	8	0.91145	0.46522	0.558958	809	2	0.090686	0.30597	0.050506	0.353244	136	0	0
BRD2__P1	8	0.91275	0.46619	0.559431	810	2	-0.028948	0.63718	0.58398	1.0	374	0	0
PCGF1__P1P2	8	0.91695	0.47619	0.570728	811	1	-0.040378	0.4804	0.2735	1.0	252	0	0
INPP4A__P1P2	8	0.91751	0.4776	0.571707	812	2	0.024536	0.32376	0.066403	0.41647	152	0	0
GLCE__P1P2	8	0.91815	0.47826	0.571796	813	2	0.48871	0.073857	4.9462e-06	5.3e-05	33	1	0
WDR37__P1P2	8	0.92222	0.48172	0.575228	814	1	-0.0023305	0.30537	0.050506	0.353244	135	0	0
CREBBP__P1P2	8	0.92388	0.48488	0.578286	815	1	0.27066	0.14109	4.9462e-06	5.3e-05	57	0	0
ZNRF3__P1P2	8	0.93097	0.50182	0.597751	816	2	-0.018197	0.53918	0.38416	1.0	296	0	0
PRKCI__P1P2	8	0.93299	0.51306	0.609654	817	2	-0.030403	0.56253	0.42567	1.0	309	0	0
UHMK1__P1P2	8	0.93303	0.51306	0.609654	818	2	-0.038823	0.44887	0.23717	0.989415	228	0	0
USP22__P1P2	8	0.934	0.5152	0.611446	819	2	0.27747	0.16394	4.9462e-06	5.3e-05	69	0	0
SPRR2G__P1P2	8	0.9385	0.53518	0.634387	820	2	0.003836	0.46101	0.24703	0.992192	237	0	0
CNTD2__P1	8	0.94092	0.54484	0.645045	821	2	0.012967	0.79417	0.83236	1.0	510	0	0
IFT52__P1P2	8	0.94208	0.55157	0.651434	822	2	-0.017318	0.53201	0.36479	1.0	292	0	0
ZNF460__P1P2	8	0.94209	0.55157	0.651434	823	1	0.13634	0.39419	0.15548	0.775074	188	0	0
CORO1B__67206891	8	0.94371	0.55947	0.659955	824	1	-0.11972	0.93655	0.98237	1.0	678	0	0
CFC1B__131278628	8	0.94433	0.56101	0.660185	825	2	0.021734	0.68061	0.65504	1.0	399	0	0
PHYH__P1P2	8	0.94452	0.56102	0.660185	826	2	0.015007	0.63376	0.58006	1.0	370	0	0
PAPPA__P1P2	8	0.94868	0.57688	0.678024	827	2	-0.058571	0.91695	0.97024	1.0	652	0	0
OCLN__68788394	8	0.94911	0.57969	0.678058	828	2	0.067225	0.39738	0.15549	0.775074	190	0	0
ZDHHC17__P1P2	8	0.94925	0.57969	0.678058	829	1	0.21143	0.29023	0.029791	0.222744	129	0	0
ZNF286A__15602675	8	0.94935	0.5797	0.678058	830	2	0.044863	0.50501	0.3186	1.0	273	0	0
ADAMTS16__P2	8	0.94947	0.5797	0.678058	831	2	0.031285	0.34172	0.086138	0.504373	165	0	0
OCIAD1__P1P2	8	0.95045	0.58554	0.684073	832	1	0.080141	0.32024	0.062406	0.401713	149	0	0
C17orf49__P2	8	0.95149	0.59274	0.691644	833	2	0.081781	0.36094	0.10146	0.554046	175	0	0
ROR1__P1P2	8	0.95166	0.59361	0.691829	834	2	0.044802	0.3354	0.070231	0.424003	160	0	0
NPY4R__P1P2	8	0.9525	0.59981	0.698221	835	1	0.014305	0.62265	0.5537	1.0	364	0	0
VEZF1__P1P2	8	0.95549	0.62453	0.726128	836	2	0.059058	0.30837	0.054472	0.372935	139	0	0
SKP2__P1P2	8	0.95737	0.63892	0.741976	837	1	0.12657	0.3261	0.066412	0.41647	153	0	0
ATP2C1__P1P2	8	0.95774	0.64189	0.744533	838	2	0.32747	0.17028	4.9462e-06	5.3e-05	72	0	0
ISOC2__P1	8	0.95805	0.64383	0.745003	839	2	0.013056	0.88055	0.93818	1.0	589	0	0
CSPP1__P1P2	8	0.9581	0.64383	0.745003	840	2	0.0084193	0.70726	0.69718	1.0	427	0	0
TCTN2__P1P2	8	0.95847	0.6447	0.745124	841	2	-0.020162	0.84851	0.90226	1.0	558	0	0
DUSP22__292259	8	0.95883	0.64615	0.745917	842	2	-0.021831	0.8168	0.86127	1.0	528	0	0
GPRIN2__46993345	8	0.95989	0.65224	0.751954	843	2	0.13477	0.39366	0.15548	0.775074	187	0	0
ZNF608__P2	8	0.96016	0.65293	0.751954	844	1	0.062175	0.40998	0.17698	0.855841	199	0	0
NOTCH2NL__145208892	8	0.96054	0.65783	0.755814	845	2	0.013513	0.60322	0.5047	1.0	351	0	0
UBE2R2__P1P2	8	0.9607	0.65784	0.755814	846	1	0.3765	0.15116	4.9462e-06	5.3e-05	60	0	0
USP10__P1P2	8	0.96137	0.66624	0.764559	847	2	0.20536	0.27542	0.017574	0.137756	119	0	0
BOLA2__29465484	8	0.96176	0.66728	0.764848	848	2	0.043912	0.59168	0.47314	1.0	338	0	0
MED19__P1P2	8	0.96219	0.67053	0.767674	849	2	-0.056182	0.15259	4.9462e-06	5.3e-05	62	0	0
COG5__P1P2	8	0.96329	0.67856	0.775956	850	1	0.039439	0.40894	0.17697	0.855841	197	0	0
CDK2__P1P2	8	0.9638	0.6829	0.779698	851	1	0.10791	0.6265	0.56211	1.0	366	0	0
PTPN20A__46619211	8	0.96393	0.68344	0.779698	852	2	0.074139	0.55283	0.40636	1.0	301	0	0
TMEM198__P1P2	8	0.96608	0.69543	0.792152	853	1	0.01702	0.51299	0.33117	1.0	277	0	0
KLF5__P1P2	8	0.96642	0.69608	0.792152	854	1	0.28402	0.012724	4.9462e-06	5.3e-05	17	1	0
MLLT4__P1P2	8	0.9671	0.69761	0.792152	855	1	0.024309	0.81643	0.86127	1.0	527	0	0
GTF2H2__ENST00000274400.5_ENST00000330280.7	8	0.96747	0.69761	0.792152	856	1	0.0017719	0.52731	0.35527	1.0	290	0	0
SAP30__P1P2	8	0.96982	0.70304	0.797376	857	1	0.15251	0.31965	0.062396	0.401713	148	0	0
B4GALT7__P1P2	8	0.97028	0.70415	0.797713	858	1	0.38453	0.13311	4.9462e-06	5.3e-05	56	0	0
ESYT1__P2	8	0.97159	0.70775	0.800859	859	1	0.12122	0.26602	0.017564	0.137756	111	0	0
MBD6__P1P2	8	0.97291	0.71288	0.805719	860	1	0.081671	0.49557	0.29959	1.0	265	0	0
PDZK1__145727481	8	0.97502	0.71929	0.811078	861	1	-0.056306	0.86959	0.92562	1.0	578	0	0
IL18R1__P1	8	0.97676	0.72745	0.81933	862	1	0.061589	0.81265	0.85809	1.0	524	0	0
IFT46__P1P2	8	0.97891	0.73209	0.823601	863	1	0.026277	0.47854	0.27053	1.0	251	0	0
LYPLA2__P1P2	8	0.9807	0.7398	0.831308	864	1	-0.0031312	0.58062	0.43947	1.0	327	0	0
RTKN2__P1P2	8	0.98172	0.74258	0.831361	865	1	0.078304	0.66761	0.63552	1.0	388	0	0
NCF1__74188108	8	0.98202	0.74259	0.831361	866	1	0.0063834	0.59319	0.47561	1.0	341	0	0
ZIC2__P1P2	8	0.98252	0.74411	0.831361	867	1	0.25583	0.2372	0.0043477	0.040247	102	0	0
SERF1A__70196291	8	0.98255	0.74411	0.831361	868	1	-0.047859	0.72213	0.72369	1.0	437	0	0
PTPN20B__48806138	8	0.98269	0.74412	0.831361	869	1	0.032373	0.56093	0.42566	1.0	306	0	0
NAIP__70319713	8	0.98488	0.7586	0.846568	870	1	-0.0336	0.86175	0.91611	1.0	570	0	0
AHR__P1P2	11	0.98561	0.71448	0.806592	871	2	0.08119	0.4986	0.20913	0.924404	267	0	0
DMRT3__P1P2	8	0.98571	0.7626	0.850052	872	1	0.049709	0.47149	0.26353	1.0	244	0	0
STMND1__P1P2	8	0.98606	0.76455	0.851248	873	1	0.184	0.128	4.9462e-06	5.3e-05	54	0	0
SHCBP1__P1P2	8	0.98651	0.7668	0.852782	874	1	0.38719	0.051233	4.9462e-06	5.3e-05	20	1	0
PATL1__P1P2	8	0.98677	0.76965	0.854973	875	1	0.10783	0.47338	0.26728	1.0	247	0	0
MTF2__P1P2	8	0.98713	0.77095	0.855434	876	1	0.20913	0.24563	0.0043477	0.040247	105	0	0
CEP128__P1P2	8	0.98994	0.79251	0.87836	877	1	-0.0069035	0.70071	0.68572	1.0	423	0	0
NEUROD1__P1P2	8	0.99053	0.79818	0.883635	878	1	-0.049754	0.9238	0.97465	1.0	665	0	0
UBE2M__P1P2	8	0.9913	0.80914	0.89475	879	1	0.76737	5.1642e-05	4.9462e-06	5.3e-05	14	3	0
MLLT1__P1P2	8	0.99198	0.82254	0.908528	880	1	0.076365	0.82613	0.87146	1.0	538	0	0
CCDC101__P1P2	8	0.9928	0.8354	0.920651	881	1	0.1313	0.37091	0.10956	0.581941	180	0	0
TTC23L__P1P2	8	0.99288	0.83541	0.920651	882	1	0.0089489	0.67137	0.64077	1.0	392	0	0
ELK3__P1P2	8	0.99303	0.83732	0.921453	883	1	0.029857	0.51737	0.33398	1.0	281	0	0
ZNF121__P1P2	8	0.9931	0.83836	0.921453	884	1	0.3165	0.23589	0.0043477	0.040247	101	0	0
PRSS40A__131328218	8	0.99318	0.83898	0.921453	885	1	0.10224	0.57519	0.43688	1.0	322	0	0
ROCK1__18690984	8	0.99342	0.84331	0.925166	886	1	0.15987	0.49963	0.31219	1.0	269	0	0
DNASE1L1__P1	8	0.99349	0.84503	0.926009	887	1	0.014641	0.60615	0.51444	1.0	352	0	0
SND1__P1P2	8	0.99393	0.852	0.930505	888	1	0.37783	0.074628	4.9462e-06	5.3e-05	34	1	0
CLDN3__P1P2	8	0.99395	0.852	0.930505	889	1	0.08183	0.11473	4.9462e-06	5.3e-05	48	0	0
RBM15__110881839	8	0.99397	0.85201	0.930505	890	1	0.40253	0.066109	4.9462e-06	5.3e-05	27	1	0
BTBD9__P1P2	8	0.99443	0.86418	0.942745	891	1	-0.011065	0.59805	0.49495	1.0	344	0	0
MED12__P1P2	8	0.99486	0.87261	0.950872	892	1	0.31128	0.18902	4.9462e-06	5.3e-05	83	0	0
CCR6__ENST00000400926.2	8	0.99502	0.87677	0.95433	893	1	0.064495	0.42744	0.20288	0.91295	213	0	0
FAM72A__ENST00000367128.3	8	0.99512	0.87844	0.95508	894	1	0.1353	0.4016	0.15883	0.787652	193	0	0
CDK4__P1P2	8	0.99522	0.87944	0.955098	895	1	0.033123	0.7645	0.78538	1.0	483	0	0
CCNC__P1P2	8	0.99533	0.88156	0.956339	896	1	0.5874	0.088422	4.9462e-06	5.3e-05	38	0	0
BCLAF1__P1P2	8	0.99552	0.88439	0.958339	897	1	0.21017	0.25588	0.013122	0.11604	106	0	0
MED25__P1P2	8	0.99623	0.90373	0.978205	898	0	0.10682	0.41465	0.18426	0.869422	202	0	0
FCGR1B__120935150	8	0.99668	0.91507	0.989374	899	0	0.046832	0.4474	0.23716	0.989415	226	0	0
ARHGAP12__P1P2	8	0.9968	0.91822	0.99103	900	0	0.041078	0.3587	0.10145	0.554046	173	0	0
CSDE1__P1P2	8	0.99685	0.91864	0.99103	901	0	0.78637	5.3472e-09	4.9462e-06	5.3e-05	10	5	0
ARHGAP11A__32907502	8	0.99697	0.92042	0.99185	902	0	-0.013718	0.73324	0.74575	1.0	448	0	0
UBE2E3__P1P2	8	0.99719	0.92688	0.997705	903	0	0.10138	0.42946	0.20654	0.924404	214	0	0
INPPL1__P1P2	8	0.99748	0.93742	1.0	904	0	0.24968	0.289	0.029781	0.222744	128	0	0
CUL3__P1P2	8	0.99769	0.94357	1.0	905	0	0.22607	0.26287	0.013132	0.11604	110	0	0
KDM5C__P1P2	8	0.9977	0.94392	1.0	906	0	0.22539	0.30657	0.050515	0.353244	137	0	0
CDK10__P1P2	8	0.99792	0.95117	1.0	907	0	0.23505	0.23	0.0043477	0.040247	97	0	0
EIF4B__P1P2	8	0.998	0.95277	1.0	908	0	0.37652	0.15899	4.9462e-06	5.3e-05	67	0	0
CALU__P1P2	8	0.99804	0.95376	1.0	909	0	0.042643	0.65022	0.60566	1.0	382	0	0
CCNE1__P1P2	8	0.99814	0.95606	1.0	910	0	0.22974	0.27042	0.017564	0.137756	115	0	0
BCR__P1P2	8	0.99817	0.95634	1.0	911	0	0.17659	0.29267	0.034035	0.252532	131	0	0
NBPF14__148025047	8	0.99819	0.95664	1.0	912	0	0.011305	0.7467	0.76672	1.0	463	0	0
ZSCAN18__P2	8	0.99826	0.95794	1.0	913	0	0.045754	0.59842	0.49496	1.0	345	0	0
PRAMEF12__ENST00000357726.4	8	0.99827	0.95866	1.0	914	0	0.020976	0.6654	0.63551	1.0	387	0	0
IFT172__P1P2	8	0.99828	0.95867	1.0	915	0	0.065803	0.59356	0.47562	1.0	342	0	0
SUPT7L__P1P2	8	0.9984	0.96211	1.0	916	0	0.18773	0.42235	0.19152	0.878107	209	0	0
SRGAP2__206636520	8	0.99846	0.96372	1.0	917	0	0.027086	0.83554	0.8867	1.0	548	0	0
PPP1R16B__P1P2	8	0.99847	0.96373	1.0	918	0	-0.0072536	0.88683	0.94367	1.0	598	0	0
ING5__P1P2	8	0.99856	0.96575	1.0	919	0	0.26481	0.21075	0.0043378	0.040247	93	0	0
KDM3A__P1P2	8	0.99862	0.96693	1.0	920	0	0.16502	0.33482	0.070231	0.424003	159	0	0
PICALM__P1P2	8	0.99864	0.9676	1.0	921	0	0.13055	0.27852	0.017574	0.137756	121	0	0
ZNF43__P1	8	0.99885	0.97265	1.0	922	0	0.077721	0.61196	0.52791	1.0	356	0	0
TICAM2__P2	8	0.9989	0.97412	1.0	923	0	0.10262	0.46579	0.25679	1.0	240	0	0
SERTAD1__P1P2	8	0.99892	0.97432	1.0	924	0	0.15728	0.36816	0.10955	0.581941	177	0	0
TADA2B__P1P2	8	0.99894	0.97512	1.0	925	0	1.2692	5.2279e-10	4.9462e-06	5.3e-05	7	5	0
FAM122A__P1P2	8	0.99896	0.9759	1.0	926	0	0.4387	0.12065	4.9462e-06	5.3e-05	52	0	0
CHST15__P2	8	0.9991	0.97991	1.0	927	0	0.17879	0.23459	0.0043477	0.040247	100	0	0
RASA2__P1P2	8	0.99926	0.98418	1.0	928	0	0.42939	0.18073	4.9462e-06	5.3e-05	78	0	0
RFWD2__P1P2	8	0.99938	0.98697	1.0	929	0	0.37512	0.08766	4.9462e-06	5.3e-05	37	0	0
SOX2__P1P2	11	0.99944	0.9518	1.0	930	1	0.19791	0.18777	4.9462e-06	5.3e-05	82	0	0
MARCKS__P1P2	8	0.99945	0.98848	1.0	931	0	0.22434	0.23263	0.0043477	0.040247	98	0	0
IFT57__P1P2	8	0.99951	0.98994	1.0	932	0	0.065466	0.79786	0.83895	1.0	512	0	0
SPRY4__P1P2	8	0.9996	0.99196	1.0	933	0	0.6428	0.069215	4.9462e-06	5.3e-05	30	1	0
ZNF90__P1P2	8	0.99961	0.99216	1.0	934	0	0.04499	0.73246	0.74575	1.0	445	0	0
PCSK1N__P1P2	11	0.99964	0.96921	1.0	935	0	0.087737	0.38101	0.048013	0.345691	184	0	0
GMPR2__P1P2	8	0.99968	0.99382	1.0	936	0	0.26452	0.17656	4.9462e-06	5.3e-05	74	0	0
TMED2__P1P2	8	0.99969	0.99428	1.0	937	0	0.50002	0.11695	4.9462e-06	5.3e-05	50	0	0
IBTK__P1	8	0.99974	0.9958	1.0	938	0	0.30924	0.2779	0.017574	0.137756	120	0	0
TCF7L1__P1P2	8	0.99976	0.99602	1.0	939	0	0.30693	0.16465	4.9462e-06	5.3e-05	70	0	0
RALGAPA1__P1P2	8	0.99983	0.99746	1.0	940	0	0.14612	0.38346	0.13337	0.689623	185	0	0
L3MBTL2__P1P2	8	0.99985	0.99771	1.0	941	0	0.38458	0.15544	4.9462e-06	5.3e-05	64	0	0
HIST1H1E__P1P2	8	0.99985	0.99775	1.0	942	0	0.4289	0.10053	4.9462e-06	5.3e-05	43	0	0
TCF3__P1P2	8	0.99985	0.99776	1.0	943	0	0.12589	0.64824	0.60565	1.0	380	0	0
ATF7IP__P1	8	0.99995	0.99937	1.0	944	0	0.27506	0.31492	0.058548	0.387134	145	0	0
SALL2__P1P2	8	0.99996	0.99954	1.0	945	0	0.14828	0.41309	0.18425	0.869422	200	0	0
KLLN__P1P2	8	0.99997	0.99968	1.0	946	0	0.23655	0.26665	0.017564	0.137756	112	0	0
PMAIP1__57567020	8	0.99999	0.99986	1.0	947	0	1.0976	7.7329e-09	4.9462e-06	5.3e-05	11	4	0
EXT1__P1P2	8	0.99999	0.99993	1.0	948	0	0.5695	0.066887	4.9462e-06	5.3e-05	28	1	0
EYA3__P1P2	8	0.99999	0.99998	1.0	949	0	0.40016	0.1897	4.9462e-06	5.3e-05	84	0	0
RNF146__P1P2	8	1.0	1.0	1.0	950	0	0.44926	0.18558	4.9462e-06	5.3e-05	81	0	0
MAP4K3__P1P2	8	1.0	1.0	1.0	951	0	0.35676	0.23394	0.0043477	0.040247	99	0	0
FAM64A__P1P2	8	1.0	1.0	1.0	952	0	0.35791	0.19039	4.9462e-06	5.3e-05	85	0	0
NF2__29999349	8	1.0	1.0	1.0	953	0	1.1128	7.7659e-10	4.9462e-06	5.3e-05	8	5	0
MED13L__P1P2	8	1.0	1.0	1.0	954	0	0.40452	0.19245	4.9462e-06	5.3e-05	86	0	0
MED13__P1P2	8	1.0	1.0	1.0	955	0	0.58054	0.093737	4.9462e-06	5.3e-05	41	0	0
CTNND1__P1P2	8	1.0	1.0	1.0	956	0	0.48635	0.10803	4.9462e-06	5.3e-05	46	0	0
SUFU__104263513	8	1.0	1.0	1.0	957	0	0.56891	0.10653	4.9462e-06	5.3e-05	45	0	0
PAN3__P1P2	8	1.0	1.0	1.0	958	0	0.73796	0.061434	4.9462e-06	5.3e-05	24	1	0
B3GAT3__P1P2	8	1.0	1.0	1.0	959	0	0.4956	0.17726	4.9462e-06	5.3e-05	75	0	0
ZNF532__P1	8	1.0	1.0	1.0	960	0	0.61054	0.10203	4.9462e-06	5.3e-05	44	0	0
NIPBL__P1P2	8	1.0	1.0	1.0	961	0	0.57143	0.13092	4.9462e-06	5.3e-05	55	0	0
TP53BP1__P1	8	1.0	1.0	1.0	962	0	0.77019	0.090703	4.9462e-06	5.3e-05	39	0	0
SGK223__P1P2	8	1.0	1.0	1.0	963	0	0.67406	0.0023015	4.9462e-06	5.3e-05	16	2	0
TGFBR2__P1P2	8	1.0	1.0	1.0	964	0	0.63096	0.099778	4.9462e-06	5.3e-05	42	0	0
SOX4__P1	8	1.0	1.0	1.0	965	0	0.64677	0.083079	4.9462e-06	5.3e-05	35	0	0
CYP51A1__P1P2	8	1.0	1.0	1.0	966	0	0.80349	0.055953	4.9462e-06	5.3e-05	21	1	0
TRIP12__P1P2	8	1.0	1.0	1.0	967	0	1.2436	1.1204e-09	4.9462e-06	5.3e-05	9	5	0
CCDC6__P1P2	8	1.0	1.0	1.0	968	0	1.614	1.6083e-15	4.9462e-06	5.3e-05	3	7	0
BAK1__33547269	8	1.0	1.0	1.0	969	0	0.92796	6.1341e-07	4.9462e-06	5.3e-05	12	4	0
TP53__P1P2	8	1.0	1.0	1.0	970	0	2.3938	4.8826e-22	4.9462e-06	5.3e-05	1	8	0
USP28__P1P2	8	1.0	1.0	1.0	971	0	1.8798	4.6333e-19	4.9462e-06	5.3e-05	2	8	0
