id	num	neg|score	neg|p-value	neg|fdr	neg|rank	neg|goodsgrna	neg|lfc	pos|score	pos|p-value	pos|fdr	pos|rank	pos|goodsgrna	pos|lfc
MLF1IP__P1P2	8	8.4421e-10	4.9462e-06	3.7e-05	1	8	-3.9294	1.0	1.0	1.0	971	0	0
C7orf26__P1P2	8	9.232e-10	4.9462e-06	3.7e-05	2	8	-3.4013	1.0	1.0	1.0	970	0	0
MYSM1__P1P2	8	1.1128e-09	4.9462e-06	3.7e-05	3	8	-4.0821	1.0	1.0	1.0	969	0	0
PPM1G__P1	8	2.6405e-09	4.9462e-06	3.7e-05	4	8	-3.9506	1.0	1.0	1.0	968	0	0
CEP63__P1P2	8	5.1869e-09	4.9462e-06	3.7e-05	5	8	-4.2391	1.0	1.0	1.0	954	0	0
SAE1__P1P2	8	1.3181e-08	4.9462e-06	3.7e-05	6	7	-3.7515	0.97492	0.99232	1.0	773	0	0
NDUFS8__P1P2	8	2.9765e-08	4.9462e-06	3.7e-05	7	7	-4.2741	0.77545	0.71311	1.0	514	0	0
RAD9A__P1P2	8	3.3381e-08	4.9462e-06	3.7e-05	8	8	-3.4511	0.99955	1.0	1.0	886	0	0
TUBA1C__P1P2	8	4.258e-08	4.9462e-06	3.7e-05	9	8	-3.7051	1.0	1.0	1.0	967	0	0
ACTR8__P1P2	8	6.0846e-08	4.9462e-06	3.7e-05	10	8	-3.3023	1.0	1.0	1.0	966	0	0
HUS1__P1P2	8	7.8853e-08	4.9462e-06	3.7e-05	11	8	-3.4843	1.0	1.0	1.0	965	0	0
MINOS1-NBL1__P1P2	8	9.5263e-08	4.9462e-06	3.7e-05	12	8	-3.0515	1.0	1.0	1.0	964	0	0
NSMCE4A__P1P2	8	1.1884e-07	4.9462e-06	3.7e-05	13	8	-2.8652	1.0	1.0	1.0	963	0	0
NDUFAF6__P1P2	8	1.2927e-07	4.9462e-06	3.7e-05	14	8	-3.065	1.0	1.0	1.0	958	0	0
BUB1__P1P2	8	1.6057e-07	4.9462e-06	3.7e-05	15	8	-3.3797	0.99994	1.0	1.0	918	0	0
WDR70__P1P2	8	1.6761e-07	4.9462e-06	3.7e-05	16	8	-2.96	1.0	1.0	1.0	962	0	0
CENPF__P1P2	8	1.8488e-07	4.9462e-06	3.7e-05	17	8	-3.1293	1.0	1.0	1.0	961	0	0
DROSHA__31531421	8	2.1222e-07	4.9462e-06	3.7e-05	18	8	-3.4857	1.0	1.0	1.0	950	0	0
UBE2C__P1P2	8	2.951e-07	4.9462e-06	3.7e-05	19	8	-3.3874	1.0	1.0	1.0	960	0	0
MDM4__P1P2	8	3.4506e-07	4.9462e-06	3.7e-05	20	8	-2.8678	0.99991	1.0	1.0	910	0	0
WDR48__P1P2	8	3.7052e-07	4.9462e-06	3.7e-05	21	7	-3.5705	0.97633	0.99317	1.0	778	0	0
ATP6AP1__P1P2	8	3.7701e-07	4.9462e-06	3.7e-05	22	8	-2.5194	1.0	1.0	1.0	959	0	0
SEC62__P1P2	8	7.3141e-07	4.9462e-06	3.7e-05	23	8	-2.8845	0.99984	1.0	1.0	901	0	0
CCS__P1P2	8	7.5855e-07	4.9462e-06	3.7e-05	24	8	-2.7916	0.99999	1.0	1.0	945	0	0
ORC5__P1P2	8	8.3688e-07	4.9462e-06	3.7e-05	25	8	-3.3281	0.99999	1.0	1.0	946	0	0
UBA5__P1P2	8	9.5973e-07	4.9462e-06	3.7e-05	26	8	-1.8952	1.0	1.0	1.0	957	0	0
H2AFZ__P1P2	8	1.2983e-06	4.9462e-06	3.7e-05	27	8	-2.4332	1.0	1.0	1.0	956	0	0
UBE2G2__P1P2	8	1.4786e-06	4.9462e-06	3.7e-05	28	8	-2.4973	0.99997	1.0	1.0	931	0	0
METTL15__P2	8	1.4972e-06	4.9462e-06	3.7e-05	29	8	-3.2095	1.0	1.0	1.0	955	0	0
KAT2A__P1P2	8	1.6277e-06	4.9462e-06	3.7e-05	30	6	-2.919	0.87544	0.8743	1.0	618	0	0
ANAPC13__P1P2	8	1.7297e-06	4.9462e-06	3.7e-05	31	8	-3.4494	1.0	1.0	1.0	953	0	0
AUNIP__P1P2	8	1.8885e-06	4.9462e-06	3.7e-05	32	8	-3.0211	0.99986	1.0	1.0	903	0	0
RPL36A__P1P2	8	2.0608e-06	4.9462e-06	3.7e-05	33	8	-2.9886	0.99999	1.0	1.0	944	0	0
NRF1__P1P2	8	2.704e-06	4.9462e-06	3.7e-05	34	8	-2.1079	1.0	1.0	1.0	952	0	0
CTDSPL2__P1P2	8	2.8642e-06	4.9462e-06	3.7e-05	35	8	-3.172	0.99863	0.99999	1.0	865	0	0
CHEK1__P1P2	8	2.9577e-06	4.9462e-06	3.7e-05	36	8	-3.1259	1.0	1.0	1.0	951	0	0
KIF18B__P1P2	8	3.2857e-06	4.9462e-06	3.7e-05	37	8	-2.5332	0.99998	1.0	1.0	932	0	0
PARL__P1P2	8	4.0016e-06	4.9462e-06	3.7e-05	38	8	-2.824	1.0	1.0	1.0	949	0	0
KIAA0020__P1	8	4.1352e-06	4.9462e-06	3.7e-05	39	8	-2.6626	0.99835	0.99999	1.0	858	0	0
LEO1__P1P2	8	4.3922e-06	4.9462e-06	3.7e-05	40	8	-2.3982	1.0	1.0	1.0	948	0	0
WDR7__P1P2	8	4.9459e-06	4.9462e-06	3.7e-05	41	8	-2.0013	1.0	1.0	1.0	947	0	0
XRCC1__P1P2	11	4.9584e-06	4.9462e-06	3.7e-05	42	10	-2.6028	0.91702	0.90243	1.0	667	0	0
DCPS__P1P2	8	7.6182e-06	4.9462e-06	3.7e-05	43	8	-2.7008	0.99999	1.0	1.0	941	0	0
ATF6__P1P2	8	7.819e-06	4.9462e-06	3.7e-05	44	8	-2.2492	0.99999	1.0	1.0	943	0	0
CFDP1__P1	8	8.9983e-06	4.9462e-06	3.7e-05	45	6	-3.1125	0.64425	0.49751	1.0	391	0	0
TERF1__P1P2	8	9.0468e-06	4.9462e-06	3.7e-05	46	8	-2.0616	0.99999	1.0	1.0	942	0	0
PHF8__P1P2	11	1.021e-05	4.9462e-06	3.7e-05	47	10	-1.7714	0.99881	0.99994	1.0	872	0	0
CWC25__P1P2	8	1.2058e-05	4.9462e-06	3.7e-05	48	8	-1.5671	0.99999	1.0	1.0	940	0	0
COL4A3BP__P1P2	8	1.286e-05	4.9462e-06	3.7e-05	49	8	-1.8919	0.99999	1.0	1.0	939	0	0
RNF8__P1P2	8	1.3034e-05	4.9462e-06	3.7e-05	50	8	-2.8202	0.99999	1.0	1.0	938	0	0
UBE2S__P1P2	8	1.33e-05	4.9462e-06	3.7e-05	51	8	-2.0755	0.99999	1.0	1.0	937	0	0
SETDB1__P1P2	8	1.3616e-05	4.9462e-06	3.7e-05	52	8	-1.9342	0.99999	1.0	1.0	936	0	0
MDC1__P1P2	8	1.5369e-05	4.9462e-06	3.7e-05	53	7	-2.8565	0.93729	0.95813	1.0	703	0	0
NPM1__P1P2	8	1.6123e-05	4.9462e-06	3.7e-05	54	8	-2.2205	0.99998	1.0	1.0	935	0	0
ZRSR2__P1P2	8	1.618e-05	4.9462e-06	3.7e-05	55	7	-2.5284	0.99416	0.99975	1.0	827	0	0
PFDN1__P1P2	8	1.6227e-05	4.9462e-06	3.7e-05	56	7	-2.6122	0.971	0.99053	1.0	760	0	0
FNBP4__P1P2	8	1.682e-05	4.9462e-06	3.7e-05	57	7	-2.5602	0.7145	0.59383	1.0	449	0	0
IPO7__P1P2	8	1.7551e-05	4.9462e-06	3.7e-05	58	8	-1.9708	0.99998	1.0	1.0	934	0	0
DUSP12__P1P2	8	1.9305e-05	4.9462e-06	3.7e-05	59	6	-3.4497	0.58446	0.41319	1.0	345	0	0
PIGY__P1P2	8	1.9835e-05	4.9462e-06	3.7e-05	60	8	-1.8887	0.99998	1.0	1.0	933	0	0
ZAR1L__P1P2	8	2.0534e-05	4.9462e-06	3.7e-05	61	7	-2.7	0.996	0.99995	1.0	837	0	0
RIF1__P1P2	8	2.0957e-05	4.9462e-06	3.7e-05	62	8	-2.6204	0.99994	1.0	1.0	920	0	0
KIF22__P1	8	2.1975e-05	4.9462e-06	3.7e-05	63	7	-2.525	0.9692	0.98949	1.0	755	0	0
MUT__P1P2	11	2.4725e-05	4.9462e-06	3.7e-05	64	10	-1.9801	0.99915	0.99998	1.0	878	0	0
UBR5__P1P2	8	2.8338e-05	4.9462e-06	3.7e-05	65	6	-2.721	0.92828	0.94919	1.0	687	0	0
LIMS1__P1P2	8	3.0471e-05	4.9462e-06	3.7e-05	66	8	-1.8284	0.99821	0.99999	1.0	856	0	0
PMVK__P1P2	8	3.1309e-05	4.9462e-06	3.7e-05	67	8	-2.0011	0.99997	1.0	1.0	930	0	0
WDR82__P1P2	8	3.1594e-05	4.9462e-06	3.7e-05	68	8	-1.9636	0.99997	1.0	1.0	929	0	0
TINF2__P1P2	8	3.54e-05	4.9462e-06	3.7e-05	69	8	-1.8275	0.99996	1.0	1.0	928	0	0
BTAF1__P1P2	8	3.6569e-05	4.9462e-06	3.7e-05	70	6	-2.8382	0.73634	0.64044	1.0	472	0	0
EMC1__P1P2	8	3.6826e-05	4.9462e-06	3.7e-05	71	7	-2.3227	0.95261	0.97445	1.0	725	0	0
MRRF__P1P2	8	3.701e-05	4.9462e-06	3.7e-05	72	8	-2.3066	0.99996	1.0	1.0	927	0	0
PDS5B__P1P2	8	3.9025e-05	4.9462e-06	3.7e-05	73	8	-2.614	0.99996	1.0	1.0	926	0	0
VWA9__P1P2	8	3.9281e-05	4.9462e-06	3.7e-05	74	6	-2.8336	0.82684	0.80216	1.0	567	0	0
DGCR8__P1P2	8	4.0659e-05	4.9462e-06	3.7e-05	75	8	-2.1461	0.99996	1.0	1.0	925	0	0
SNRPB2__P1P2	8	4.3762e-05	4.9462e-06	3.7e-05	76	8	-2.4898	0.99879	0.99999	1.0	871	0	0
MKI67__P1P2	8	4.4619e-05	4.9462e-06	3.7e-05	77	8	-2.1172	0.99996	1.0	1.0	924	0	0
ZNF296__P1P2	8	4.8081e-05	4.9462e-06	3.7e-05	78	8	-1.4808	0.99995	1.0	1.0	923	0	0
TRIM24__P1P2	8	5.1046e-05	4.9462e-06	3.7e-05	79	8	-1.3843	0.99995	1.0	1.0	922	0	0
DICER1__P1P2	8	5.2563e-05	4.9462e-06	3.7e-05	80	7	-2.4714	0.99313	0.9996	1.0	824	0	0
PPP2R5C__P1P2	8	5.296e-05	4.9462e-06	3.7e-05	81	7	-2.7687	0.99277	0.99952	1.0	821	0	0
PKMYT1__P1P2	8	5.6187e-05	4.9462e-06	3.7e-05	82	8	-2.2527	0.99994	1.0	1.0	921	0	0
PDS5A__P1P2	8	5.9917e-05	4.9462e-06	3.7e-05	83	8	-1.6499	0.99994	1.0	1.0	919	0	0
CDC26__P1P2	8	6.0052e-05	4.9462e-06	3.7e-05	84	7	-2.8043	0.98033	0.99503	1.0	786	0	0
GPALPP1__P1P2	8	6.2133e-05	4.9462e-06	3.7e-05	85	7	-2.174	0.84418	0.82639	1.0	581	0	0
NPLOC4__P1P2	8	6.2633e-05	4.9462e-06	3.7e-05	86	7	-2.5555	0.6603	0.52666	1.0	400	0	0
CABIN1__P1P2	8	6.7289e-05	4.9462e-06	3.7e-05	87	8	-1.2944	0.99993	1.0	1.0	917	0	0
GPI__P1P2	8	7.0108e-05	4.9462e-06	3.7e-05	88	8	-2.0624	0.99993	1.0	1.0	916	0	0
HES1__P1P2	8	7.3827e-05	4.9462e-06	3.7e-05	89	8	-1.4835	0.99993	1.0	1.0	915	0	0
PSPH__P2	8	7.6264e-05	4.9462e-06	3.7e-05	90	8	-2.0113	0.99992	1.0	1.0	914	0	0
ILF3__P1P2	8	7.8137e-05	4.9462e-06	3.7e-05	91	8	-1.8519	0.99992	1.0	1.0	913	0	0
SF1__P1P2	8	7.9408e-05	4.9462e-06	3.7e-05	92	8	-1.0765	0.99992	1.0	1.0	912	0	0
ZZZ3__P1P2	8	7.9942e-05	4.9462e-06	3.7e-05	93	8	-2.371	0.99985	1.0	1.0	902	0	0
GOLGA7__P1P2	8	8.2445e-05	4.9462e-06	3.7e-05	94	8	-1.0799	0.99992	1.0	1.0	911	0	0
MDM2__P1P2	8	8.3219e-05	4.9462e-06	3.7e-05	95	7	-2.6258	0.97963	0.99475	1.0	783	0	0
DHX35__P1P2	8	8.443e-05	4.9462e-06	3.7e-05	96	7	-2.5584	0.92388	0.94402	1.0	678	0	0
ZNF462__P1P2	8	0.0001047	4.9462e-06	3.7e-05	97	7	-2.0454	0.95972	0.98103	1.0	738	0	0
MAD2L1BP__P1P2	8	0.0001056	4.9462e-06	3.7e-05	98	8	-2.2568	0.99989	1.0	1.0	909	0	0
ACAT2__P1P2	8	0.00010697	4.9462e-06	3.7e-05	99	8	-1.3016	0.99989	1.0	1.0	908	0	0
PTK2__P1P2	8	0.0001207	4.9462e-06	3.7e-05	100	8	-1.5378	0.99988	1.0	1.0	907	0	0
POLR1B__P1P2	8	0.00012797	4.9462e-06	3.7e-05	101	8	-1.8588	0.99987	1.0	1.0	906	0	0
PRPF40A__P1P2	8	0.0001296	4.9462e-06	3.7e-05	102	8	-2.1321	0.99987	1.0	1.0	905	0	0
GHITM__P1P2	8	0.00012992	4.9462e-06	3.7e-05	103	8	-1.1334	0.99987	1.0	1.0	904	0	0
WDR89__P1P2	8	0.00013175	4.9462e-06	3.7e-05	104	7	-3.0829	0.98012	0.99493	1.0	784	0	0
ANLN__P1P2	8	0.00013684	4.9462e-06	3.7e-05	105	8	-2.3344	0.99926	1.0	1.0	879	0	0
PPP4R2__P1P2	8	0.00015114	4.9462e-06	3.7e-05	106	8	-2.2176	0.99927	1.0	1.0	880	0	0
C1D__P1P2	8	0.00015783	4.9462e-06	3.7e-05	107	8	-1.8906	0.99972	1.0	1.0	893	0	0
HEATR3__P1P2	8	0.00016043	4.9462e-06	3.7e-05	108	8	-2.0473	0.99808	0.99999	1.0	852	0	0
ASPM__P1P2	8	0.00016059	4.9462e-06	3.7e-05	109	8	-1.7252	0.99984	1.0	1.0	900	0	0
INO80C__P1P2	8	0.00016087	4.9462e-06	3.7e-05	110	7	-1.7326	0.99493	0.99987	1.0	829	0	0
NXT1__P1P2	8	0.00017453	4.9462e-06	3.7e-05	111	8	-1.8205	0.99983	1.0	1.0	899	0	0
FLII__18161284	8	0.00017926	4.9462e-06	3.7e-05	112	8	-1.3791	0.99982	1.0	1.0	898	0	0
SPAG9__P1P2	8	0.00018144	4.9462e-06	3.7e-05	113	8	-1.1431	0.99982	1.0	1.0	897	0	0
SMN2__69345238	8	0.00020566	4.9462e-06	3.7e-05	114	6	-3.2858	0.96046	0.98159	1.0	740	0	0
PPIL1__P1P2	8	0.00020975	4.9462e-06	3.7e-05	115	7	-2.8329	0.81699	0.78003	1.0	560	0	0
ANKRA2__P1P2	8	0.00022395	4.9462e-06	3.7e-05	116	8	-1.9191	0.99938	1.0	1.0	884	0	0
APEX2__P1P2	8	0.00023006	4.9462e-06	3.7e-05	117	7	-2.2164	0.98824	0.99812	1.0	808	0	0
SUB1__P1	8	0.00023384	4.9462e-06	3.7e-05	118	7	-2.4514	0.9267	0.94755	1.0	685	0	0
RBM14-RBM4__P2	8	0.00023745	4.9462e-06	3.7e-05	119	7	-2.4298	0.9952	0.99988	1.0	831	0	0
BCKDHA__P1	8	0.00024086	4.9462e-06	3.7e-05	120	8	-2.0382	0.99976	1.0	1.0	896	0	0
GTF3C4__P1P2	8	0.00024598	4.9462e-06	3.7e-05	121	8	-2.3742	0.99975	1.0	1.0	895	0	0
MMAB__P1P2	8	0.00024792	4.9462e-06	3.7e-05	122	8	-1.8373	0.99858	0.99999	1.0	864	0	0
MIEF1__P1P2	8	0.00025295	4.9462e-06	3.7e-05	123	8	-1.1896	0.99975	1.0	1.0	894	0	0
MOSPD2__P1P2	8	0.00025763	4.9462e-06	3.7e-05	124	7	-2.1229	0.8786	0.88051	1.0	622	0	0
ARHGAP4__P1	8	0.00026377	4.9462e-06	3.7e-05	125	7	-1.9657	0.81606	0.77749	1.0	558	0	0
DNAJC2__P1P2	8	0.00026662	4.9462e-06	3.7e-05	126	6	-2.7448	0.6635	0.53107	1.0	402	0	0
CYLD__P1P2	8	0.00028389	4.9462e-06	3.7e-05	127	8	-1.4241	0.99972	1.0	1.0	892	0	0
FZR1__P1P2	8	0.00029446	4.9462e-06	3.7e-05	128	8	-1.1406	0.99971	1.0	1.0	891	0	0
DPF2__P1	8	0.00030817	4.9462e-06	3.7e-05	129	8	-0.9895	0.99969	1.0	1.0	890	0	0
POLG__P1P2	8	0.00032666	4.9462e-06	3.7e-05	130	8	-2.1346	0.99928	1.0	1.0	881	0	0
H2AFX__P1P2	8	0.00033425	1.4839e-05	9.9e-05	131	8	-1.1424	0.99967	1.0	1.0	889	0	0
ZNHIT3__P1P2	8	0.00034986	1.4839e-05	9.9e-05	132	8	-1.8316	0.9987	0.99999	1.0	866	0	0
DCLRE1B__P1P2	8	0.000377	1.4839e-05	9.9e-05	133	8	-1.1061	0.99908	1.0	1.0	875	0	0
AATF__P1P2	8	0.00038121	1.4839e-05	9.9e-05	134	7	-1.9682	0.99426	0.99976	1.0	828	0	0
USP1__P1P2	8	0.00038226	1.4839e-05	9.9e-05	135	7	-2.2755	0.9425	0.96349	1.0	710	0	0
FOXK1__P1P2	8	0.00040628	1.4839e-05	9.9e-05	136	8	-1.4827	0.99959	1.0	1.0	888	0	0
PPME1__P1P2	8	0.00040813	1.4839e-05	9.9e-05	137	7	-2.4225	0.9863	0.99759	1.0	803	0	0
UQCRC2__P1P2	11	0.00041222	4.9462e-06	3.7e-05	138	10	-1.6811	0.96783	0.97646	1.0	753	0	0
INTS10__P1P2	8	0.00041282	1.4839e-05	9.9e-05	139	6	-3.221	0.96325	0.98465	1.0	747	0	0
NKRF__P1P2	8	0.00041891	1.4839e-05	9.9e-05	140	8	-0.74797	0.99958	1.0	1.0	887	0	0
PPP2CA__P1P2	8	0.00042205	1.4839e-05	9.9e-05	141	6	-2.5772	0.85895	0.85245	1.0	599	0	0
RBPMS2__P1P2	8	0.00042341	1.4839e-05	9.9e-05	142	6	-2.0463	0.93071	0.9509	1.0	693	0	0
HSPA13__P1P2	8	0.0004349	1.4839e-05	9.9e-05	143	7	-1.7622	0.95256	0.97445	1.0	724	0	0
SDF2__P1P2	8	0.00051956	1.4839e-05	9.9e-05	144	6	-2.6231	0.61662	0.46837	1.0	365	0	0
C1QTNF9B-AS1__P1P2	8	0.00052041	1.4839e-05	9.9e-05	145	7	-1.8662	0.96232	0.98333	1.0	745	0	0
USP42__P1P2	8	0.00055429	2.4731e-05	0.000156	146	7	-1.5366	0.9762	0.99304	1.0	777	0	0
DNMT1__P1P2	8	0.00055859	2.4731e-05	0.000156	147	7	-2.5242	0.71615	0.59605	1.0	452	0	0
TMEM258__P1P2	8	0.00055866	2.4731e-05	0.000156	148	8	-1.7964	0.99942	1.0	1.0	885	0	0
ASXL2__P1P2	8	0.0006039	2.4731e-05	0.000156	149	7	-1.7532	0.68634	0.55528	1.0	420	0	0
CHAMP1__P1P2	8	0.0006555	2.4731e-05	0.000156	150	8	-0.69624	0.99934	1.0	1.0	883	0	0
HMGCS1__P1P2	8	0.00066014	2.4731e-05	0.000156	151	7	-2.1759	0.97368	0.99185	1.0	771	0	0
NDC1__P1P2	8	0.00066915	2.4731e-05	0.000156	152	8	-0.9029	0.99933	1.0	1.0	882	0	0
GTF3C2__P1P2	8	0.00069607	2.4731e-05	0.000156	153	6	-2.209	0.98187	0.99573	1.0	791	0	0
NRBP1__P1P2	8	0.00070548	2.4731e-05	0.000156	154	8	-1.6966	0.99848	0.99999	1.0	861	0	0
SPTLC2__P1P2	8	0.00075301	4.4516e-05	0.000255	155	8	-2.05	0.99753	0.99998	1.0	846	0	0
C8orf59__P1P2	8	0.00076744	4.4516e-05	0.000255	156	7	-2.0193	0.81284	0.77266	1.0	552	0	0
HUWE1__P1P2	8	0.00077766	4.4516e-05	0.000255	157	8	-1.5731	0.99793	0.99998	1.0	851	0	0
HAX1__P1P2	8	0.00078222	4.4516e-05	0.000255	158	6	-2.2609	0.45083	0.22424	0.882416	247	0	0
ZC3H4__P1	8	0.00085353	4.4516e-05	0.000255	159	7	-1.791	0.946	0.96792	1.0	716	0	0
ZWILCH__P1P2	8	0.00085804	4.4516e-05	0.000255	160	7	-1.7485	0.81493	0.77513	1.0	556	0	0
PLEKHA5__P1P2	8	0.00086014	4.4516e-05	0.000255	161	7	-1.4498	0.77523	0.7131	1.0	513	0	0
NEK2__P1P2	8	0.00086224	4.4516e-05	0.000255	162	8	-1.3084	0.99903	1.0	1.0	874	0	0
PALB2__P1P2	8	0.00086414	4.4516e-05	0.000255	163	7	-2.3286	0.99504	0.99988	1.0	830	0	0
TAF6__P1P2	8	0.0008741	4.4516e-05	0.000255	164	8	-1.624	0.99913	1.0	1.0	877	0	0
PNKP__P1P2	8	0.00089343	4.4516e-05	0.000255	165	8	-1.6772	0.99911	1.0	1.0	876	0	0
TRIP13__P1P2	8	0.00089842	4.4516e-05	0.000255	166	7	-2.2665	0.99148	0.99922	1.0	818	0	0
ARL14EP__P1P2	8	0.000934	4.4516e-05	0.000255	167	7	-1.0277	0.99026	0.99902	1.0	813	0	0
GNB2L1__P1P2	8	0.00094725	4.4516e-05	0.000255	168	8	-2.1694	0.99892	1.0	1.0	873	0	0
MCTS1__P1P2	8	0.0010524	4.4516e-05	0.000255	169	7	-2.0457	0.54832	0.34727	1.0	318	0	0
RPS13__P1P2	8	0.0010875	4.4516e-05	0.000255	170	7	-1.7854	0.98503	0.99709	1.0	797	0	0
ABHD16A__P1P2	8	0.001145	5.4408e-05	0.000268	171	7	-1.7587	0.98435	0.99685	1.0	795	0	0
CHERP__P1P2	8	0.0011672	5.4408e-05	0.000268	172	6	-3.1337	0.87234	0.86843	1.0	614	0	0
OBFC1__P1P2	8	0.0012113	5.4408e-05	0.000268	173	7	-2.0419	0.97944	0.99463	1.0	782	0	0
PRKDC__P1P2	8	0.001213	5.4408e-05	0.000268	174	8	-1.4898	0.99879	0.99999	1.0	870	0	0
EXOC5__P1P2	8	0.0012172	5.4408e-05	0.000268	175	5	-3.1734	0.91477	0.9297	1.0	664	0	0
ERC1__P1P2	8	0.0012364	5.4408e-05	0.000268	176	8	-1.4873	0.99876	0.99999	1.0	869	0	0
PPP6R3__P1P2	8	0.001253	5.4408e-05	0.000268	177	8	-1.5469	0.99875	0.99999	1.0	868	0	0
DDRGK1__P1P2	8	0.0012892	5.4408e-05	0.000268	178	8	-1.5237	0.99871	0.99999	1.0	867	0	0
TBCC__P1P2	8	0.0013164	5.4408e-05	0.000268	179	8	-2.0043	0.99675	0.99997	1.0	841	0	0
VPS51__P1P2	8	0.0013276	5.4408e-05	0.000268	180	8	-1.6614	0.99782	0.99998	1.0	849	0	0
SSR1__P1P2	8	0.0013727	5.4408e-05	0.000268	181	8	-1.2054	0.99817	0.99999	1.0	855	0	0
RAD1__P1P2	8	0.0013789	5.4408e-05	0.000268	182	7	-1.7704	0.68754	0.55528	1.0	422	0	0
PHC1__P1P2	8	0.0014167	5.4408e-05	0.000268	183	8	-1.1252	0.99783	0.99998	1.0	850	0	0
UBE2O__P1P2	8	0.0014651	5.4408e-05	0.000268	184	8	-0.7565	0.99853	0.99999	1.0	863	0	0
SMN1__70220656	8	0.0014706	5.4408e-05	0.000268	185	8	-1.2154	0.99853	0.99999	1.0	862	0	0
CENPQ__P1P2	11	0.0015094	7.4193e-05	0.000319	186	10	-1.211	0.67016	0.45039	1.0	410	0	0
KIFC1__P1P2	8	0.0015811	5.4408e-05	0.000268	187	8	-1.3537	0.99842	0.99999	1.0	860	0	0
AK2__P1P2	8	0.0016264	5.4408e-05	0.000268	188	7	-1.6165	0.94689	0.96874	1.0	717	0	0
GET4__P1P2	8	0.0016709	5.4408e-05	0.000268	189	8	-1.2498	0.99833	0.99999	1.0	857	0	0
POLE4__P1P2	8	0.0016919	5.4408e-05	0.000268	190	7	-1.3796	0.98702	0.99785	1.0	805	0	0
ANKRD49__P1P2	8	0.001755	5.4408e-05	0.000268	191	8	-1.9531	0.99611	0.99995	1.0	838	0	0
NUP188__P1P2	8	0.0017943	5.4408e-05	0.000268	192	7	-1.5875	0.76889	0.70146	1.0	505	0	0
ILK__P1P2	8	0.0017967	5.4408e-05	0.000268	193	6	-2.4802	0.97181	0.99088	1.0	763	0	0
CCDC137__P1P2	8	0.001806	5.4408e-05	0.000268	194	7	-2.0301	0.91862	0.93652	1.0	670	0	0
KAT6A__P1P2	8	0.0018675	5.4408e-05	0.000268	195	8	-0.94486	0.99813	0.99999	1.0	854	0	0
DNAJC3__P1P2	8	0.0019084	5.4408e-05	0.000268	196	8	-1.079	0.99809	0.99999	1.0	853	0	0
TLN1__P1P2	8	0.0019166	5.4408e-05	0.000268	197	7	-1.3473	0.281	0.072289	0.494888	127	0	0
ATPAF2__P1P2	8	0.0019421	5.4408e-05	0.000268	198	6	-2.3919	0.5573	0.36169	1.0	325	0	0
TAF9__P1P2	8	0.0020467	6.43e-05	0.000291	199	6	-2.4617	0.90926	0.92095	1.0	657	0	0
PTBP1__P1P2	8	0.0020843	6.43e-05	0.000291	200	6	-1.9983	0.95825	0.98	1.0	733	0	0
CHTF18__P1P2	8	0.0021116	6.43e-05	0.000291	201	6	-2.1542	0.99294	0.99955	1.0	823	0	0
UNC45A__P1	8	0.0022163	6.43e-05	0.000291	202	6	-2.3633	0.79041	0.73897	1.0	530	0	0
CAB39__P1P2	8	0.0022574	6.43e-05	0.000291	203	8	-0.52753	0.99774	0.99998	1.0	848	0	0
STAG2__P1	8	0.0022897	6.43e-05	0.000291	204	7	-1.7133	0.99282	0.99953	1.0	822	0	0
RAD17__P1P2	8	0.0023673	6.43e-05	0.000291	205	7	-2.1865	0.57752	0.40462	1.0	336	0	0
C19orf70__P1P2	8	0.0024094	6.43e-05	0.000291	206	8	-0.72242	0.99759	0.99998	1.0	847	0	0
ARHGEF18__P1P2	8	0.0025034	6.43e-05	0.000291	207	8	-0.8972	0.99739	0.99998	1.0	844	0	0
SPEN__P1P2	8	0.0025127	6.43e-05	0.000291	208	8	-0.7871	0.99749	0.99998	1.0	845	0	0
KANSL1__P1P2	8	0.0026453	6.43e-05	0.000291	209	7	-1.2667	0.95982	0.98104	1.0	739	0	0
RRNAD1__P1P2	8	0.0027323	6.43e-05	0.000291	210	8	-1.9942	0.99708	0.99998	1.0	843	0	0
XPC__P1	8	0.0027578	6.43e-05	0.000291	211	6	-2.2489	0.98086	0.99534	1.0	788	0	0
U2SURP__P1P2	8	0.0027797	6.43e-05	0.000291	212	7	-2.2856	0.93994	0.9605	1.0	708	0	0
IPO5__P1P2	8	0.0028328	6.43e-05	0.000291	213	6	-2.0629	0.6237	0.47607	1.0	375	0	0
HMGCR__P1P2	8	0.0028563	6.43e-05	0.000291	214	7	-1.2664	0.98353	0.99655	1.0	793	0	0
MPHOSPH8__P1	8	0.0029082	6.43e-05	0.000291	215	7	-0.82606	0.96608	0.98746	1.0	750	0	0
CCDC130__P1	8	0.002981	6.43e-05	0.000291	216	8	-1.0326	0.99702	0.99998	1.0	842	0	0
PPP1R10__P1P2	8	0.0031833	7.4193e-05	0.000319	217	7	-1.7731	0.96714	0.98826	1.0	752	0	0
GRWD1__P1P2	8	0.0032292	7.4193e-05	0.000319	218	6	-1.945	0.86763	0.86235	1.0	607	0	0
COPS8__237994319	8	0.0032589	7.4193e-05	0.000319	219	6	-1.9256	0.85998	0.85416	1.0	601	0	0
FAM178A__P1P2	8	0.0033189	7.4193e-05	0.000319	220	5	-2.1966	0.93182	0.9523	1.0	694	0	0
PPP1CB__P1P2	8	0.003344	7.4193e-05	0.000319	221	7	-2.277	0.98486	0.99706	1.0	796	0	0
SLC25A33__P1P2	8	0.003354	7.4193e-05	0.000319	222	7	-1.2699	0.80803	0.76776	1.0	545	0	0
CENPL__P1P2	8	0.0034527	7.4193e-05	0.000319	223	7	-1.6741	0.94529	0.96673	1.0	715	0	0
GMEB1__P1P2	8	0.0034932	7.4193e-05	0.000319	224	7	-1.1434	0.98763	0.99794	1.0	806	0	0
XPO5__P1P2	8	0.0035478	7.4193e-05	0.000319	225	7	-1.6192	0.98798	0.99804	1.0	807	0	0
BMS1__P1P2	8	0.0036069	7.4193e-05	0.000319	226	6	-2.1125	0.043321	4.9462e-06	0.000141	13	1	3.2391
UBA2__P1P2	8	0.0036923	8.4085e-05	0.000358	227	8	-1.3409	0.99631	0.99996	1.0	840	0	0
SLC38A10__P1P2	8	0.0036984	8.4085e-05	0.000358	228	8	-0.8573	0.9963	0.99996	1.0	839	0	0
NUTF2__P1P2	8	0.0037877	9.3978e-05	0.00039	229	7	-1.5652	0.85024	0.8325	1.0	588	0	0
RUNX1T1__P2	8	0.0038217	9.3978e-05	0.00039	230	6	-2.0703	0.88347	0.88798	1.0	629	0	0
ATRIP__P1P2	8	0.0040564	9.3978e-05	0.00039	231	7	-1.2614	0.99369	0.99965	1.0	825	0	0
FUBP3__P1P2	8	0.0040641	9.3978e-05	0.00039	232	7	-1.2671	0.85102	0.8333	1.0	590	0	0
C14orf169__P1P2	8	0.0041027	9.3978e-05	0.00039	233	7	-0.93993	0.99124	0.99918	1.0	815	0	0
RBM34__P1P2	8	0.0041675	9.3978e-05	0.00039	234	7	-1.3974	0.99584	0.99994	1.0	835	0	0
GTF2H2__ENST00000274400.5_ENST00000330280.7	8	0.0042296	0.00010387	0.000424	235	6	-2.8324	0.72826	0.6253	1.0	466	0	0
CPNE1__P1P2	8	0.0042613	0.00010387	0.000424	236	6	-2.1732	0.28224	0.072289	0.494888	128	0	0
RNF168__P1P2	8	0.004435	0.00010387	0.000424	237	6	-1.9615	0.94358	0.96438	1.0	713	0	0
PDSS1__P1P2	11	0.004515	0.00011376	0.000463	238	8	-2.0094	0.93054	0.92308	1.0	692	0	0
SMARCAL1__P1P2	8	0.0045226	0.00010387	0.000424	239	7	-1.3678	0.95181	0.97373	1.0	723	0	0
PRKRIR__P1P2	8	0.004639	0.00012365	0.000466	240	6	-2.4365	0.55283	0.35576	1.0	320	0	0
RPL34__P1P2	8	0.004676	0.00012365	0.000466	241	7	-1.9653	0.9333	0.95396	1.0	698	0	0
KATNA1__P1P2	8	0.0048693	0.00012365	0.000466	242	7	-0.82902	0.38831	0.1475	0.713332	198	0	0
RPS8__P1P2	8	0.0051156	0.00012365	0.000466	243	7	-1.5987	0.78659	0.73475	1.0	527	0	0
KAT5__P1P2	8	0.0051798	0.00012365	0.000466	244	6	-2.2801	0.75909	0.67394	1.0	498	0	0
HNRNPA2B1__P1P2	8	0.0052188	0.00012365	0.000466	245	7	-1.2136	0.98886	0.99849	1.0	809	0	0
ZMIZ1__P1P2	11	0.0052767	0.00012365	0.000466	246	10	-0.64207	0.99836	0.99987	1.0	859	0	0
CSK__P1P2	8	0.0053563	0.00012365	0.000466	247	7	-1.2759	0.93838	0.95864	1.0	706	0	0
CCDC12__P1	8	0.0054797	0.00012365	0.000466	248	7	-2.0085	0.97238	0.99116	1.0	765	0	0
ZC3H7A__P1P2	8	0.0054994	0.00012365	0.000466	249	7	-1.1531	0.97148	0.99087	1.0	762	0	0
TIMM17B__P1P2	8	0.0056004	0.00012365	0.000466	250	7	-1.9984	0.98978	0.99889	1.0	811	0	0
PABPC4__P1P2	8	0.0056393	0.00012365	0.000466	251	7	-1.6715	0.98137	0.99554	1.0	789	0	0
BRPF1__P1P2	8	0.0057361	0.00012365	0.000466	252	6	-2.0774	0.74119	0.64758	1.0	478	0	0
RAD51AP1__P1P2	8	0.0059556	0.00012365	0.000466	253	7	-1.2458	0.98526	0.99715	1.0	800	0	0
MAPRE1__P1P2	8	0.0061627	0.00012365	0.000466	254	5	-2.3774	0.86636	0.86079	1.0	605	0	0
DYNC1LI1__P1P2	8	0.0062745	0.00012365	0.000466	255	7	-1.9024	0.55972	0.3645	1.0	327	0	0
LUZP1__P1P2	8	0.006406	0.00012365	0.000466	256	7	-0.80916	0.99379	0.99969	1.0	826	0	0
LCOR__P1P2	8	0.006451	0.00012365	0.000466	257	7	-1.5452	0.42184	0.17416	0.73923	227	0	0
RBL1__P1P2	8	0.0064962	0.00012365	0.000466	258	7	-0.57208	0.74991	0.66257	1.0	488	0	0
TAF11__P1P2	8	0.0066474	0.00013355	0.000474	259	6	-1.4924	0.80861	0.76776	1.0	547	0	0
HEXIM1__P1P2	8	0.0067969	0.00013355	0.000474	260	7	-0.55504	0.97009	0.98984	1.0	758	0	0
WEE1__P1P2	8	0.0068844	0.00013355	0.000474	261	7	-2.0791	0.8992	0.91106	1.0	647	0	0
CBLL1__P1P2	8	0.0069463	0.00013355	0.000474	262	5	-2.3553	0.56333	0.37026	1.0	329	0	0
DEGS1__P1P2	8	0.0069953	0.00013355	0.000474	263	2	-3.7482	0.30116	0.072298	0.494888	138	0	0
FDXR__P1P2	11	0.0070384	0.00014344	0.000498	264	8	-1.8456	0.35407	0.092053	0.548397	175	0	0
ACTR5__P1P2	8	0.0074457	0.00013355	0.000474	265	6	-1.9302	0.88609	0.89181	1.0	632	0	0
RPS4Y1__P1P2	8	0.0074606	0.00013355	0.000474	266	6	-1.2922	0.94985	0.9719	1.0	720	0	0
TATDN2__P1P2	8	0.0075994	0.00013355	0.000474	267	7	-0.98502	0.9734	0.9917	1.0	770	0	0
NSDHL__P1P2	8	0.0077483	0.00013355	0.000474	268	6	-1.881	0.74546	0.65458	1.0	485	0	0
NUFIP1__P1P2	8	0.0077637	0.00013355	0.000474	269	6	-1.7311	0.64891	0.50436	1.0	396	0	0
PARN__P1P2	11	0.0078198	0.00015333	0.000514	270	9	-2.0052	0.99135	0.99779	1.0	817	0	0
TSSC1__P1P2	8	0.0079033	0.00013355	0.000474	271	6	-1.6069	0.78531	0.73343	1.0	524	0	0
SREBF1__P1	8	0.0079148	0.00013355	0.000474	272	7	-0.97665	0.99534	0.99989	1.0	832	0	0
TMEM68__P1P2	8	0.0080765	0.00013355	0.000474	273	6	-1.5958	0.78595	0.73344	1.0	526	0	0
TIMM10__P1P2	8	0.0081173	0.00013355	0.000474	274	7	-1.9344	0.98373	0.99656	1.0	794	0	0
POLE3__P1P2	8	0.0081975	0.00013355	0.000474	275	7	-1.5329	0.99177	0.99926	1.0	819	0	0
BRMS1__P1P2	8	0.0087364	0.00013355	0.000474	276	7	-1.0082	0.99016	0.99898	1.0	812	0	0
AKAP3__P1	8	0.009152	0.00014344	0.000498	277	6	-1.7756	0.61876	0.46838	1.0	368	0	0
LTN1__P1P2	8	0.0092713	0.00014344	0.000498	278	7	-0.88111	0.97288	0.99151	1.0	767	0	0
NAE1__P1P2	8	0.0093052	0.00014344	0.000498	279	4	-2.9722	0.12946	0.00414	0.054509	53	0	0
ENY2__P1P2	8	0.0093523	0.00014344	0.000498	280	7	-1.5369	0.97392	0.99186	1.0	772	0	0
CNOT3__P1P2	8	0.0094094	0.00014344	0.000498	281	6	-1.8759	0.15544	0.0041498	0.054509	72	0	0
DOT1L__P1P2	8	0.0097852	0.00015333	0.000514	282	7	-1.0598	0.44346	0.21406	0.852715	242	0	0
SNRNP40__P1P2	8	0.0097915	0.00015333	0.000514	283	7	-1.2083	0.61734	0.46838	1.0	366	0	0
RPS14__P1P2	8	0.0097988	0.00015333	0.000514	284	6	-2.8491	0.97245	0.99117	1.0	766	0	0
SREK1IP1__P1P2	8	0.010109	0.00015333	0.000514	285	6	-1.4038	0.70129	0.56795	1.0	435	0	0
FKBPL__P1P2	8	0.010124	0.00015333	0.000514	286	7	-1.3964	0.99596	0.99994	1.0	836	0	0
SSBP3__P1P2	8	0.010224	0.00015333	0.000514	287	7	-0.967	0.32902	0.093082	0.548397	163	0	0
RPL14__P1P2	8	0.010243	0.00015333	0.000514	288	6	-1.4565	0.8015	0.75563	1.0	536	0	0
NAA15__P1P2	8	0.010377	0.00015333	0.000514	289	7	-1.0804	0.9474	0.96921	1.0	718	0	0
FAM69B__P1P2	8	0.010519	0.00015333	0.000514	290	4	-2.5071	0.80744	0.76775	1.0	542	0	0
UHRF1__P1P2	8	0.010822	0.00016322	0.000541	291	6	-2.1413	0.93573	0.9568	1.0	700	0	0
ZFC3H1__P1P2	8	0.010866	0.00016322	0.000541	292	7	-1.2212	0.89628	0.90606	1.0	645	0	0
LIAS__P1P2	8	0.01096	0.00016322	0.000541	293	6	-2.0272	0.98931	0.99868	1.0	810	0	0
RPL28__P1P2	8	0.012081	0.00017312	0.000567	294	7	-1.6056	0.99131	0.99919	1.0	816	0	0
TACC3__P1	8	0.012219	0.00017312	0.000567	295	5	-2.5335	0.92926	0.95005	1.0	690	0	0
JMJD1C__P1P2	8	0.012544	0.00017312	0.000567	296	6	-0.83338	0.92762	0.94889	1.0	686	0	0
EXOSC1__P1P2	8	0.012724	0.00017312	0.000567	297	4	-3.3742	0.69841	0.56568	1.0	431	0	0
PPP6C__P1P2	8	0.013207	0.0001929	0.000629	298	7	-1.2638	0.96123	0.98233	1.0	743	0	0
ESRP1__P1P2	8	0.013655	0.00020279	0.000642	299	7	-1.037	0.81208	0.77265	1.0	551	0	0
NABP2__P1	8	0.013755	0.00020279	0.000642	300	6	-1.8458	0.82666	0.80216	1.0	566	0	0
CMC2__P1P2	8	0.014018	0.00020279	0.000642	301	6	-2.2204	0.93015	0.95061	1.0	691	0	0
CSTF2__P1P2	8	0.014317	0.00020279	0.000642	302	7	-0.51305	0.99539	0.99989	1.0	833	0	0
LOC730183__NM_001256932	8	0.014355	0.00020279	0.000642	303	5	-1.3277	0.581	0.40463	1.0	340	0	0
HSPA14__P1P2	8	0.014691	0.00020279	0.000642	304	7	-1.2677	0.66667	0.53108	1.0	404	0	0
MGEA5__P1P2	8	0.014708	0.00020279	0.000642	305	7	-1.3485	0.77071	0.70566	1.0	506	0	0
SRCAP__P1P2	8	0.014758	0.00020279	0.000642	306	7	-1.3092	0.73737	0.64411	1.0	473	0	0
SUGP1__P1P2	8	0.014783	0.00020279	0.000642	307	7	-1.6981	0.95896	0.9808	1.0	735	0	0
GDI2__P1	8	0.015015	0.00021269	0.000667	308	6	-1.2506	0.93699	0.95787	1.0	702	0	0
AP1B1__P1P2	8	0.015073	0.00021269	0.000667	309	7	-1.5151	0.88259	0.88738	1.0	627	0	0
MBIP__P1P2	8	0.015364	0.00021269	0.000667	310	4	-2.2366	0.74144	0.64758	1.0	479	0	0
MAGOHB__P1P2	8	0.015718	0.00023247	0.000727	311	4	-2.6915	0.67355	0.54226	1.0	412	0	0
DDX10__P1P2	8	0.016865	0.00027204	0.000839	312	4	-2.8819	0.69956	0.56795	1.0	432	0	0
C19orf53__P1P2	8	0.016909	0.00027204	0.000839	313	5	-2.315	0.52817	0.31651	0.998861	306	0	0
ZFAT__P1	8	0.01698	0.00027204	0.000839	314	7	-0.95703	0.93237	0.95291	1.0	696	0	0
UBA3__P1P2	8	0.016993	0.00027204	0.000839	315	5	-2.1563	0.62859	0.47846	1.0	380	0	0
USF2__P1P2	8	0.018111	0.00028193	0.000867	316	7	-0.75829	0.9779	0.99392	1.0	780	0	0
DDA1__P1P2	8	0.01855	0.00030172	0.000925	317	7	-0.95018	0.60322	0.45571	1.0	355	0	0
CHAF1A__P1P2	8	0.019262	0.00035118	0.001073	318	6	-1.4272	0.64191	0.49277	1.0	390	0	0
VPS26A__P1P2	8	0.020439	0.00038086	0.001157	319	6	-1.4423	0.49284	0.28441	0.962965	276	0	0
NCSTN__P1P2	8	0.020472	0.00038086	0.001157	320	6	-1.1749	0.62615	0.47608	1.0	378	0	0
ISY1__P1P2	8	0.020702	0.00039075	0.00118	321	6	-1.2223	0.85458	0.84056	1.0	595	0	0
SNF8__P1P2	8	0.020827	0.00039075	0.00118	322	5	-2.0294	0.71423	0.59383	1.0	448	0	0
TOP1__P1P2	8	0.021222	0.00041053	0.001235	323	7	-1.5563	0.91769	0.93476	1.0	669	0	0
TRAPPC13__P1P2	8	0.02151	0.00042043	0.001261	324	7	-0.46519	0.98189	0.99574	1.0	792	0	0
UBE2L3__P1P2	8	0.021988	0.0004501	0.001342	325	6	-1.4173	0.879	0.88052	1.0	623	0	0
ERCC1__P1P2	8	0.022062	0.0004501	0.001342	326	7	-1.6053	0.27479	0.068292	0.494888	125	0	0
KPNA2__P1P2	8	0.023236	0.00054903	0.001627	327	6	-1.1373	0.92861	0.94919	1.0	688	0	0
RNF2__P1P2	8	0.023292	0.00054903	0.001627	328	6	-0.64612	0.968	0.98891	1.0	754	0	0
UFC1__P1P2	8	0.024352	0.00065784	0.001938	329	7	-0.78855	0.97673	0.99347	1.0	779	0	0
PPP2R1A__P1	8	0.024399	0.00065784	0.001938	330	6	-1.7688	0.7714	0.70567	1.0	508	0	0
ASUN__P1P2	8	0.024902	0.00069741	0.002036	331	6	-1.8364	0.99258	0.9995	1.0	820	0	0
UBE2D3__P1P2	8	0.024922	0.00069741	0.002036	332	6	-1.4432	0.63445	0.4808	1.0	385	0	0
ELMO3__P1P2	8	0.024997	0.00069741	0.002036	333	7	-0.5038	0.95871	0.98036	1.0	734	0	0
COG6__P1P2	8	0.025691	0.00072709	0.002116	334	6	-1.9713	0.97515	0.99249	1.0	775	0	0
PCGF2__P1	8	0.026043	0.00078644	0.002282	335	6	-0.84769	0.39419	0.15495	0.731166	203	0	0
SLTM__P1P2	8	0.028278	0.0048918	0.014031	336	7	-0.66204	0.71752	0.60012	1.0	453	0	0
SMG7__P1P2	8	0.028652	0.0049017	0.014031	337	6	-1.3647	0.72374	0.61585	1.0	460	0	0
HELLS__P1P2	8	0.028967	0.0049116	0.014031	338	7	-0.36059	0.98518	0.99712	1.0	798	0	0
HMBS__P1	8	0.029288	0.0049313	0.014031	339	5	-2.0503	0.18833	0.021461	0.237161	85	0	0
PURB__P1P2	8	0.029394	0.0049412	0.014031	340	7	-0.52072	0.8564	0.84476	1.0	597	0	0
MTCH2__P1P2	8	0.029433	0.0049412	0.014031	341	7	-0.87618	0.9956	0.99991	1.0	834	0	0
FECH__P1P2	8	0.029488	0.0049511	0.014031	342	6	-1.3991	0.82879	0.80434	1.0	568	0	0
LSR__P1P2	8	0.030164	0.0050303	0.014213	343	4	-1.9152	0.56771	0.382	1.0	331	0	0
UFL1__P1P2	8	0.030869	0.0051292	0.014451	344	6	-1.4804	0.72508	0.61784	1.0	462	0	0
NAA30__P1P2	8	0.030972	0.0051688	0.01452	345	5	-1.5973	0.97036	0.99011	1.0	759	0	0
SNRK__P1P2	8	0.03215	0.0052974	0.014839	346	7	-0.71703	0.95952	0.98088	1.0	737	0	0
FOXK2__P1P2	8	0.032319	0.005327	0.014879	347	7	-1.0028	0.90333	0.91422	1.0	651	0	0
EIF3F__P1P2	11	0.032513	0.00093483	0.002704	348	7	-1.91	0.88871	0.85088	1.0	636	0	0
FAF1__P1P2	8	0.032914	0.0053567	0.014919	349	7	-0.56329	0.98575	0.99726	1.0	802	0	0
TFAP4__P1P2	8	0.033128	0.0053765	0.014931	350	7	-0.66057	0.95267	0.97445	1.0	726	0	0
C6orf47__P1P2	8	0.033261	0.0054754	0.015147	351	6	-0.90267	0.89258	0.89886	1.0	643	0	0
KDM5A__P1P2	8	0.033593	0.0054853	0.015147	352	6	-0.88518	0.97184	0.99088	1.0	764	0	0
TRAPPC2L__P1P2	8	0.03477	0.005604	0.015328	353	5	-1.7236	0.5059	0.29411	0.962965	289	0	0
FGD1__P1P2	8	0.035342	0.005604	0.015328	354	6	-0.94402	0.98569	0.99725	1.0	801	0	0
PSMG3__P2	8	0.036557	0.0056139	0.015328	355	5	-1.8052	0.49238	0.28441	0.962965	275	0	0
PFDN4__P1P2	8	0.037258	0.0056139	0.015328	356	5	-1.918	0.56652	0.3788	1.0	330	0	0
HAUS8__P1P2	8	0.039189	0.0057128	0.015511	357	5	-1.6365	0.87637	0.87643	1.0	619	0	0
PSPC1__P1P2	8	0.039435	0.0057128	0.015511	358	6	-1.112	0.91458	0.92969	1.0	663	0	0
XKR8__P1P2	8	0.040504	0.0096401	0.025546	359	6	-0.60124	0.7638	0.68697	1.0	501	0	0
CHCHD3__P1P2	8	0.040934	0.00965	0.025546	360	5	-1.2545	0.63955	0.48826	1.0	389	0	0
HSPA4__P1P2	8	0.044383	0.0097984	0.025546	361	6	-1.0721	0.75284	0.66422	1.0	491	0	0
CWC27__P1P2	8	0.04445	0.0097984	0.025546	362	6	-0.77973	0.84692	0.82975	1.0	584	0	0
CORO1A__30194716	8	0.045599	0.0098281	0.025546	363	5	-1.2652	0.44247	0.21406	0.852715	240	0	0
CMC1__P1P2	8	0.046629	0.0098479	0.025546	364	5	-1.1091	0.31195	0.081241	0.519579	147	0	0
SUPT4H1__P1P2	8	0.047244	0.0098479	0.025546	365	6	-1.6664	0.83211	0.80776	1.0	572	0	0
PRR14L__P1P2	8	0.051824	0.009927	0.025546	366	6	-1.3913	0.88634	0.89182	1.0	633	0	0
UFM1__P1P2	8	0.052492	0.009927	0.025546	367	6	-1.2844	0.96932	0.98956	1.0	756	0	0
ESYT2__P1P2	8	0.053596	0.0099369	0.025546	368	3	-1.8583	0.40633	0.16252	0.738205	212	0	0
PCNXL3__P1P2	8	0.053623	0.0099369	0.025546	369	6	-0.43214	0.69696	0.56389	1.0	430	0	0
MID1IP1__P1P2	8	0.053758	0.0099369	0.025546	370	6	-0.69417	0.73941	0.64412	1.0	476	0	0
OPRD1__P1P2	8	0.054082	0.0099468	0.025546	371	5	-1.7567	0.72535	0.61784	1.0	463	0	0
RANBP2__109335729	8	0.054301	0.0099468	0.025546	372	6	-1.1939	0.95594	0.97759	1.0	728	0	0
OGFR__P1P2	8	0.054755	0.0099468	0.025546	373	6	-0.80262	0.8227	0.79136	1.0	563	0	0
TNKS2__P1P2	8	0.055537	0.0099567	0.025546	374	6	-0.55659	0.98677	0.99775	1.0	804	0	0
ARF1__P1P2	8	0.057026	0.0099962	0.025546	375	5	-0.9673	0.084608	4.9462e-06	0.000141	30	0	0
EAF1__P1P2	8	0.057344	0.0099962	0.025546	376	5	-1.0425	0.94384	0.96515	1.0	714	0	0
ZBTB4__P1	8	0.057872	0.010026	0.025546	377	4	-2.0898	0.85685	0.84558	1.0	598	0	0
DDX31__P1P2	8	0.058142	0.010036	0.025546	378	6	-1.3474	0.92619	0.94699	1.0	683	0	0
MYH9__P1P2	8	0.05985	0.010065	0.025546	379	5	-1.0181	0.7224	0.61195	1.0	457	0	0
RIC8A__P2	8	0.060374	0.010075	0.025546	380	6	-1.4402	0.89188	0.89767	1.0	642	0	0
NEDD8-MDP1__P1P2	8	0.06113	0.010095	0.025546	381	4	-2.4043	0.25077	0.046974	0.390245	117	0	0
HIF1AN__P1P2	8	0.061172	0.010095	0.025546	382	5	-1.0767	0.62475	0.47608	1.0	376	0	0
MEX3A__P1P2	8	0.061952	0.010115	0.025546	383	6	-1.3498	0.88183	0.88737	1.0	626	0	0
ZFYVE9__P1P2	8	0.062706	0.010155	0.025546	384	6	-0.45492	0.28655	0.072289	0.494888	131	0	0
WDR18__P1P2	8	0.062994	0.010164	0.025546	385	6	-1.2759	0.7156	0.59604	1.0	451	0	0
RAB1A__P1P2	8	0.065603	0.010194	0.025546	386	5	-1.522	0.70978	0.58602	1.0	442	0	0
AEN__P1P2	8	0.066177	0.010214	0.025546	387	6	-0.7791	0.97541	0.99265	1.0	776	0	0
MNT__P1P2	8	0.066334	0.010224	0.025546	388	6	-0.75322	0.94338	0.9642	1.0	712	0	0
DBF4__P1P2	8	0.066492	0.010224	0.025546	389	6	-0.88889	0.88042	0.8849	1.0	625	0	0
SERBP1__P1P2	8	0.067541	0.010313	0.025703	390	5	-1.8213	0.76286	0.68364	1.0	500	0	0
ANP32B__P1P2	8	0.069811	0.010372	0.025784	391	6	-1.2414	0.92628	0.94699	1.0	684	0	0
USMG5__P1P2	8	0.07304	0.010481	0.025989	392	4	-1.607	0.68784	0.55528	1.0	423	0	0
DHH__P1P2	8	0.073857	0.01056	0.026046	393	3	-1.774	0.71505	0.59604	1.0	450	0	0
BRAP__P1P2	8	0.075243	0.010619	0.026046	394	6	-0.77604	0.12065	0.00414	0.054509	48	0	0
ACAD11__P1P2	8	0.075574	0.010629	0.026046	395	5	-1.3165	0.37639	0.12864	0.644503	192	0	0
FDX1__P1P2	8	0.076808	0.010669	0.026046	396	6	-0.65967	0.96237	0.98334	1.0	746	0	0
DR1__P1P2	8	0.077266	0.010689	0.026046	397	4	-2.0876	0.86057	0.85417	1.0	602	0	0
PFDN5__P1P2	8	0.077569	0.010718	0.026046	398	4	-1.5524	0.69404	0.56162	1.0	428	0	0
CSNK1A1__P1P2	8	0.077599	0.010718	0.026046	399	5	-1.578	0.67848	0.54686	1.0	416	0	0
SF3A2__P2	8	0.077602	0.010718	0.026046	400	6	-1.1274	0.83176	0.80776	1.0	571	0	0
STK3__P1P2	8	0.080962	0.010896	0.026412	401	6	-0.89779	0.95063	0.97275	1.0	721	0	0
USF1__P1P2	8	0.083761	0.011045	0.026637	402	6	-0.73923	0.63547	0.4808	1.0	387	0	0
IMMT__P1P2	8	0.084509	0.011094	0.026637	403	6	-1.0077	0.78509	0.73343	1.0	523	0	0
COPE__P1P2	8	0.084774	0.011094	0.026637	404	5	-1.3699	0.834	0.81094	1.0	575	0	0
FAM216A__P1P2	8	0.085552	0.011104	0.026637	405	6	-1.1945	0.94882	0.97084	1.0	719	0	0
RPL9__P1P2	8	0.086385	0.011144	0.026637	406	5	-1.9351	0.51299	0.2972	0.962965	295	0	0
RPL29__P1P2	8	0.08697	0.011154	0.026637	407	6	-0.67043	0.93816	0.95864	1.0	705	0	0
HLA-DMA__P2	8	0.089579	0.011292	0.026902	408	6	-0.44968	0.92517	0.94591	1.0	681	0	0
TGDS__P1P2	8	0.091462	0.011599	0.027548	409	4	-1.5485	0.84898	0.83169	1.0	586	0	0
CCDC77__P2	8	0.091943	0.011638	0.027548	410	6	-0.35218	0.96084	0.9818	1.0	741	0	0
HNRNPLL__P1P2	8	0.092221	0.011648	0.027548	411	4	-1.8765	0.51211	0.2972	0.962965	294	0	0
GNG4__P1P2	8	0.092425	0.011698	0.027598	412	3	-2.0913	0.84353	0.82465	1.0	580	0	0
TUFM__28856875	8	0.094453	0.011846	0.02788	413	6	-0.43666	0.94291	0.96366	1.0	711	0	0
ICMT__P1P2	8	0.097018	0.012054	0.028143	414	5	-0.9189	0.48458	0.26493	0.957303	269	0	0
C20orf196__P1P2	8	0.097527	0.012074	0.028143	415	6	-0.3463	0.48226	0.2615	0.951977	267	0	0
CORO1B__67210174	8	0.097537	0.012074	0.028143	416	3	-2.1863	0.87165	0.86842	1.0	610	0	0
HIGD2A__P1P2	8	0.097615	0.012074	0.028143	417	5	-1.4813	0.90753	0.9187	1.0	655	0	0
MED15__P1	8	0.09787	0.012143	0.028237	418	4	-1.9831	0.73608	0.64044	1.0	471	0	0
CD99L2__P1P2	8	0.10302	0.017168	0.039732	419	6	-1.2387	0.92449	0.94531	1.0	679	0	0
RRP8__P1P2	8	0.1031	0.017168	0.039732	420	5	-1.1153	0.76612	0.69605	1.0	503	0	0
CCDC101__P1P2	8	0.10581	0.017505	0.040414	421	5	-0.81706	0.71285	0.59382	1.0	446	0	0
USP44__P1	8	0.10739	0.017623	0.040592	422	6	-0.64406	0.6673	0.53108	1.0	405	0	0
TBC1D31__P1P2	8	0.10985	0.018167	0.041746	423	6	-0.80477	0.96955	0.98965	1.0	757	0	0
POC1B__P1P2	8	0.11075	0.018316	0.041904	424	6	-0.75443	0.92071	0.94071	1.0	672	0	0
ATP6AP2__P1P2	8	0.11125	0.018326	0.041904	425	5	-1.0424	0.76496	0.69147	1.0	502	0	0
GTF3A__P1P2	8	0.11161	0.018365	0.041904	426	5	-1.4854	0.6251	0.47608	1.0	377	0	0
C19orf43__P1P2	8	0.11223	0.018583	0.042301	427	5	-1.2872	0.46052	0.24424	0.917456	250	0	0
CRLS1__P1P2	8	0.11753	0.019157	0.043505	428	5	-1.4226	0.78978	0.73763	1.0	529	0	0
SCYL1__P1P2	8	0.11934	0.019236	0.043583	429	6	-0.74029	0.45278	0.22749	0.891614	248	0	0
PRC1__P1P2	8	0.12162	0.019849	0.044868	430	6	-1.1614	0.81016	0.77135	1.0	548	0	0
AGO2__141644983	8	0.12332	0.020245	0.045656	431	6	-0.89329	0.93506	0.95635	1.0	699	0	0
ELOF1__P1P2	8	0.12445	0.020393	0.045885	432	6	-1.1945	0.93268	0.95322	1.0	697	0	0
NUDT22__P1P2	8	0.12507	0.020462	0.045934	433	4	-1.6794	0.20739	0.029514	0.315247	90	0	0
DCP2__P1P2	8	0.12564	0.020532	0.045983	434	6	-0.69134	0.9398	0.96049	1.0	707	0	0
RPS11__P1P2	8	0.12604	0.020631	0.046099	435	5	-1.0939	0.98025	0.99502	1.0	785	0	0
CFC1B__131278628	8	0.12875	0.021719	0.048419	436	6	-0.3015	0.4762	0.25106	0.917456	263	0	0
USP48__P1P2	8	0.13217	0.022381	0.049782	437	6	-0.93437	0.73813	0.64411	1.0	474	0	0
MYO9B__P1P2	8	0.13332	0.02254	0.05002	438	4	-1.5951	0.30056	0.072298	0.494888	137	0	0
EHBP1__P1P2	8	0.13526	0.022906	0.050601	439	6	-0.79535	0.73246	0.63859	1.0	468	0	0
PPP2R5E__P1P2	8	0.13551	0.022906	0.050601	440	4	-1.7711	0.61232	0.46579	1.0	361	0	0
EIF4A1__P1P2	8	0.13583	0.023143	0.05101	441	4	-1.3593	0.064553	4.9462e-06	0.000141	22	0	0
SAP30BP__P1P2	8	0.13676	0.023341	0.051035	442	5	-0.84995	0.79334	0.74413	1.0	533	0	0
IRX1__P1P2	8	0.13682	0.023341	0.051035	443	6	-0.93728	0.9319	0.9523	1.0	695	0	0
HIST1H2AB__P1P2	8	0.13747	0.02347	0.051035	444	6	-0.439	0.35982	0.12082	0.6383	179	0	0
RBM47__P1P2	8	0.13747	0.02347	0.051035	445	1	-4.0057	0.13892	0.0041498	0.054509	59	0	0
CYFIP2__P1P2	8	0.1376	0.02347	0.051035	446	5	-1.4765	0.87663	0.87644	1.0	620	0	0
TAF3__P1P2	8	0.1376	0.02347	0.051035	447	6	-0.63042	0.74868	0.65788	1.0	487	0	0
PTPN20B__48806138	8	0.14171	0.024419	0.052874	448	6	-0.1988	0.78574	0.73344	1.0	525	0	0
SLC11A2__P1	8	0.14264	0.024548	0.052874	449	6	-0.57131	0.6695	0.53814	1.0	407	0	0
FBXL14__P1P2	8	0.14318	0.024686	0.052874	450	6	-0.94204	0.62018	0.4737	1.0	369	0	0
TTC23L__P1P2	8	0.14372	0.024686	0.052874	451	6	-0.29463	0.6654	0.53108	1.0	403	0	0
KDSR__P1P2	8	0.14428	0.024696	0.052874	452	4	-1.8044	0.84787	0.83066	1.0	585	0	0
WDR86__P1P2	8	0.15044	0.024795	0.052874	453	1	-4.1017	0.62088	0.47371	1.0	370	0	0
SPIN1__P1P2	8	0.15187	0.024825	0.052874	454	3	-1.6709	0.77455	0.71016	1.0	512	0	0
CDC42EP5__P1P2	8	0.15198	0.024825	0.052874	455	5	-1.2838	0.81774	0.78111	1.0	561	0	0
NFYB__P1P2	8	0.15219	0.024825	0.052874	456	5	-1.1197	0.92534	0.94591	1.0	682	0	0
CENPO__P1P2	8	0.15451	0.024894	0.052874	457	5	-1.4641	0.81624	0.77749	1.0	559	0	0
GGCT__P1P2	8	0.15526	0.024934	0.052874	458	5	-0.43549	0.41979	0.17415	0.73923	225	0	0
MRGBP__P1P2	8	0.15615	0.025013	0.052874	459	3	-1.9225	0.20334	0.025527	0.275694	89	0	0
TRAPPC6B__P1P2	8	0.15661	0.025023	0.052874	460	5	-0.48651	0.26791	0.063751	0.494888	122	0	0
GAL__P1P2	8	0.15807	0.025082	0.052885	461	4	-1.2298	0.046493	4.9462e-06	0.000141	16	1	3.8068
GNA13__P1P2	8	0.15856	0.02525	0.053124	462	4	-1.2975	0.73089	0.63304	1.0	467	0	0
INTS6__P1P2	8	0.1644	0.025418	0.053131	463	5	-0.81967	0.57907	0.40462	1.0	337	0	0
WNT7A__P1P2	8	0.16465	0.025418	0.053131	464	5	-0.84572	0.88297	0.88797	1.0	628	0	0
GLYR1__P1P2	8	0.16482	0.025428	0.053131	465	4	-1.0351	0.64525	0.49751	1.0	393	0	0
VPS9D1__P1P2	8	0.16783	0.025577	0.053131	466	5	-1.4343	0.54997	0.35015	1.0	319	0	0
AP1G1__P1P2	8	0.16799	0.025577	0.053131	467	5	-0.89385	0.96625	0.98759	1.0	751	0	0
RYR3__P1P2	8	0.16849	0.025587	0.053131	468	5	-1.0767	0.87179	0.86842	1.0	611	0	0
RBX1__P1P2	8	0.1716	0.025636	0.053131	469	3	-2.0109	0.51167	0.2972	0.962965	293	0	0
GNPNAT1__P1P2	8	0.17625	0.026052	0.053873	470	5	-0.88107	0.9908	0.99908	1.0	814	0	0
MANSC1__P1P2	8	0.17907	0.02615	0.053873	471	5	-1.4214	0.62265	0.47607	1.0	374	0	0
GNE__P1P2	11	0.17957	0.026319	0.053885	472	7	-0.66075	0.55597	0.28425	0.962965	323	0	0
PTRHD1__P1P2	8	0.17982	0.02616	0.053873	473	5	-0.85092	0.75162	0.66422	1.0	490	0	0
ZNF655__P1P2	8	0.18293	0.026348	0.053885	474	5	-0.46883	0.86917	0.86449	1.0	609	0	0
STX7__P1P2	8	0.18307	0.026348	0.053885	475	4	-1.7725	0.51606	0.29721	0.962965	298	0	0
GART__P1P2	8	0.1846	0.026388	0.053885	476	4	-1.3663	0.57946	0.40462	1.0	338	0	0
ADAM18__P1P2	8	0.18764	0.026596	0.054195	477	3	-1.1143	0.89775	0.90963	1.0	646	0	0
GPX3__P1P2	8	0.18833	0.026685	0.054263	478	2	-1.4256	0.60579	0.45821	1.0	358	0	0
PIP4K2C__P1P2	8	0.19225	0.026972	0.054731	479	4	-1.4473	0.59469	0.43173	1.0	349	0	0
FBXO8__P1	8	0.19413	0.027189	0.055058	480	5	-0.83489	0.42592	0.17818	0.743335	230	0	0
CTXN1__P1P2	8	0.19518	0.027268	0.055104	481	2	-1.714	0.8039	0.7604	1.0	537	0	0
DOCK1__P1P2	8	0.19874	0.027704	0.055867	482	5	-0.71758	0.97495	0.99233	1.0	774	0	0
MLLT3__P1P2	8	0.20047	0.027832	0.05601	483	5	-0.42449	0.95557	0.97713	1.0	727	0	0
HDAC7__P1P2	8	0.20266	0.028337	0.05679	484	5	-0.92742	0.77922	0.72173	1.0	521	0	0
TSPYL1__P1P2	8	0.2027	0.028337	0.05679	485	4	-1.351	0.32493	0.089155	0.541617	158	0	0
DCP1A__P1P2	8	0.20429	0.028465	0.056931	486	5	-0.62813	0.89058	0.89702	1.0	639	0	0
PLOD3__P1P2	8	0.20588	0.028643	0.057169	487	4	-1.0762	0.9378	0.95841	1.0	704	0	0
GPR89B__147400326	8	0.21075	0.028871	0.057388	488	2	-1.0485	0.39525	0.15496	0.731166	204	0	0
PRMT7__P1P2	8	0.21098	0.028871	0.057388	489	5	-0.5503	0.90096	0.91216	1.0	649	0	0
RSPRY1__P1P2	8	0.21642	0.029534	0.058585	490	5	-0.64309	0.79146	0.7403	1.0	532	0	0
SUPT3H__P1P2	8	0.21834	0.02989	0.059171	491	4	-1.2237	0.40213	0.15866	0.734364	210	0	0
SRSF11__P2	8	0.21877	0.029989	0.059246	492	3	-1.1599	0.88914	0.89518	1.0	637	0	0
MESDC2__P1P2	8	0.21941	0.030147	0.059438	493	5	-0.4893	0.95157	0.97355	1.0	722	0	0
FAM192A__P1P2	8	0.22323	0.030285	0.05959	494	5	-0.60491	0.56133	0.36729	1.0	328	0	0
TMEM86A__P1P2	8	0.22465	0.030424	0.059742	495	3	-1.9513	0.58254	0.40463	1.0	342	0	0
TMTC2__P1P2	8	0.22748	0.0308	0.060358	496	3	-1.6622	0.88768	0.89304	1.0	635	0	0
C14orf119__P1P2	8	0.22949	0.031047	0.06072	497	5	-0.49208	0.54502	0.34114	1.0	316	0	0
ZCCHC11__P1P2	8	0.23117	0.031364	0.06099	498	5	-0.77873	0.89594	0.90547	1.0	644	0	0
DSCR3__P1P2	8	0.23132	0.031374	0.06099	499	5	-1.1314	0.71146	0.59007	1.0	444	0	0
RAC1__P1P2	8	0.23135	0.031374	0.06099	500	5	-1.068	0.27417	0.068292	0.494888	124	0	0
MEAF6__P1P2	8	0.23584	0.031759	0.061494	501	5	-0.96653	0.18419	0.021461	0.237161	84	0	0
PDIA4__P1P2	8	0.23655	0.031759	0.061494	502	2	-1.94	0.68664	0.55528	1.0	421	0	0
NPDC1__P1P2	8	0.23793	0.032116	0.06206	503	5	-1.1086	0.20131	0.025517	0.275694	88	0	0
ARHGEF5__144052240	8	0.23904	0.032323	0.062338	504	5	-0.91389	0.48688	0.27167	0.962965	270	0	0
NONO__P1P2	8	0.24075	0.03263	0.062757	505	5	-0.788	0.9714	0.99087	1.0	761	0	0
REC8__P1P2	8	0.2411	0.03267	0.062757	506	4	-1.3556	0.64459	0.49751	1.0	392	0	0
ATG16L1__P1P2	8	0.24456	0.033016	0.063297	507	5	-0.3559	0.057522	4.9462e-06	0.000141	19	0	0
MLLT4__P1P2	8	0.25033	0.034519	0.066049	508	5	-0.51107	0.84451	0.8264	1.0	582	0	0
HEXIM2__P2	11	0.25678	0.03903	0.074533	509	7	-0.69503	0.8859	0.84671	1.0	630	0	0
GNB1__P1P2	8	0.2595	0.040089	0.076274	510	5	-0.49772	0.95774	0.9796	1.0	731	0	0
MCM7__P1P2	8	0.2597	0.040099	0.076274	511	3	-1.329	0.80764	0.76775	1.0	543	0	0
ZNF236__P1P2	8	0.26665	0.045955	0.086735	512	2	-2.5418	0.80508	0.76156	1.0	538	0	0
MON2__P1P2	8	0.26903	0.046549	0.087684	513	5	-0.40155	0.98169	0.99565	1.0	790	0	0
GFRA4__ENST00000290417.2_ENST00000319242.3	8	0.26963	0.046707	0.087812	514	5	-0.53704	0.34799	0.10494	0.579573	171	0	0
TTLL10__P1	8	0.27055	0.046895	0.087996	515	5	-1.011	0.12506	0.00414	0.054509	51	0	0
GPR137__P2	8	0.27417	0.047676	0.08929	516	1	-3.4829	0.46627	0.24758	0.917456	255	0	0
STX4__P1P2	8	0.2784	0.048656	0.090949	517	4	-0.78203	0.65055	0.50437	1.0	398	0	0
ROR1__P1P2	8	0.28075	0.053641	0.099902	518	5	-0.39681	0.87504	0.87429	1.0	617	0	0
ANKRD17__P1P2	8	0.28123	0.053651	0.099902	519	4	-0.85418	0.34572	0.10493	0.579573	170	0	0
RBM5__P1P2	8	0.28341	0.054413	0.100952	520	5	-0.64133	0.19723	0.021471	0.237161	87	0	0
PGPEP1__P1P2	8	0.28357	0.054423	0.100952	521	4	-1.0347	0.59767	0.44265	1.0	351	0	0
MSI1__P1P2	8	0.28778	0.05563	0.102995	522	4	-1.0827	0.92124	0.94111	1.0	673	0	0
ZNF710__P1P2	8	0.28855	0.055976	0.103439	523	5	-0.69097	0.80783	0.76775	1.0	544	0	0
CD22__P1P2	11	0.28868	0.044145	0.083806	524	4	-1.055	0.58441	0.32248	1.0	344	0	0
CNKSR3__P1P2	8	0.29207	0.06019	0.11065	525	5	-0.81069	0.92222	0.94202	1.0	674	0	0
RABL5__P1P2	8	0.29264	0.06021	0.11065	526	4	-0.91306	0.81885	0.7833	1.0	562	0	0
S100A16__P1P2	8	0.29269	0.06022	0.11065	527	5	-0.5594	0.77343	0.71015	1.0	511	0	0
ATRN__P1P2	8	0.29623	0.061822	0.11338	528	5	-0.44549	0.72347	0.61585	1.0	459	0	0
LDB3__P1P2	8	0.29729	0.06205	0.113583	529	5	-0.70539	0.91638	0.93296	1.0	666	0	0
SNAP29__P1P2	8	0.29796	0.062218	0.113677	530	5	-0.50208	0.9224	0.94237	1.0	675	0	0
DCAF4__P1P2	8	0.29916	0.062911	0.114726	531	5	-0.85002	0.90461	0.91619	1.0	652	0	0
SFPQ__P1P2	8	0.30241	0.064048	0.116582	532	5	-0.97945	0.84189	0.82369	1.0	578	0	0
PLEKHG2__P1P2	8	0.30464	0.064612	0.117389	533	5	-0.63175	0.94154	0.96242	1.0	709	0	0
UBE2Q1__P1P2	8	0.30644	0.065957	0.119609	534	5	-0.93324	0.31965	0.089145	0.541617	153	0	0
DENND5A__P1P2	11	0.30759	0.045114	0.085479	535	6	-0.89666	0.58288	0.32248	1.0	343	0	0
LRP6__P1P2	8	0.30884	0.066393	0.120174	536	3	-1.6985	0.13238	0.0041498	0.054509	56	0	0
FERMT1__P1P2	8	0.31037	0.066828	0.120737	537	5	-1.0922	0.48411	0.26493	0.957303	268	0	0
CHRNA7__32322509	8	0.31364	0.067985	0.122601	538	4	-1.1288	0.86393	0.85865	1.0	603	0	0
CISD1__P1P2	8	0.3157	0.068638	0.122909	539	5	-0.51328	0.50323	0.28772	0.962965	285	0	0
PYGO2__P1P2	8	0.31626	0.068648	0.122909	540	5	-0.82747	0.37585	0.12864	0.644503	191	0	0
ZBTB2__P1P2	8	0.31721	0.068668	0.122909	541	5	-0.51034	0.49918	0.28442	0.962965	280	0	0
PPFIBP1__P1P2	8	0.31807	0.068895	0.122909	542	5	-0.42594	0.92053	0.94026	1.0	671	0	0
SMURF2__P1P2	8	0.3185	0.068905	0.122909	543	5	-0.48402	0.95701	0.97858	1.0	730	0	0
ZMYM4__P1P2	11	0.31899	0.045925	0.086735	544	5	-0.81837	0.80836	0.68378	1.0	546	0	0
ZCCHC8__P1P2	8	0.31907	0.068915	0.122909	545	4	-0.62803	0.63136	0.48079	1.0	383	0	0
PLEKHH2__P1P2	8	0.3215	0.069796	0.124252	546	4	-1.0079	0.90513	0.9162	1.0	653	0	0
FAM115A__143598483	8	0.32584	0.073169	0.129816	547	5	-0.23504	0.81511	0.77513	1.0	557	0	0
GOLGA7B__P1P2	8	0.32727	0.073189	0.129816	548	1	-3.2944	0.79847	0.75076	1.0	535	0	0
PCDHGA12__P1P2	8	0.32902	0.073693	0.130473	549	2	-1.7454	0.92893	0.94977	1.0	689	0	0
NOSIP__P1P2	8	0.33323	0.075949	0.134222	550	4	-0.67031	0.91116	0.92428	1.0	660	0	0
CNOT11__P1P2	8	0.33424	0.076621	0.135165	551	2	-1.7574	0.42235	0.17416	0.73923	228	0	0
CCDC94__P1P2	8	0.33636	0.078303	0.137881	552	4	-1.1889	0.96204	0.98307	1.0	744	0	0
ELK3__P1P2	8	0.33743	0.078709	0.138345	553	5	-0.32346	0.97825	0.99399	1.0	781	0	0
C7orf49__P1P2	8	0.34269	0.080697	0.141584	554	4	-1.3227	0.58637	0.4212	1.0	347	0	0
RALGAPA1__P1P2	8	0.34316	0.080865	0.141623	555	5	-0.26059	0.86579	0.86078	1.0	604	0	0
SIN3B__P1P2	8	0.34982	0.08413	0.147076	556	5	-0.5518	0.42744	0.17819	0.743335	232	0	0
MLLT1__P1P2	8	0.35205	0.085198	0.148676	557	5	-0.32464	0.072312	4.9462e-06	0.000141	26	0	0
AKAP10__P1P2	8	0.35317	0.0859	0.149382	558	5	-0.55027	0.95922	0.98087	1.0	736	0	0
GAPVD1__P1P2	8	0.3534	0.08591	0.149382	559	5	-0.44488	0.61627	0.46837	1.0	364	0	0
STT3B__P1P2	8	0.35534	0.087177	0.150912	560	4	-1.1186	0.40055	0.15865	0.734364	207	0	0
SGK3__ENST00000396596.1_ENST00000522398.1	8	0.35541	0.087177	0.150912	561	5	-0.64049	0.71312	0.59382	1.0	447	0	0
PIH1D1__P1P2	8	0.35653	0.087256	0.150912	562	5	-0.52659	0.97319	0.99159	1.0	769	0	0
RNPS1__P1P2	8	0.35758	0.088126	0.152147	563	3	-1.8586	0.49963	0.28442	0.962965	281	0	0
BOLA2__29465484	8	0.35833	0.088463	0.152272	564	5	-0.26124	0.48872	0.2748	0.962965	272	0	0
ZC3H14__P1P2	8	0.359	0.088512	0.152272	565	5	-0.39115	0.50457	0.29411	0.962965	286	0	0
PAXIP1__P1P2	8	0.36063	0.089481	0.153134	566	4	-0.6351	0.90107	0.91217	1.0	650	0	0
PTPN12__P1P2	8	0.36137	0.089541	0.153134	567	2	-2.1032	0.085372	4.9462e-06	0.000141	31	0	0
G0S2__P1P2	8	0.36205	0.089679	0.153134	568	4	-1.0906	0.64625	0.49966	1.0	394	0	0
FUT7__P1P2	8	0.36438	0.089838	0.153134	569	4	-0.49479	0.36261	0.12082	0.6383	182	0	0
NDE1__P1	8	0.36932	0.090194	0.153134	570	4	-1.1908	0.51078	0.2972	0.962965	292	0	0
EIF4H__P1P2	8	0.36981	0.090194	0.153134	571	2	-1.7121	0.44395	0.21406	0.852715	243	0	0
HOXC4__ENST00000430889.2	8	0.37091	0.090263	0.153134	572	3	-1.6134	0.4901	0.28102	0.962965	273	0	0
TMSB10__P1P2	8	0.37311	0.090382	0.153134	573	3	-1.3072	0.90783	0.9187	1.0	656	0	0
ARRDC4__P1P2	8	0.37421	0.090431	0.153134	574	4	-1.0519	0.73992	0.64412	1.0	477	0	0
RAI14__P1P2	8	0.37694	0.090669	0.153269	575	4	-1.2767	0.72667	0.61973	1.0	465	0	0
GATA3__P1P2	8	0.38636	0.091687	0.154604	576	4	-0.49488	0.72051	0.60797	1.0	455	0	0
CCDC64__ENST00000397558.2	8	0.38703	0.091776	0.154604	577	4	-0.73549	0.3354	0.096921	0.560812	166	0	0
CNTD2__P1	8	0.39207	0.09237	0.155335	578	4	-0.36819	0.67786	0.54686	1.0	415	0	0
FAM102A__P1P2	8	0.40115	0.093498	0.15696	579	4	-0.60391	0.53497	0.32869	1.0	309	0	0
SMCHD1__P1P2	8	0.40517	0.094131	0.15775	580	3	-0.61109	0.69199	0.5574	1.0	427	0	0
ZNF444__P1P2	8	0.40862	0.094754	0.158456	581	3	-0.91411	0.74295	0.64759	1.0	482	0	0
ABCB10__P1P2	8	0.40946	0.095031	0.158456	582	3	-1.184	0.53413	0.32602	1.0	308	0	0
FAM115C__143317820	8	0.40998	0.095041	0.158456	583	2	-1.6569	0.85304	0.83868	1.0	592	0	0
PRCP__P1	8	0.41626	0.095793	0.159436	584	4	-0.5531	0.88597	0.89181	1.0	631	0	0
TRABD__P1	8	0.42337	0.096723	0.160708	585	3	-0.98463	0.4696	0.24758	0.917456	258	0	0
ROCK1__18690984	8	0.42517	0.097257	0.16132	586	4	-0.32396	0.80607	0.764	1.0	540	0	0
GNAI1__P1P2	8	0.42744	0.097455	0.161373	587	3	-1.4337	0.43349	0.19643	0.805643	236	0	0
THAP2__P1	8	0.43265	0.09876	0.163257	588	4	-0.3413	0.83366	0.81093	1.0	574	0	0
CTIF__P1P2	8	0.43361	0.099057	0.16347	589	4	-0.73288	0.46722	0.24758	0.917456	257	0	0
RSPH3__P1P2	8	0.4355	0.099977	0.164708	590	2	-1.0973	0.6223	0.47607	1.0	373	0	0
KIFAP3__P1P2	8	0.44296	0.10176	0.167358	591	1	-2.9052	0.66286	0.53107	1.0	401	0	0
ARAP3__P1P2	8	0.45145	0.10478	0.172046	592	2	-1.7174	0.37966	0.13669	0.67786	195	0	0
TMEM110__P1P2	8	0.45614	0.10545	0.172842	593	3	-1.4423	0.30597	0.07676	0.514622	143	0	0
MTF2__P1P2	8	0.45733	0.1059	0.173004	594	4	-0.32777	0.60286	0.45571	1.0	354	0	0
FAM115A__143579171	8	0.45763	0.1059	0.173004	595	1	-2.8937	0.57713	0.40462	1.0	335	0	0
CHEK2__P1P2	8	0.4598	0.10637	0.173472	596	3	-0.87389	0.091462	4.9462e-06	0.000141	33	0	0
TAF4__P1P2	8	0.46727	0.11166	0.181798	597	4	-0.34396	0.83349	0.81093	1.0	573	0	0
FAM83H__P1P2	8	0.46921	0.11212	0.182234	598	4	-1.0366	0.28347	0.072289	0.494888	129	0	0
ARHGEF2__P1P2	8	0.47042	0.11254	0.18262	599	4	-0.41463	0.92466	0.94561	1.0	680	0	0
RASAL2__P1P2	8	0.47243	0.11294	0.182955	600	2	-2.0627	0.24045	0.03817	0.340376	109	0	0
SERPINB9__P1P2	8	0.47526	0.11326	0.182955	601	3	-1.1005	0.8872	0.89255	1.0	634	0	0
BBC3__P1P2	8	0.47667	0.1135	0.182955	602	1	-2.6583	1.4295e-07	4.9462e-06	0.000141	9	4	3.9273
BRD2__P1	8	0.47677	0.1135	0.182955	603	4	-0.91655	0.80568	0.76399	1.0	539	0	0
SPINT1__P1P2	8	0.47994	0.11473	0.184627	604	3	-1.1185	0.44197	0.21406	0.852715	239	0	0
ITGB3__P1P2	8	0.48303	0.11596	0.186016	605	4	-0.34008	0.55446	0.35577	1.0	322	0	0
SLC25A46__P1P2	8	0.48352	0.11597	0.186016	606	4	-0.49297	0.77094	0.70566	1.0	507	0	0
ZNF532__P2	8	0.48642	0.11721	0.18769	607	1	-2.8805	0.2847	0.072289	0.494888	130	0	0
C1orf101__P1P2	8	0.4901	0.12156	0.19434	608	3	-0.91803	0.80626	0.764	1.0	541	0	0
RBM7__P1P2	8	0.49238	0.12186	0.194494	609	1	-2.6473	0.67633	0.54227	1.0	414	0	0
SMARCA5__P1P2	8	0.49418	0.12269	0.1955	610	4	-0.33618	0.91629	0.93296	1.0	665	0	0
DCUN1D1__P1P2	8	0.49587	0.12337	0.196266	611	4	-0.43959	0.58062	0.40463	1.0	339	0	0
HDAC8__P1P2	8	0.49647	0.12359	0.196291	612	1	-2.605	0.51649	0.29721	0.962965	299	0	0
PTPRF__P1P2	8	0.49829	0.12407	0.196723	613	2	-1.9466	0.77612	0.71458	1.0	516	0	0
ACTA2__P2	8	0.50188	0.12551	0.198382	614	4	-0.69644	0.95637	0.97786	1.0	729	0	0
PRSS40A__131328218	8	0.50193	0.12552	0.198382	615	4	-0.36484	0.97309	0.99153	1.0	768	0	0
ATP6V0E1__P1P2	8	0.50289	0.12589	0.198637	616	4	-0.37267	0.95789	0.97974	1.0	732	0	0
IFT88__P1P2	8	0.50412	0.12633	0.199017	617	3	-1.2867	0.72321	0.61585	1.0	458	0	0
LSM12__P1P2	8	0.50679	0.12736	0.200313	618	2	-0.97183	0.46532	0.24758	0.917456	254	0	0
IBA57__P1P2	8	0.50821	0.12808	0.201123	619	4	-0.74916	0.87756	0.87702	1.0	621	0	0
FCGR1B__120935150	8	0.50942	0.12961	0.203203	620	4	-0.2537	0.89129	0.89703	1.0	641	0	0
DPP9__P1	8	0.51092	0.12997	0.203433	621	2	-1.3387	0.2945	0.072298	0.494888	136	0	0
ADD1__P1P2	8	0.51518	0.1322	0.206584	622	4	-1.0686	0.34856	0.10494	0.579573	172	0	0
TTBK2__P1P2	8	0.51867	0.13341	0.2075	623	3	-1.0415	0.4079	0.16253	0.738205	214	0	0
KAT6B__P1P2	8	0.51884	0.13342	0.2075	624	3	-0.58229	0.78851	0.73624	1.0	528	0	0
LYRM7__P1P2	8	0.51884	0.13342	0.2075	625	4	-0.41293	0.70698	0.58217	1.0	440	0	0
GPBP1__P1P2	8	0.52919	0.14422	0.223585	626	4	-0.67779	0.87206	0.86843	1.0	613	0	0
PDZK1__145727481	8	0.52943	0.14423	0.223585	627	4	-0.23228	0.83958	0.81973	1.0	576	0	0
SYT14__P1P2	8	0.53313	0.14923	0.230976	628	4	-0.59371	0.46101	0.24424	0.917456	251	0	0
EMD__P1P2	8	0.53664	0.15118	0.233249	629	4	-0.42017	0.32024	0.089145	0.541617	154	0	0
MAGED2__P2	8	0.5388	0.15163	0.233565	630	4	-0.57903	0.61376	0.46579	1.0	362	0	0
SAMD1__P1P2	8	0.54187	0.15354	0.235774	631	2	-1.4792	0.10578	0.00414	0.054509	38	0	0
ZNF286A__15602675	8	0.54192	0.15354	0.235774	632	4	-0.45465	0.72454	0.61586	1.0	461	0	0
FBXO28__P1P2	8	0.54626	0.15718	0.240984	633	2	-1.2932	0.12359	0.00414	0.054509	50	0	0
SPECC1L__P1P2	8	0.54718	0.15778	0.241513	634	4	-0.25894	0.70471	0.56991	1.0	439	0	0
AGPS__P1P2	8	0.54873	0.15858	0.242358	635	1	-2.3879	0.41722	0.17035	0.73923	222	0	0
MRE11A__P1P2	8	0.55038	0.15997	0.244105	636	3	-0.79288	0.41877	0.17415	0.73923	223	0	0
CTNNB1__P1P2	8	0.55506	0.16332	0.248817	637	4	-0.66846	0.43098	0.1893	0.786304	234	0	0
KIAA0247__P1P2	8	0.55649	0.16446	0.250158	638	3	-1.1108	0.71062	0.58787	1.0	443	0	0
HIST2H2BE__149857437	8	0.55815	0.16504	0.250654	639	4	-0.40061	0.91342	0.92678	1.0	661	0	0
ANAPC7__P1P2	8	0.56077	0.16646	0.252029	640	4	-0.66874	0.40108	0.15866	0.734364	208	0	0
TPR__P1P2	8	0.5611	0.16646	0.252029	641	2	-1.683	0.38777	0.1475	0.713332	197	0	0
ISCA1__P1P2	8	0.56533	0.17097	0.258456	642	2	-1.5544	0.38938	0.14751	0.713332	200	0	0
NOTCH2NL__145208892	8	0.56812	0.17333	0.261203	643	4	-0.32893	0.88998	0.89702	1.0	638	0	0
NCOA6__P1P2	8	0.56815	0.17333	0.261203	644	3	-0.39873	0.85924	0.85246	1.0	600	0	0
ZNF740__P1P2	8	0.56957	0.174	0.261811	645	2	-0.90553	0.81169	0.77265	1.0	550	0	0
C21orf58__P1	8	0.57498	0.17803	0.267455	646	4	-0.64756	0.7579	0.67393	1.0	495	0	0
ING1__P1	8	0.58134	0.18377	0.275648	647	4	-0.6433	0.9176	0.93476	1.0	668	0	0
BRD1__P1P2	8	0.58674	0.18781	0.281087	648	4	-0.24409	0.85579	0.84399	1.0	596	0	0
ADAMTS16__P2	8	0.58721	0.18797	0.281087	649	4	-0.26606	0.96113	0.98224	1.0	742	0	0
HNRNPUL1__P1P2	11	0.58899	0.14975	0.231404	650	3	-1.2183	0.73884	0.58536	1.0	475	0	0
POC1A__P1P2	8	0.58922	0.19092	0.285003	651	3	-0.6366	0.87383	0.87149	1.0	616	0	0
DUSP22__292259	8	0.59096	0.19118	0.285003	652	4	-0.33944	0.75574	0.67069	1.0	493	0	0
PLA2G7__P1P2	8	0.59281	0.19264	0.286746	653	3	-1.022	0.44148	0.21406	0.852715	238	0	0
KIRREL__P1P2	8	0.60432	0.20836	0.30967	654	1	-2.3221	0.14829	0.0041498	0.054509	67	0	0
NOTCH2__120611488	8	0.6077	0.21654	0.321337	655	4	-0.42252	0.87342	0.87148	1.0	615	0	0
FAM58A__P1P2	8	0.61009	0.22222	0.329261	656	2	-0.74152	0.4105	0.16659	0.73923	215	0	0
ARHGAP11B__30918117	8	0.6116	0.22337	0.329484	657	2	-1.2774	0.51737	0.30034	0.96986	300	0	0
CORO1B__67206891	8	0.61231	0.22338	0.329484	658	4	-0.23381	0.63066	0.48079	1.0	382	0	0
RPUSD4__P1P2	8	0.61232	0.22338	0.329484	659	3	-0.87742	0.70782	0.58218	1.0	441	0	0
PHYH__P1P2	8	0.61599	0.22759	0.335176	660	4	-0.2741	0.96348	0.98466	1.0	748	0	0
HIVEP1__P1P2	8	0.61714	0.22881	0.336458	661	4	-0.82976	0.49783	0.28442	0.962965	279	0	0
KRTCAP3__P1P2	8	0.62287	0.23675	0.346581	662	4	-0.34263	0.41361	0.17034	0.73923	218	0	0
ATP12A__P1P2	8	0.62353	0.23676	0.346581	663	2	-1.3715	0.60175	0.45312	1.0	353	0	0
CST1__P1P2	8	0.6297	0.24347	0.355863	664	4	-0.59539	0.85258	0.83775	1.0	591	0	0
AP3B1__P1P2	8	0.63106	0.24538	0.358115	665	4	-0.45106	0.52388	0.30998	0.991128	302	0	0
GTDC1__P1P2	8	0.63244	0.24647	0.358277	666	3	-0.62303	0.6751	0.54227	1.0	413	0	0
KMT2D__P1P2	8	0.63265	0.24647	0.358277	667	4	-0.19644	0.85087	0.83329	1.0	589	0	0
KLF5__P1P2	8	0.63287	0.24659	0.358277	668	4	-0.38127	0.008635	4.9462e-06	0.000141	12	1	5.7534
SLX1A__30205037	8	0.63469	0.24891	0.360792	669	4	-0.26891	0.98522	0.99715	1.0	799	0	0
NDUFS4__P1P2	8	0.63514	0.24907	0.360792	670	4	-0.28464	0.9367	0.95786	1.0	701	0	0
TNRC6A__P1P2	8	0.64418	0.25448	0.367703	671	3	-0.66314	0.83054	0.80775	1.0	569	0	0
TCTN2__P1P2	8	0.64487	0.25462	0.367703	672	3	-0.54912	0.79499	0.74551	1.0	534	0	0
C11orf58__P1P2	8	0.64559	0.25497	0.367703	673	2	-1.4961	0.78163	0.72499	1.0	522	0	0
NR2E3__P1P2	8	0.6499	0.25601	0.368123	674	2	-1.2068	0.50546	0.29411	0.962965	288	0	0
GDF7__P1P2	8	0.65059	0.25602	0.368123	675	2	-0.71941	0.77701	0.71732	1.0	517	0	0
BCLAF1__P1P2	8	0.65665	0.2575	0.369583	676	3	-0.67177	0.89117	0.89703	1.0	640	0	0
LRRC28__P1P2	8	0.65902	0.25781	0.369583	677	3	-0.71837	0.98036	0.99503	1.0	787	0	0
JPH3__P1P2	8	0.65966	0.25818	0.369583	678	2	-0.8314	0.7335	0.64043	1.0	469	0	0
PORCN__P2	8	0.66367	0.25964	0.371133	679	3	-0.49092	0.85427	0.84056	1.0	594	0	0
GPR89A__ENST00000313835.9	8	0.66572	0.26027	0.371285	680	2	-1.1301	0.6265	0.47608	1.0	379	0	0
PKNOX1__P1P2	9	0.66576	0.22949	0.336952	681	4	-0.43531	0.91392	0.91942	1.0	662	0	0
COG5__P1P2	8	0.66708	0.26051	0.371285	682	3	-0.66659	0.84564	0.82889	1.0	583	0	0
G3BP2__P1P2	8	0.67045	0.26249	0.373557	683	3	-0.49969	0.65643	0.52229	1.0	399	0	0
DET1__P1P2	8	0.68354	0.26691	0.379295	684	3	-0.89119	0.75622	0.67069	1.0	494	0	0
PRKCI__P1P2	8	0.68565	0.27051	0.38385	685	3	-0.49447	0.82397	0.79678	1.0	564	0	0
HCN2__P1P2	8	0.69051	0.27261	0.386262	686	3	-0.82602	0.51868	0.30365	0.977315	301	0	0
PRAMEF12__ENST00000357726.4	8	0.69807	0.27513	0.389109	687	3	-0.23394	0.77567	0.71311	1.0	515	0	0
TRIM52__P1P2	8	0.69891	0.27542	0.389109	688	3	-0.59042	0.92319	0.94369	1.0	676	0	0
FRMPD2__49481953	8	0.70386	0.27825	0.391966	689	3	-0.83806	0.90566	0.91674	1.0	654	0	0
CAP1__P1P2	8	0.704	0.27825	0.391966	690	3	-0.81967	0.23197	0.03817	0.340376	105	0	0
SCAF11__P1P2	8	0.70726	0.28073	0.394892	691	1	-2.0142	0.49647	0.28442	0.962965	278	0	0
HYDIN__71263838	8	0.70996	0.28601	0.401741	692	3	-0.74651	0.72614	0.61785	1.0	464	0	0
NEUROD1__P1P2	8	0.711	0.28682	0.402299	693	3	-0.31607	0.75837	0.67393	1.0	497	0	0
MAP3K7__P1P2	8	0.71146	0.28729	0.402371	694	2	-1.0845	0.32435	0.089155	0.541617	157	0	0
GTF2H2C__68855815	8	0.71269	0.28878	0.403881	695	2	-0.92564	0.86875	0.86448	1.0	608	0	0
ZNF43__P1	8	0.71387	0.28924	0.403936	696	3	-0.38065	0.39206	0.15111	0.723546	202	0	0
CDK4__P1P2	8	0.72342	0.29772	0.414584	697	3	-0.31078	0.47994	0.25107	0.917456	266	0	0
KCTD3__P1P2	8	0.7272	0.30138	0.418482	698	1	-1.7313	0.17377	0.012736	0.152837	79	0	0
VGLL3__P1P2	8	0.72744	0.30138	0.418482	699	2	-0.71583	0.41413	0.17034	0.73923	219	0	0
LNPEP__P1P2	8	0.72773	0.30381	0.421259	700	3	-0.85625	0.25716	0.055254	0.451317	119	0	0
USP3__P1P2	8	0.73022	0.30507	0.422399	701	3	-0.54415	0.65022	0.50437	1.0	397	0	0
TCTN1__P1P2	8	0.73181	0.30657	0.423877	702	3	-0.25899	0.38616	0.14379	0.709464	196	0	0
TRIP6__P1P2	8	0.73557	0.3094	0.427181	703	1	-1.8087	0.1447	0.0041498	0.054509	65	0	0
PTPN20A__46619211	8	0.74083	0.31268	0.430506	704	3	-0.3673	0.66919	0.53814	1.0	406	0	0
OXR1__ENST00000312046.6	8	0.74161	0.31269	0.430506	705	3	-0.3528	0.74645	0.65626	1.0	486	0	0
CXorf56__P1P2	11	0.7426	0.29642	0.413372	706	2	-1.4337	0.23174	0.01881	0.217663	104	0	0
AJUBA__P1P2	8	0.7437	0.31332	0.430754	707	1	-1.811	0.26602	0.063741	0.494888	121	0	0
YPEL3__P1P2	8	0.74645	0.31806	0.436665	708	3	-0.59916	0.51387	0.29721	0.962965	296	0	0
SMAD1__P1P2	8	0.75064	0.32167	0.440595	709	2	-1.047	0.85319	0.83869	1.0	593	0	0
ARHGAP21__P1P2	8	0.75101	0.32183	0.440595	710	2	-0.68407	0.23	0.03817	0.340376	103	0	0
CHST15__P2	8	0.75328	0.32476	0.443978	711	3	-0.19904	0.15615	0.0041498	0.054509	73	0	0
FAM3B__P1P2	8	0.75526	0.32741	0.446974	712	2	-0.95361	0.40737	0.16253	0.738205	213	0	0
ATL3__P1P2	8	0.76129	0.33291	0.453845	713	3	-0.5429	0.41206	0.1666	0.73923	216	0	0
AGO1__36348590	8	0.76207	0.33406	0.454771	714	3	-0.4832	0.76122	0.68216	1.0	499	0	0
FAM107A__P1P2	8	0.76356	0.3355	0.456099	715	3	-0.69738	0.27292	0.068282	0.494888	123	0	0
RAD21__P1P2	8	0.76496	0.33651	0.456831	716	3	-0.70451	0.63479	0.4808	1.0	386	0	0
SOS1__P1P2	8	0.76557	0.33742	0.457428	717	3	-0.17985	0.16747	0.012727	0.152837	75	0	0
TXNDC16__P1P2	8	0.7663	0.33802	0.457595	718	3	-0.26142	0.81035	0.77135	1.0	549	0	0
UBE3A__P1P2	8	0.76703	0.33854	0.457667	719	3	-0.30219	0.54211	0.33815	1.0	312	0	0
LAMC1__P1P2	8	0.77071	0.34395	0.464336	720	2	-1.0183	0.55932	0.36449	1.0	326	0	0
TMEM81__ENST00000367167.3	8	0.77184	0.34811	0.469293	721	2	-0.75529	0.24563	0.042443	0.355645	112	0	0
ACADS__P1P2	8	0.77433	0.35018	0.470151	722	2	-1.0676	0.92354	0.94401	1.0	677	0	0
BEND2__P1P2	8	0.77447	0.35018	0.470151	723	2	-0.72623	0.5973	0.44264	1.0	350	0	0
PTPN20A__46640202	8	0.77463	0.35019	0.470151	724	3	-0.21674	0.79125	0.7403	1.0	531	0	0
LHFP__P1P2	8	0.77552	0.35104	0.47063	725	3	-0.54152	0.47807	0.25107	0.917456	265	0	0
ATF7IP__P1	8	0.77783	0.35241	0.471823	726	3	-0.41397	0.40528	0.16252	0.738205	211	0	0
DOCK2__P1P2	8	0.77912	0.3538	0.472376	727	2	-0.86611	0.60359	0.45572	1.0	356	0	0
SERF1B__69320873	8	0.77961	0.35451	0.472677	728	3	-0.62199	0.83124	0.80776	1.0	570	0	0
PPM1F__P1P2	8	0.78228	0.36063	0.480183	729	2	-0.93585	0.30777	0.07677	0.514622	144	0	0
GTF2IRD2B__74508172	8	0.78383	0.36396	0.483946	730	3	-0.27298	0.22605	0.03816	0.340376	99	0	0
ZNF286B__18584835	8	0.79036	0.37367	0.493814	731	3	-0.49688	0.7732	0.71015	1.0	510	0	0
EPC1__P1P2	8	0.79104	0.37368	0.493814	732	1	-1.5794	0.2372	0.03817	0.340376	107	0	0
FNIP1__P1P2	8	0.79125	0.37368	0.493814	733	2	-0.65617	0.68962	0.55529	1.0	425	0	0
UHMK1__P1P2	8	0.79143	0.37392	0.493814	734	2	-0.47247	0.60615	0.45821	1.0	359	0	0
WNT3A__P1P2	8	0.79263	0.37577	0.495584	735	3	-0.40223	0.74245	0.64759	1.0	480	0	0
CLDN3__P1P2	8	0.79513	0.38143	0.502365	736	2	-0.48875	0.11101	0.00414	0.054509	44	0	0
FAM179B__P1P2	8	0.8017	0.39347	0.517533	737	2	-0.628	0.52774	0.31651	0.998861	305	0	0
CLK3__P2	8	0.8039	0.39684	0.519859	738	2	-0.91687	0.10203	0.00414	0.054509	36	0	0
CAPG__P1	8	0.80403	0.39685	0.519859	739	3	-0.20304	0.91106	0.92428	1.0	659	0	0
NAIP__70315936	8	0.80409	0.39685	0.519859	740	3	-0.59462	0.36926	0.12469	0.644503	185	0	0
CAPZA1__P1P2	8	0.80489	0.39808	0.520777	741	1	-1.4607	0.31373	0.081251	0.519579	150	0	0
CNR1__P1P2	8	0.80679	0.40041	0.522412	742	2	-0.4276	0.57597	0.40174	1.0	334	0	0
USP15__P1P2	8	0.80681	0.40041	0.522412	743	3	-0.27244	0.68334	0.54886	1.0	419	0	0
DHRS3__P1P2	8	0.80828	0.40533	0.528131	744	3	-0.28547	0.87193	0.86842	1.0	612	0	0
TMEM198__P1P2	8	0.80957	0.40704	0.529638	745	3	-0.19644	0.88029	0.8849	1.0	624	0	0
EVI5__P1P2	8	0.81054	0.40786	0.529997	746	1	-1.4879	0.67012	0.53815	1.0	409	0	0
INPP4A__P1P2	8	0.81135	0.40973	0.531715	747	3	-0.34458	0.701	0.56795	1.0	434	0	0
PHF6__P1P2	8	0.81211	0.41148	0.533276	748	3	-0.66489	0.7723	0.7087	1.0	509	0	0
KLHL5__P1P2	11	0.81581	0.35345	0.472376	749	4	-0.53908	0.1707	0.0064449	0.083526	77	0	0
ATP2C1__P1P2	8	0.81975	0.42768	0.552802	750	3	-0.20656	0.47149	0.24759	0.917456	260	0	0
SNAI1__P1P2	8	0.82177	0.43186	0.557456	751	3	-0.40331	0.41568	0.17035	0.73923	221	0	0
TRIM56__P1P2	8	0.82234	0.43311	0.558336	752	2	-0.79067	0.64758	0.50206	1.0	395	0	0
SRGAP2__206636520	8	0.8227	0.43404	0.558794	753	3	-0.16562	0.72078	0.60797	1.0	456	0	0
C6orf62__P1	11	0.82515	0.36752	0.488014	754	4	-0.42365	0.32844	0.064444	0.494888	162	0	0
TULP3__P2	8	0.82578	0.43828	0.563498	755	3	-0.3681	0.74446	0.65103	1.0	483	0	0
ZNF644__P1P2	8	0.82806	0.44198	0.567505	756	3	-0.14844	0.75478	0.67068	1.0	492	0	0
PTBP3__P1P2	8	0.83264	0.45582	0.584502	757	2	-0.53489	0.2141	0.033787	0.340376	92	0	0
TPI1__P1P2	8	0.83803	0.47463	0.607828	758	3	-0.50735	0.84977	0.83249	1.0	587	0	0
TM9SF3__P1P2	8	0.83906	0.47851	0.610961	759	3	-0.42312	0.49147	0.28103	0.962965	274	0	0
HIBADH__P1P2	8	0.83963	0.47852	0.610961	760	3	-0.27252	0.55324	0.35576	1.0	321	0	0
ACLY__P1P2	8	0.84009	0.48021	0.610961	761	2	-0.38963	0.095251	4.9462e-06	0.000141	34	0	0
SRSF6__P1	8	0.84035	0.48021	0.610961	762	3	-0.18789	0.61484	0.46837	1.0	363	0	0
BIVM__P1	8	0.84053	0.48022	0.610961	763	2	-0.44594	0.70186	0.56796	1.0	436	0	0
SURF2__P1P2	11	0.84862	0.41703	0.539748	764	4	-0.52723	0.58543	0.32248	1.0	346	0	0
CALU__P1P2	8	0.85026	0.50932	0.646296	765	3	-0.22713	0.33424	0.096921	0.560812	165	0	0
BCL2L13__P1P2	8	0.85134	0.51061	0.647083	766	1	-1.2261	0.066887	4.9462e-06	0.000141	23	0	0
ESYT1__P2	8	0.85274	0.51437	0.650998	767	3	-0.39159	0.35026	0.10494	0.579573	174	0	0
MBD6__P1P2	8	0.85533	0.51882	0.655778	768	2	-0.53548	0.70071	0.56795	1.0	433	0	0
BAD__P1P2	8	0.85655	0.51982	0.656188	769	2	-0.49575	0.703	0.56796	1.0	438	0	0
ATXN2L__P1P2	8	0.86335	0.52601	0.662285	770	1	-1.0896	0.39152	0.15111	0.723546	201	0	0
SLC30A3__P1P2	8	0.86371	0.52601	0.662285	771	2	-0.56052	0.19518	0.021471	0.237161	86	0	0
GPATCH8__P1P2	8	0.86875	0.53029	0.666801	772	1	-1.1605	0.31076	0.081241	0.519579	146	0	0
AMOTL1__P1P2	8	0.87152	0.53302	0.669369	773	1	-1.1261	0.50098	0.28771	0.962965	282	0	0
CCNK__P2	11	0.87344	0.48444	0.615529	774	4	-0.30844	0.67956	0.46819	1.0	417	0	0
OCIAD1__P1P2	8	0.87782	0.53875	0.675701	775	1	-1.0397	0.28716	0.072289	0.494888	132	0	0
CSNK2A1__P1P2	8	0.87951	0.54119	0.677878	776	1	-1.1575	0.34913	0.10494	0.579573	173	0	0
CACHD1__P1P2	8	0.88144	0.54197	0.677984	777	1	-1.0461	0.37475	0.12863	0.644503	189	0	0
UNC13B__P1P2	8	0.8872	0.55014	0.687321	778	1	-1.3981	0.47526	0.25106	0.917456	262	0	0
DNASE1L1__P1	8	0.89168	0.556	0.69351	779	2	-0.42448	0.71997	0.60796	1.0	454	0	0
LRRC40__P1P2	8	0.89244	0.55652	0.69351	780	2	-0.60314	0.2398	0.03817	0.340376	108	0	0
TMEM194A__P1P2	8	0.89704	0.56426	0.702249	781	2	-0.22641	0.96375	0.98518	1.0	749	0	0
TM9SF2__P1P2	8	0.89913	0.56853	0.706663	782	2	-0.37459	0.73453	0.64043	1.0	470	0	0
MED19__P1P2	8	0.90311	0.57409	0.712268	783	2	-0.34529	0.77834	0.72025	1.0	518	0	0
IFT52__P1P2	8	0.90323	0.5745	0.712268	784	1	-0.87007	0.5396	0.33507	1.0	310	0	0
TMEM229B__P1	8	0.90566	0.58061	0.718918	785	2	-0.61237	0.47432	0.24759	0.917456	261	0	0
PTPN20A__46639859	8	0.90628	0.58355	0.721637	786	1	-0.42918	0.25461	0.051218	0.421895	118	0	0
PPP1R16B__P1P2	8	0.90916	0.59016	0.728894	787	1	-0.91864	0.54377	0.34113	1.0	314	0	0
KDM5C__P1P2	8	0.91051	0.59416	0.732899	788	2	-0.31616	0.32785	0.093082	0.548397	160	0	0
TAF5L__P1P2	8	0.91136	0.59659	0.734037	789	2	-0.43231	0.14037	0.0041498	0.054509	60	0	0
IFT46__P1P2	8	0.91154	0.59659	0.734037	790	2	-0.26369	0.91076	0.92378	1.0	658	0	0
RASA2__P1P2	8	0.91205	0.59767	0.734434	791	1	-0.73997	0.31254	0.081251	0.519579	148	0	0
DEDD__P1P2	8	0.91254	0.59871	0.734449	792	1	-0.53966	0.26413	0.059488	0.481851	120	0	0
ZEB2__P1	8	0.91294	0.5992	0.734449	793	2	-0.29212	0.58714	0.4212	1.0	348	0	0
SPRR2G__P1P2	8	0.91782	0.60824	0.744593	794	2	-0.31059	0.81417	0.77512	1.0	554	0	0
DHRSX__P1P2	8	0.91949	0.61201	0.746933	795	2	-0.45833	0.24433	0.042433	0.355645	110	0	0
AES__P1P2	8	0.91975	0.61202	0.746933	796	2	-0.38232	0.3559	0.11277	0.612403	177	0	0
RNF126__P1P2	8	0.92027	0.61264	0.746933	797	2	-0.26825	0.42642	0.17818	0.743335	231	0	0
DMRT3__P1P2	8	0.92113	0.61322	0.746933	798	2	-0.22274	0.89986	0.91162	1.0	648	0	0
NPY4R__P1P2	8	0.92283	0.61723	0.750739	799	2	-0.23204	0.84206	0.82369	1.0	579	0	0
STMND1__P1P2	8	0.92341	0.61789	0.750739	800	2	-0.26865	0.21943	0.03816	0.340376	94	0	0
TMX2__P1P2	8	0.92602	0.62409	0.757329	801	2	-0.42084	0.8136	0.77392	1.0	553	0	0
NUDT15__P1P2	8	0.9267	0.62581	0.757514	802	1	-0.79862	0.82595	0.80118	1.0	565	0	0
SHCBP1__P1P2	8	0.92687	0.62581	0.757514	803	2	-0.23646	0.08766	4.9462e-06	0.000141	32	0	0
FAR1__P1P2	8	0.92799	0.62794	0.759155	804	2	-0.32961	0.47007	0.24759	0.917456	259	0	0
NDUFC1__P2	8	0.93051	0.63467	0.766111	805	2	-0.27046	0.3615	0.12082	0.6383	181	0	0
CCR6__ENST00000400926.2	8	0.93097	0.63527	0.766111	806	2	-0.47203	0.63615	0.4808	1.0	388	0	0
SERF1A__70196291	8	0.93166	0.63713	0.766464	807	1	-0.66208	0.36871	0.12469	0.644503	184	0	0
DUSP11__P1P2	8	0.93182	0.63714	0.766464	808	2	-0.45428	0.34401	0.10493	0.579573	169	0	0
FCGR1A__149755456	8	0.93511	0.65079	0.781725	809	2	-0.22342	0.35646	0.11278	0.612403	178	0	0
ZNF460__P1P2	8	0.93581	0.65144	0.781725	810	1	-0.70363	0.10728	0.00414	0.054509	40	0	0
FBXO42__P1P2	8	0.93655	0.65334	0.782405	811	1	-0.68632	0.0011711	4.9462e-06	0.000141	11	2	3.8495
LYPLA2__P1P2	8	0.94234	0.67574	0.807899	812	2	-0.25658	0.50278	0.28772	0.962965	284	0	0
PINK1__P1P2	8	0.94321	0.6778	0.809364	813	2	-0.27483	0.37146	0.1247	0.644503	187	0	0
PCGF1__P1P2	8	0.94606	0.69224	0.825596	814	1	-0.56104	0.59953	0.44794	1.0	352	0	0
BCR__P1P2	8	0.94695	0.69505	0.827931	815	2	-0.335	0.69609	0.56388	1.0	429	0	0
PCSK1N__P1P2	11	0.94886	0.65361	0.782405	816	3	-0.19666	0.75793	0.60976	1.0	496	0	0
LOC643037__P1P2	8	0.94919	0.70776	0.841011	817	2	-0.32741	0.2779	0.072289	0.494888	126	0	0
FAM98A__P1P2	8	0.95021	0.71341	0.846569	818	1	-0.58429	0.22869	0.03816	0.340376	102	0	0
RHOG__P1P2	8	0.95054	0.71593	0.846569	819	2	-0.35262	0.66981	0.53814	1.0	408	0	0
PAPPA__P1P2	8	0.9506	0.71593	0.846569	820	2	-0.19246	0.58139	0.40463	1.0	341	0	0
TRIM28__P1P2	8	0.95075	0.71593	0.846569	821	1	-0.56954	0.4016	0.15866	0.734364	209	0	0
CD8B__87088218	8	0.95201	0.7213	0.851885	822	2	-0.2589	0.76682	0.69738	1.0	504	0	0
FAM203A__ENST00000347708.4	8	0.95281	0.72396	0.85399	823	2	-0.19941	0.8665	0.86079	1.0	606	0	0
USP10__P1P2	8	0.95321	0.7263	0.855717	824	2	-0.22058	0.24949	0.042443	0.355645	116	0	0
WDR37__P1P2	8	0.9538	0.72869	0.857486	825	1	-0.58127	0.22737	0.03816	0.340376	100	0	0
MIR205HG__P2	8	0.95417	0.7308	0.858938	826	2	-0.21392	0.4345	0.19644	0.805643	237	0	0
SAP30__P1P2	8	0.95609	0.7436	0.872927	827	2	-0.25074	0.37694	0.12864	0.644503	193	0	0
MED25__P1P2	8	0.95721	0.75067	0.880156	828	2	-0.3021	0.6911	0.55739	1.0	426	0	0
SOX2__P1P2	11	0.95835	0.70341	0.836862	829	3	-0.24706	0.74283	0.58804	1.0	481	0	0
L3MBTL2__P1P2	8	0.95947	0.76788	0.897865	830	1	-0.39406	0.14181	0.0041498	0.054509	62	0	0
UBE2E3__P1P2	8	0.95979	0.76854	0.897865	831	2	-0.19971	0.68183	0.54687	1.0	418	0	0
SERTAD1__P1P2	8	0.95984	0.76854	0.897865	832	2	-0.12256	0.779	0.72173	1.0	520	0	0
HIST1H1E__P1P2	8	0.96049	0.77352	0.902522	833	2	-0.31654	0.37311	0.12863	0.644503	188	0	0
NCF1__74188108	8	0.96098	0.77534	0.902522	834	2	-0.28871	0.52903	0.31651	0.998861	307	0	0
ZIC2__P1P2	8	0.96137	0.77848	0.902522	835	1	-0.41767	0.14972	0.0041498	0.054509	69	0	0
CEP128__P1P2	8	0.96142	0.77848	0.902522	836	2	-0.18041	0.44444	0.21406	0.852715	244	0	0
PKDCC__P1P2	8	0.96147	0.77848	0.902522	837	2	-0.31869	0.67231	0.5402	1.0	411	0	0
CORIN__P1P2	8	0.96161	0.77849	0.902522	838	1	-0.2122	0.81474	0.77513	1.0	555	0	0
RNF146__P1P2	8	0.96171	0.77903	0.902522	839	1	-0.31588	0.54294	0.34113	1.0	313	0	0
PTPN20B__48826780	8	0.96286	0.78629	0.90985	840	2	-0.19127	0.75064	0.66421	1.0	489	0	0
CSPP1__P1P2	8	0.96379	0.79259	0.916051	841	2	-0.19372	0.56969	0.38758	1.0	332	0	0
KIDINS220__P1P2	8	0.96448	0.79477	0.917476	842	2	-0.21025	0.71201	0.59007	1.0	445	0	0
IL18R1__P1	8	0.96647	0.79932	0.920861	843	1	-0.30901	0.77856	0.72025	1.0	519	0	0
ARHGAP11A__32907502	8	0.96676	0.7996	0.920861	844	1	-0.44916	0.44641	0.21772	0.863756	245	0	0
PTPN14__P1P2	8	0.9684	0.80167	0.922161	845	1	-0.41297	0.30176	0.072298	0.494888	139	0	0
MED12__P1P2	8	0.97058	0.8062	0.926276	846	1	-0.28402	0.33713	0.09693	0.560812	167	0	0
TCF7L1__P1P2	8	0.97238	0.81017	0.929735	847	1	-0.38756	0.24498	0.042433	0.355645	111	0	0
RTKN2__P1P2	8	0.97295	0.81179	0.930498	848	1	-0.48459	0.57087	0.38759	1.0	333	0	0
MAZ__P1P2	8	0.97919	0.83022	0.950502	849	1	-0.35382	0.13529	0.0041498	0.054509	58	0	0
GLCE__P1P2	8	0.983	0.84539	0.966725	850	1	-0.21665	0.46293	0.24425	0.917456	252	0	0
ATM__P1P2	8	0.98328	0.84705	0.967487	851	1	-0.30186	0.30357	0.072298	0.494888	140	0	0
TICAM2__P2	8	0.98404	0.85028	0.970042	852	1	-0.28796	0.39579	0.15496	0.731166	206	0	0
DCUN1D3__P1P2	8	0.98452	0.85172	0.970539	853	1	-0.35577	0.4878	0.27479	0.962965	271	0	0
BPTF__P1P2	8	0.98486	0.85328	0.971182	854	1	-0.21742	0.62159	0.47607	1.0	371	0	0
GPRIN2__46993345	8	0.9854	0.85672	0.97396	855	1	-0.24948	0.42031	0.17415	0.73923	226	0	0
PIGB__P1P2	8	0.98593	0.86064	0.97727	856	1	-0.31336	0.10803	0.00414	0.054509	41	0	0
OCLN__68788394	8	0.98651	0.86413	0.98009	857	1	-0.23794	0.44838	0.22097	0.873104	246	0	0
SLX1B__29465621	8	0.98692	0.86736	0.982219	858	1	-0.29246	0.6184	0.46838	1.0	367	0	0
UBE2E2__P1P2	8	0.98702	0.86803	0.982219	859	1	-0.22768	0.54791	0.34727	1.0	317	0	0
MTF1__P1P2	8	0.9897	0.88171	0.99654	860	1	-0.22325	0.2482	0.042443	0.355645	115	0	0
ARHGAP12__P1P2	8	0.99006	0.88333	0.997214	861	1	-0.21929	0.43249	0.19291	0.797893	235	0	0
C11orf71__P1P2	8	0.99053	0.88601	0.999069	862	1	-0.13868	0.41928	0.17415	0.73923	224	0	0
RFWD2__P1P2	8	0.99126	0.89246	1.0	863	1	-0.12884	0.70272	0.56796	1.0	437	0	0
PDLIM7__P1	8	0.99135	0.89318	1.0	864	1	-0.17589	0.62963	0.47847	1.0	381	0	0
NBPF14__148025047	8	0.99137	0.89318	1.0	865	1	-0.1194	0.74496	0.65295	1.0	484	0	0
AHR__P1P2	11	0.99149	0.88734	0.999415	866	1	-0.23776	0.68793	0.48728	1.0	424	0	0
TCF3__P1P2	8	0.99239	0.90232	1.0	867	1	-0.23114	0.37858	0.13668	0.67786	194	0	0
ZSCAN10__P1P2	8	0.9926	0.90359	1.0	868	1	-0.14391	0.46436	0.24425	0.917456	253	0	0
STRADA__P1P2	8	0.99299	0.90786	1.0	869	1	-0.20991	0.36038	0.12082	0.6383	180	0	0
C11orf73__P1P2	8	0.99301	0.90786	1.0	870	1	-0.20348	0.41465	0.17034	0.73923	220	0	0
ZDHHC17__P1P2	8	0.99353	0.91378	1.0	871	1	-0.2299	0.29206	0.072298	0.494888	135	0	0
MAP4K3__P1P2	8	0.9941	0.91979	1.0	872	1	-0.15677	0.35478	0.109	0.598571	176	0	0
NAIP__70319713	8	0.99414	0.92	1.0	873	1	-0.058607	0.5569	0.36168	1.0	324	0	0
EVX2__P1P2	11	0.9944	0.92313	1.0	874	1	-0.21146	0.39553	0.10276	0.579573	205	0	0
EIF4B__P1P2	8	0.99443	0.92196	1.0	875	1	-0.11195	0.14109	0.0041498	0.054509	61	0	0
HRAS__P1	8	0.99453	0.92267	1.0	876	1	-0.14368	0.082314	4.9462e-06	0.000141	29	0	0
MAU2__P1P2	8	0.99457	0.92297	1.0	877	1	-0.16298	0.071538	4.9462e-06	0.000141	25	0	0
ISOC2__P1	8	0.99458	0.92297	1.0	878	1	-0.2142	0.63204	0.48079	1.0	384	0	0
PEX7__P1P2	8	0.99464	0.92298	1.0	879	1	-0.17287	0.52689	0.31342	0.998818	304	0	0
PICALM__P1P2	8	0.99491	0.92825	1.0	880	1	-0.084318	0.10128	0.00414	0.054509	35	0	0
ING5__P1P2	8	0.99504	0.92991	1.0	881	1	-0.17736	0.24756	0.042443	0.355645	114	0	0
RBM15__110881839	8	0.99513	0.93194	1.0	882	1	-0.17686	0.058305	4.9462e-06	0.000141	20	0	0
PMAIP1__57567020	8	0.9954	0.93593	1.0	883	1	-0.061867	1.3922e-09	4.9462e-06	0.000141	8	4	5.8587
IFT57__P1P2	8	0.99564	0.93864	1.0	884	1	-0.021421	0.61016	0.46578	1.0	360	0	0
SND1__P1P2	8	0.99567	0.93948	1.0	885	1	-0.16468	0.11473	0.00414	0.054509	45	0	0
CDK10__P1P2	8	0.99588	0.94254	1.0	886	1	-0.13566	0.60469	0.45572	1.0	357	0	0
KLLN__P1P2	8	0.9964	0.95124	1.0	887	0	-0.16535	0.24627	0.042443	0.355645	113	0	0
IFT172__P1P2	8	0.99642	0.95125	1.0	888	0	-0.14982	0.34172	0.10493	0.579573	168	0	0
MED13__P1P2	8	0.99675	0.95815	1.0	889	0	-0.06164	0.22076	0.03816	0.340376	95	0	0
NF2__29999349	8	0.99709	0.96256	1.0	890	0	-0.076488	7.1928e-10	4.9462e-06	0.000141	7	5	4.5383
PATL1__P1P2	8	0.99724	0.96623	1.0	891	0	-0.038173	0.31788	0.089145	0.541617	152	0	0
ARID1A__P1P2	8	0.99741	0.96954	1.0	892	0	-0.11153	0.22142	0.03816	0.340376	96	0	0
LNP1__P1P2	8	0.99747	0.97043	1.0	893	0	-0.1585	0.30537	0.07676	0.514622	142	0	0
NSG1__NM_001040101_NM_014392	8	0.99756	0.97202	1.0	894	0	-0.03572	0.54419	0.34114	1.0	315	0	0
ZSCAN18__P2	8	0.99768	0.97435	1.0	895	0	0	0.84107	0.82279	1.0	577	0	0
FAM72A__ENST00000367128.3	8	0.99779	0.97599	1.0	896	0	0	0.42795	0.17819	0.743335	233	0	0
ATP1A1__P1P2	8	0.9979	0.97722	1.0	897	0	0	0.46675	0.24758	0.917456	256	0	0
FAM122A__P1P2	8	0.99839	0.98506	1.0	898	0	0	2.5778e-10	4.9462e-06	0.000141	6	5	4.7227
KIAA1429__P1P2	8	0.99842	0.98568	1.0	899	0	0	0.17656	0.012736	0.152837	81	0	0
C17orf49__P2	8	0.99866	0.98805	1.0	900	0	0	0.44296	0.21406	0.852715	241	0	0
CCNC__P1P2	8	0.99874	0.98903	1.0	901	0	0	0.077709	4.9462e-06	0.000141	28	0	0
ZNF121__P1P2	8	0.99898	0.99236	1.0	902	0	0	0.51431	0.29721	0.962965	297	0	0
TMED2__P1P2	8	0.99929	0.99518	1.0	903	0	0	0.18143	0.017198	0.201402	83	0	0
SENP2__P1P2	8	0.9993	0.99538	1.0	904	0	0	0.50813	0.29412	0.962965	290	0	0
B3GAT3__P1P2	8	0.99937	0.99593	1.0	905	0	0	0.11695	0.00414	0.054509	46	0	0
TADA2B__P1P2	8	0.99939	0.9961	1.0	906	0	0	0.044908	4.9462e-06	0.000141	15	1	4.0305
FAM222B__P1	11	0.99941	0.97742	1.0	907	1	-0.10007	0.6221	0.37816	1.0	372	0	0
ZBTB7B__P1P2	8	0.99951	0.99712	1.0	908	0	0	0.30956	0.081241	0.519579	145	0	0
TTC3__P1P2	8	0.99953	0.99719	1.0	909	0	0	0.17028	0.012727	0.152837	76	0	0
ZNF608__P2	8	0.99953	0.9972	1.0	910	0	0	0.54085	0.33508	1.0	311	0	0
GPR137__P1	8	0.99959	0.99753	1.0	911	0	0	0.31314	0.081251	0.519579	149	0	0
PLCG1__P1P2	8	0.99961	0.99767	1.0	912	0	0	0.15473	0.0041498	0.054509	71	0	0
GTF2IRD2__74267046	8	0.99962	0.99777	1.0	913	0	0	0.22209	0.03816	0.340376	97	0	0
SLC4A1AP__P1P2	8	0.99962	0.99788	1.0	914	0	0	0.128	0.00414	0.054509	52	0	0
MED13L__P1P2	8	0.99967	0.99831	1.0	915	0	0	0.30417	0.072298	0.494888	141	0	0
KDM3A__P1P2	8	0.99975	0.99877	1.0	916	0	0	0.49511	0.28441	0.962965	277	0	0
ZC3H7B__P1P2	8	0.99978	0.99889	1.0	917	0	0	0.4776	0.25107	0.917456	264	0	0
SKP2__P1P2	8	0.9998	0.99908	1.0	918	0	0	0.50188	0.28771	0.962965	283	0	0
IBTK__P1	8	0.99984	0.99937	1.0	919	0	0	0.32317	0.089155	0.541617	156	0	0
ELOVL6__P1P2	8	0.99984	0.99938	1.0	920	0	0	0.28962	0.072289	0.494888	133	0	0
KAT7__P1P2	8	0.99988	0.99957	1.0	921	0	0	0.31432	0.081251	0.519579	151	0	0
GTF2I__74071821	8	0.9999	0.99965	1.0	922	0	0	0.10877	0.00414	0.054509	42	0	0
EYA3__P1P2	8	0.9999	0.99967	1.0	923	0	0	0.29145	0.072298	0.494888	134	0	0
SHC1__P2	8	0.99991	0.99971	1.0	924	0	0	0.32141	0.089145	0.541617	155	0	0
FAM64A__P1P2	8	0.99991	0.99972	1.0	925	0	0	0.38884	0.14751	0.713332	199	0	0
MED16__P1P2	8	0.99993	0.99983	1.0	926	0	0	0.3665	0.12083	0.6383	183	0	0
FAM60A__P1P2	8	0.99993	0.99986	1.0	927	0	0	0.22407	0.03816	0.340376	98	0	0
CREBBP__P1P2	8	0.99993	0.99986	1.0	928	0	0	0.22803	0.03816	0.340376	101	0	0
PAN3__P1P2	8	0.99994	0.9999	1.0	929	0	0	0.11027	0.00414	0.054509	43	0	0
ZNRF3__P1P2	8	0.99995	0.99993	1.0	930	0	0	0.50501	0.29411	0.962965	287	0	0
MARCKS__P1P2	8	0.99996	0.99993	1.0	931	0	0	0.21209	0.033778	0.340376	91	0	0
ZNF90__P1P2	8	0.99996	0.99994	1.0	932	0	0	0.50857	0.29412	0.962965	291	0	0
MED24__P1P2	8	0.99996	0.99995	1.0	933	0	0	0.32844	0.093082	0.548397	161	0	0
CYP51A1__P1P2	8	0.99997	0.99999	1.0	934	0	0	0.33308	0.093092	0.548397	164	0	0
CUL3__P1P2	8	0.99997	0.99999	1.0	935	0	0	0.044115	4.9462e-06	0.000141	14	1	3.9325
VEZF1__P1P2	8	0.99997	0.99999	1.0	936	0	0	0.52431	0.30998	0.991128	303	0	0
SUPT7L__P1P2	8	0.99997	0.99999	1.0	937	0	0	0.37091	0.1247	0.644503	186	0	0
USP22__P1P2	8	0.99998	0.99999	1.0	938	0	0	0.12286	0.00414	0.054509	49	0	0
UBE2R2__P1P2	8	0.99998	0.99999	1.0	939	0	0	0.23589	0.03817	0.340376	106	0	0
CCNE1__P1P2	8	0.99998	1.0	1.0	940	0	0	0.17587	0.012736	0.152837	80	0	0
KDM4A__P1P2	8	0.99998	1.0	1.0	941	0	0	0.41258	0.1666	0.73923	217	0	0
SALL2__P1P2	8	0.99999	1.0	1.0	942	0	0	0.45763	0.23421	0.914253	249	0	0
MED23__P1P2	8	0.99999	1.0	1.0	943	0	0	0.3753	0.12864	0.644503	190	0	0
ZNF787__P1P2	8	0.99999	1.0	1.0	944	0	0	0.14901	0.0041498	0.054509	68	0	0
INPPL1__P1P2	8	0.99999	1.0	1.0	945	0	0	0.3261	0.089155	0.541617	159	0	0
BTBD9__P1P2	8	0.99999	1.0	1.0	946	0	0	0.42337	0.17416	0.73923	229	0	0
PIGL__P1P2	8	0.99999	1.0	1.0	947	0	0	0.13457	0.0041498	0.054509	57	0	0
ZNF532__P1	8	0.99999	1.0	1.0	948	0	0	0.21877	0.03816	0.340376	93	0	0
GMPR2__P1P2	8	1.0	1.0	1.0	949	0	0	0.14253	0.0041498	0.054509	63	0	0
SPRY4__P1P2	8	1.0	1.0	1.0	950	0	0	0.14685	0.0041498	0.054509	66	0	0
TRIP12__P1P2	8	1.0	1.0	1.0	951	0	0	0.055953	4.9462e-06	0.000141	18	0	0
B4GALT7__P1P2	8	1.0	1.0	1.0	952	0	0	0.11991	0.00414	0.054509	47	0	0
NIPBL__P1P2	8	1.0	1.0	1.0	953	0	0	0.10653	0.00414	0.054509	39	0	0
EXT1__P1P2	8	1.0	1.0	1.0	954	0	0	0.13019	0.0041498	0.054509	54	0	0
SUFU__104263513	8	1.0	1.0	1.0	955	0	0	0.14398	0.0041498	0.054509	64	0	0
CDK2__P1P2	8	1.0	1.0	1.0	956	0	0	0.15401	0.0041498	0.054509	70	0	0
PAN2__P1P2	8	1.0	1.0	1.0	957	0	0	0.17796	0.017188	0.201402	82	0	0
UBE2M__P1P2	8	1.0	1.0	1.0	958	0	0	0.049655	4.9462e-06	0.000141	17	1	3.6821
SOX4__P1	8	1.0	1.0	1.0	959	0	0	0.15686	0.0041498	0.054509	74	0	0
CCDC6__P1P2	8	1.0	1.0	1.0	960	0	0	8.3093e-16	4.9462e-06	0.000141	4	7	4.8357
SUPT20H__P1P2	8	1.0	1.0	1.0	961	0	0	1.4662e-05	4.9462e-06	0.000141	10	3	4.0295
KCTD10__P1P2	8	1.0	1.0	1.0	962	0	0	0.13092	0.0041498	0.054509	55	0	0
SMARCC1__P1P2	8	1.0	1.0	1.0	963	0	0	0.062215	4.9462e-06	0.000141	21	0	0
CTNND1__P1P2	8	1.0	1.0	1.0	964	0	0	0.17308	0.012736	0.152837	78	0	0
SGK223__P1P2	8	1.0	1.0	1.0	965	0	0	0.10279	0.00414	0.054509	37	0	0
CSDE1__P1P2	8	1.0	1.0	1.0	966	0	0	1.4841e-12	4.9462e-06	0.000141	5	6	4.649
BAK1__33547269	8	1.0	1.0	1.0	967	0	0	0.074628	4.9462e-06	0.000141	27	0	0
TGFBR2__P1P2	8	1.0	1.0	1.0	968	0	0	0.06999	4.9462e-06	0.000141	24	0	0
TP53__P1P2	8	1.0	1.0	1.0	969	0	0	4.8826e-22	4.9462e-06	0.000141	1	8	6.3334
USP28__P1P2	8	1.0	1.0	1.0	970	0	0	2.5799e-20	4.9462e-06	0.000141	2	8	5.4026
TP53BP1__P1	8	1.0	1.0	1.0	971	0	0	3.3312e-19	4.9462e-06	0.000141	3	8	4.4877
