id	num	neg|score	neg|p-value	neg|fdr	neg|rank	neg|goodsgrna	neg|lfc	pos|score	pos|p-value	pos|fdr	pos|rank	pos|goodsgrna	pos|lfc
MYSM1__P1P2	8	3.6669e-12	4.9462e-06	3.8e-05	1	8	-3.8835	1.0	1.0	1.0	971	0	0
UBE2C__P1P2	8	5.017e-10	4.9462e-06	3.8e-05	2	8	-2.8445	0.99956	1.0	1.0	929	0	0
NABP2__P1	8	9.0589e-10	4.9462e-06	3.8e-05	3	8	-2.7924	0.99882	0.99996	1.0	920	0	0
CEP63__P1P2	8	1.2018e-09	4.9462e-06	3.8e-05	4	8	-3.0493	0.99998	1.0	1.0	956	0	0
MLF1IP__P1P2	8	1.9013e-09	4.9462e-06	3.8e-05	5	8	-2.4991	1.0	1.0	1.0	970	0	0
ANAPC13__P1P2	8	4.8705e-09	4.9462e-06	3.8e-05	6	8	-3.2293	1.0	1.0	1.0	969	0	0
RPS14__P1P2	8	8.7761e-09	4.9462e-06	3.8e-05	7	8	-2.0129	0.9999	1.0	1.0	951	0	0
RPL9__P1P2	8	1.0793e-08	4.9462e-06	3.8e-05	8	8	-2.291	0.99998	1.0	1.0	955	0	0
NDUFS8__P1P2	8	1.5451e-08	4.9462e-06	3.8e-05	9	7	-2.2451	0.55242	0.47293	1.0	384	0	0
AUNIP__P1P2	8	2.5043e-08	4.9462e-06	3.8e-05	10	8	-2.1906	0.99631	0.99964	1.0	895	0	0
PPM1G__P1	8	2.5632e-08	4.9462e-06	3.8e-05	11	8	-1.9313	1.0	1.0	1.0	968	0	0
RPL34__P1P2	8	4.0191e-08	4.9462e-06	3.8e-05	12	8	-1.6015	0.99941	1.0	1.0	924	0	0
SEC62__P1P2	8	6.9339e-08	4.9462e-06	3.8e-05	13	8	-1.4927	1.0	1.0	1.0	967	0	0
MINOS1-NBL1__P1P2	8	1.0262e-07	4.9462e-06	3.8e-05	14	8	-0.98715	1.0	1.0	1.0	966	0	0
PDS5B__P1P2	8	1.3483e-07	4.9462e-06	3.8e-05	15	8	-1.0735	1.0	1.0	1.0	965	0	0
CENPF__P1P2	8	1.7082e-07	4.9462e-06	3.8e-05	16	8	-2.6866	0.99999	1.0	1.0	959	0	0
MMAB__P1P2	8	2.2218e-07	4.9462e-06	3.8e-05	17	8	-2.5146	1.0	1.0	1.0	961	0	0
BUB1__P1P2	8	2.2605e-07	4.9462e-06	3.8e-05	18	8	-2.604	0.99999	1.0	1.0	957	0	0
C7orf26__P1P2	8	2.7952e-07	4.9462e-06	3.8e-05	19	8	-2.2529	1.0	1.0	1.0	964	0	0
RNF8__P1P2	8	3.211e-07	4.9462e-06	3.8e-05	20	8	-1.848	0.99992	1.0	1.0	952	0	0
DROSHA__31531421	8	4.9693e-07	4.9462e-06	3.8e-05	21	7	-2.3314	0.13311	4.9462e-06	5.4e-05	59	0	0
TUBA1C__P1P2	8	6.4528e-07	4.9462e-06	3.8e-05	22	8	-0.99769	1.0	1.0	1.0	963	0	0
HUS1__P1P2	8	8.6818e-07	4.9462e-06	3.8e-05	23	7	-2.1945	0.76751	0.75869	1.0	591	0	0
TRIP13__P1P2	8	9.5051e-07	4.9462e-06	3.8e-05	24	5	-1.7708	0.87808	0.8937	1.0	707	0	0
PALB2__P1P2	8	9.5456e-07	4.9462e-06	3.8e-05	25	7	-1.5023	0.9045	0.92395	1.0	739	0	0
SAE1__P1P2	8	1.0574e-06	4.9462e-06	3.8e-05	26	7	-2.4269	0.80919	0.81009	1.0	627	0	0
KIAA0020__P1	8	1.095e-06	4.9462e-06	3.8e-05	27	8	-1.6379	0.99717	0.9998	1.0	905	0	0
MAD2L1BP__P1P2	8	1.3593e-06	4.9462e-06	3.8e-05	28	7	-2.1664	0.9474	0.96817	1.0	793	0	0
KIF18B__P1P2	8	1.4775e-06	4.9462e-06	3.8e-05	29	8	-1.1412	1.0	1.0	1.0	962	0	0
PIGY__P1P2	8	1.5267e-06	4.9462e-06	3.8e-05	30	8	-1.113	0.99999	1.0	1.0	958	0	0
BTAF1__P1P2	8	1.5513e-06	4.9462e-06	3.8e-05	31	7	-1.651	0.99461	0.99931	1.0	881	0	0
SNRPB2__P1P2	8	1.6167e-06	4.9462e-06	3.8e-05	32	7	-1.9184	0.97682	0.99054	1.0	839	0	0
PMVK__P1P2	8	1.6622e-06	4.9462e-06	3.8e-05	33	7	-2.0652	0.60761	0.55224	1.0	433	0	0
RAD9A__P1P2	8	2.4839e-06	4.9462e-06	3.8e-05	34	6	-2.0486	0.87097	0.88714	1.0	698	0	0
METTL15__P2	8	3.6644e-06	4.9462e-06	3.8e-05	35	7	-2.2775	0.99071	0.99762	1.0	865	0	0
CYLD__P1P2	8	3.7209e-06	4.9462e-06	3.8e-05	36	8	-1.0365	0.99987	1.0	1.0	948	0	0
RPL36A__P1P2	8	3.7258e-06	4.9462e-06	3.8e-05	37	8	-1.7201	0.99985	1.0	1.0	943	0	0
WDR7__P1P2	8	4.1444e-06	4.9462e-06	3.8e-05	38	8	-0.73491	1.0	1.0	1.0	960	0	0
ATP6AP1__P1P2	8	4.2506e-06	4.9462e-06	3.8e-05	39	7	-1.7021	0.994	0.99907	1.0	876	0	0
MDM2__P1P2	8	4.3752e-06	4.9462e-06	3.8e-05	40	7	-1.671	0.95386	0.97523	1.0	798	0	0
MDM4__P1P2	8	8.419e-06	4.9462e-06	3.8e-05	41	7	-1.301	0.99191	0.99817	1.0	869	0	0
DCPS__P1P2	8	8.6844e-06	4.9462e-06	3.8e-05	42	7	-1.9425	0.7335	0.71437	1.0	559	0	0
DCP2__P1P2	8	9.0635e-06	4.9462e-06	3.8e-05	43	8	-1.1648	0.9966	0.99971	1.0	900	0	0
MKI67__P1P2	8	1.303e-05	4.9462e-06	3.8e-05	44	7	-0.94187	0.76356	0.75227	1.0	585	0	0
DDRGK1__P1P2	8	1.3396e-05	4.9462e-06	3.8e-05	45	7	-1.081	0.89548	0.91404	1.0	730	0	0
AK2__P1P2	8	1.4422e-05	4.9462e-06	3.8e-05	46	8	-0.57104	0.99985	1.0	1.0	944	0	0
U2SURP__P1P2	8	1.6971e-05	4.9462e-06	3.8e-05	47	8	-1.1175	0.99971	1.0	1.0	937	0	0
RPS13__P1P2	8	1.7575e-05	4.9462e-06	3.8e-05	48	7	-1.323	0.99536	0.99937	1.0	885	0	0
BMS1__P1P2	8	1.7686e-05	4.9462e-06	3.8e-05	49	7	-1.6201	0.66477	0.63532	1.0	482	0	0
DUSP12__P1P2	8	1.7798e-05	4.9462e-06	3.8e-05	50	8	-1.8278	0.99984	1.0	1.0	941	0	0
MUT__P1P2	11	2.1251e-05	4.9462e-06	3.8e-05	51	9	-0.99135	0.80556	0.78359	1.0	623	0	0
ORC5__P1P2	8	2.3607e-05	4.9462e-06	3.8e-05	52	8	-2.0464	0.99679	0.99975	1.0	902	0	0
UBE2S__P1P2	8	2.5748e-05	4.9462e-06	3.8e-05	53	8	-0.79209	0.99997	1.0	1.0	954	0	0
HMGCS1__P1P2	8	2.7895e-05	4.9462e-06	3.8e-05	54	7	-1.6085	0.86306	0.88116	1.0	689	0	0
DICER1__P1P2	8	3.0972e-05	4.9462e-06	3.8e-05	55	7	-1.2803	0.97614	0.99002	1.0	836	0	0
ZAR1L__P1P2	8	3.2728e-05	4.9462e-06	3.8e-05	56	6	-2.19	0.91534	0.93491	1.0	750	0	0
POLR1B__P1P2	8	3.468e-05	4.9462e-06	3.8e-05	57	8	-1.8347	0.9997	1.0	1.0	936	0	0
FNBP4__P1P2	8	3.668e-05	4.9462e-06	3.8e-05	58	8	-1.185	0.9999	1.0	1.0	950	0	0
COL4A3BP__P1P2	8	3.7339e-05	4.9462e-06	3.8e-05	59	8	-0.6412	0.99996	1.0	1.0	953	0	0
NRF1__P1P2	8	3.939e-05	4.9462e-06	3.8e-05	60	5	-1.3837	0.39099	0.22256	0.832082	257	0	0
DNMT1__P1P2	8	3.9844e-05	4.9462e-06	3.8e-05	61	4	-1.6592	0.90545	0.92492	1.0	741	0	0
CHEK1__P1P2	8	4.401e-05	4.9462e-06	3.8e-05	62	7	-1.7099	0.98993	0.99724	1.0	860	0	0
PPP2R5C__P1P2	8	5.0501e-05	4.9462e-06	3.8e-05	63	7	-0.85346	0.99253	0.99845	1.0	872	0	0
POLE4__P1P2	8	5.1581e-05	4.9462e-06	3.8e-05	64	8	-0.88809	0.99839	0.99993	1.0	918	0	0
RRNAD1__P1P2	8	5.4166e-05	4.9462e-06	3.8e-05	65	7	-0.8735	0.98655	0.9958	1.0	855	0	0
NDUFAF6__P1P2	8	5.5725e-05	4.9462e-06	3.8e-05	66	7	-1.1876	0.70641	0.68711	1.0	526	0	0
PHF8__P1P2	11	6.0047e-05	4.9462e-06	3.8e-05	67	9	-0.78936	0.80861	0.78615	1.0	626	0	0
ANLN__P1P2	8	6.9539e-05	4.9462e-06	3.8e-05	68	7	-1.0597	0.41309	0.24711	0.866702	275	0	0
INO80C__P1P2	8	8.3978e-05	4.9462e-06	3.8e-05	69	7	-0.67492	0.95403	0.97524	1.0	800	0	0
CDC26__P1P2	8	9.1484e-05	4.9462e-06	3.8e-05	70	7	-1.4359	0.81511	0.81643	1.0	636	0	0
WDR48__P1P2	8	9.4531e-05	4.9462e-06	3.8e-05	71	7	-1.3632	0.40528	0.23998	0.858365	265	0	0
RAD1__P1P2	8	9.6145e-05	4.9462e-06	3.8e-05	72	7	-0.80378	0.93873	0.96016	1.0	780	0	0
SMN2__69345238	8	0.00010645	4.9462e-06	3.8e-05	73	5	-1.4621	0.68304	0.66444	1.0	505	0	0
KAT2A__P1P2	8	0.00010858	4.9462e-06	3.8e-05	74	7	-1.4157	0.81606	0.8173	1.0	637	0	0
PARL__P1P2	8	0.00010867	4.9462e-06	3.8e-05	75	8	-0.65015	0.99947	1.0	1.0	926	0	0
SNAI1__P1P2	8	0.00011934	4.9462e-06	3.8e-05	76	7	-0.39327	0.99459	0.99931	1.0	880	0	0
SPTLC2__P1P2	8	0.00012101	4.9462e-06	3.8e-05	77	8	-0.79438	0.99988	1.0	1.0	949	0	0
AATF__P1P2	8	0.00012293	4.9462e-06	3.8e-05	78	7	-1.0447	0.84189	0.84713	1.0	666	0	0
CMC1__P1P2	8	0.00013089	4.9462e-06	3.8e-05	79	8	-0.60518	0.99973	1.0	1.0	938	0	0
GTF3C4__P1P2	8	0.00013188	4.9462e-06	3.8e-05	80	6	-1.2383	0.8817	0.89786	1.0	712	0	0
C1D__P1P2	8	0.00013975	4.9462e-06	3.8e-05	81	8	-0.70867	0.99986	1.0	1.0	947	0	0
HES1__P1P2	8	0.00014545	4.9462e-06	3.8e-05	82	8	-0.47851	0.99985	1.0	1.0	946	0	0
ACAT2__P1P2	8	0.00014618	4.9462e-06	3.8e-05	83	8	-1.2482	0.99985	1.0	1.0	945	0	0
IPO7__P1P2	8	0.00015049	4.9462e-06	3.8e-05	84	7	-1.4385	0.99074	0.99763	1.0	866	0	0
MDC1__P1P2	8	0.00015179	4.9462e-06	3.8e-05	85	8	-0.81619	0.99945	1.0	1.0	925	0	0
WDR70__P1P2	8	0.00015633	4.9462e-06	3.8e-05	86	7	-1.325	0.70754	0.68874	1.0	529	0	0
ACTR8__P1P2	8	0.00015707	4.9462e-06	3.8e-05	87	8	-1.5399	0.99984	1.0	1.0	942	0	0
WDR89__P1P2	8	0.00016043	4.9462e-06	3.8e-05	88	8	-1.4659	0.99892	0.99996	1.0	921	0	0
MCTS1__P1P2	8	0.00016316	4.9462e-06	3.8e-05	89	6	-0.94242	0.68992	0.66445	1.0	511	0	0
STAG2__P1	8	0.00016664	4.9462e-06	3.8e-05	90	7	-0.77101	0.88744	0.90303	1.0	723	0	0
DDX10__P1P2	8	0.00016843	4.9462e-06	3.8e-05	91	5	-1.365	0.63615	0.58977	1.0	461	0	0
ILK__P1P2	8	0.00016984	4.9462e-06	3.8e-05	92	7	-1.218	0.98314	0.99418	1.0	851	0	0
ZWILCH__P1P2	8	0.00017089	4.9462e-06	3.8e-05	93	7	-0.93036	0.52903	0.4349	1.0	364	0	0
AGPS__P1P2	8	0.00018814	4.9462e-06	3.8e-05	94	8	-0.50071	0.99981	1.0	1.0	940	0	0
SLC25A33__P1P2	8	0.00019112	4.9462e-06	3.8e-05	95	7	-0.52818	0.97472	0.98942	1.0	834	0	0
CHERP__P1P2	8	0.00019572	4.9462e-06	3.8e-05	96	6	-1.5254	0.94464	0.96517	1.0	788	0	0
KIF22__P1	8	0.00019587	4.9462e-06	3.8e-05	97	7	-0.59811	0.47947	0.36028	1.0	328	0	0
PRKDC__P1P2	8	0.00020985	4.9462e-06	3.8e-05	98	7	-0.78737	0.81246	0.81452	1.0	631	0	0
PPP1CB__P1P2	8	0.00022644	4.9462e-06	3.8e-05	99	6	-0.9283	0.84898	0.86057	1.0	674	0	0
SPECC1L__P1P2	8	0.00024065	4.9462e-06	3.8e-05	100	7	-0.49341	0.51649	0.41079	1.0	356	0	0
ZFC3H1__P1P2	8	0.00024426	4.9462e-06	3.8e-05	101	8	-0.6914	0.99911	0.99999	1.0	923	0	0
HSPA13__P1P2	8	0.00025119	4.9462e-06	3.8e-05	102	8	-0.63452	0.99975	1.0	1.0	939	0	0
FECH__P1P2	8	0.00025182	4.9462e-06	3.8e-05	103	6	-1.2076	0.97213	0.98804	1.0	830	0	0
SMARCAL1__P1P2	8	0.00025839	4.9462e-06	3.8e-05	104	7	-0.81094	0.87069	0.88713	1.0	697	0	0
TMEM68__P1P2	8	0.00026767	4.9462e-06	3.8e-05	105	7	-0.81608	0.61412	0.55849	1.0	441	0	0
DGCR8__P1P2	8	0.00026793	4.9462e-06	3.8e-05	106	8	-1.1643	0.99771	0.99984	1.0	911	0	0
CABIN1__P1P2	8	0.00027562	4.9462e-06	3.8e-05	107	7	-0.63685	0.72958	0.70964	1.0	556	0	0
LEO1__P1P2	8	0.00028595	4.9462e-06	3.8e-05	108	7	-0.82592	0.96001	0.98051	1.0	810	0	0
NEK2__P1P2	8	0.00028814	4.9462e-06	3.8e-05	109	7	-0.68034	0.73246	0.71295	1.0	557	0	0
SPAG9__P1P2	8	0.00030193	4.9462e-06	3.8e-05	110	8	-0.45758	0.9997	1.0	1.0	935	0	0
ATF6__P1P2	8	0.00032025	4.9462e-06	3.8e-05	111	8	-0.49997	0.99968	1.0	1.0	934	0	0
ANKRD49__P1P2	8	0.00033877	4.9462e-06	3.8e-05	112	8	-1.0661	0.99966	1.0	1.0	933	0	0
MRRF__P1P2	8	0.00034603	4.9462e-06	3.8e-05	113	8	-0.94871	0.99961	1.0	1.0	931	0	0
USP1__P1P2	8	0.00037118	4.9462e-06	3.8e-05	114	8	-0.58196	0.99963	1.0	1.0	932	0	0
UBA5__P1P2	8	0.00037282	4.9462e-06	3.8e-05	115	8	-0.74677	0.99652	0.99967	1.0	898	0	0
OBFC1__P1P2	8	0.0003835	4.9462e-06	3.8e-05	116	6	-1.5631	0.23328	0.042611	0.31617	126	0	0
NSMCE4A__P1P2	8	0.00039572	4.9462e-06	3.8e-05	117	8	-0.91786	0.9996	1.0	1.0	930	0	0
BCKDHA__P1	8	0.00040813	4.9462e-06	3.8e-05	118	6	-1.4963	0.92926	0.95139	1.0	765	0	0
ANKRA2__P1P2	8	0.00041446	4.9462e-06	3.8e-05	119	7	-1.0742	0.90052	0.92108	1.0	735	0	0
UBE2G2__P1P2	8	0.00043372	4.9462e-06	3.8e-05	120	7	-0.6351	0.81112	0.8123	1.0	629	0	0
EHBP1__P1P2	8	0.00044204	4.9462e-06	3.8e-05	121	8	-0.40047	0.99955	1.0	1.0	927	0	0
ESRP1__P1P2	8	0.00044713	4.9462e-06	3.8e-05	122	8	-0.67642	0.99955	1.0	1.0	928	0	0
RBM34__P1P2	8	0.00045741	4.9462e-06	3.8e-05	123	6	-0.88865	0.62755	0.57898	1.0	453	0	0
ERC1__P1P2	8	0.00048181	4.9462e-06	3.8e-05	124	7	-0.51229	0.97009	0.98671	1.0	825	0	0
CPNE1__P1P2	8	0.00055218	4.9462e-06	3.8e-05	125	8	-0.88478	0.99729	0.9998	1.0	906	0	0
PPME1__P1P2	8	0.00056636	4.9462e-06	3.8e-05	126	7	-1.0699	0.75932	0.74719	1.0	581	0	0
LIAS__P1P2	8	0.00057947	4.9462e-06	3.8e-05	127	8	-1.1706	0.99808	0.9999	1.0	914	0	0
NCSTN__P1P2	8	0.00075858	1.4839e-05	0.00011	128	8	-0.63988	0.99675	0.99975	1.0	901	0	0
ZRSR2__P1P2	8	0.00079833	1.4839e-05	0.00011	129	6	-1.4193	0.89831	0.91893	1.0	734	0	0
H2AFZ__P1P2	8	0.00083001	1.4839e-05	0.00011	130	7	-0.65579	0.47667	0.35079	1.0	326	0	0
CCDC12__P1	8	0.00087503	1.4839e-05	0.00011	131	7	-1.1255	0.93573	0.95778	1.0	775	0	0
LIMS1__P1P2	8	0.00095442	2.4731e-05	0.000182	132	8	-0.70748	0.99749	0.99982	1.0	909	0	0
NUTF2__P1P2	8	0.0010357	3.4623e-05	0.000253	133	6	-1.1211	0.60064	0.53764	1.0	425	0	0
CDK2__P1P2	8	0.0010641	4.4516e-05	0.000318	134	8	-0.27687	0.99894	0.99996	1.0	922	0	0
PPP2CA__P1P2	8	0.0010643	4.4516e-05	0.000318	135	6	-1.2296	0.74245	0.72309	1.0	571	0	0
RNF168__P1P2	8	0.0011328	4.4516e-05	0.000318	136	7	-0.8332	0.8015	0.8006	1.0	618	0	0
GTF2H2__ENST00000274400.5_ENST00000330280.7	8	0.0011471	5.4408e-05	0.000383	137	6	-1.3393	0.54294	0.45591	1.0	379	0	0
GPALPP1__P1P2	8	0.0011973	5.4408e-05	0.000383	138	6	-0.65241	0.8227	0.8211	1.0	645	0	0
ANP32B__P1P2	8	0.0013177	6.43e-05	0.000443	139	7	-0.48676	0.99607	0.99958	1.0	893	0	0
UHRF1__P1P2	8	0.0013635	6.43e-05	0.000443	140	6	-1.0548	0.71229	0.69303	1.0	537	0	0
MED23__P1P2	8	0.0013813	6.43e-05	0.000443	141	7	-0.55745	0.96951	0.98644	1.0	824	0	0
HMBS__P1	8	0.0014259	7.4193e-05	0.000491	142	5	-1.1203	0.34743	0.17619	0.764549	221	0	0
HEATR3__P1P2	8	0.0014579	7.4193e-05	0.000491	143	5	-1.1059	0.10728	4.9462e-06	5.4e-05	44	0	0
UBA3__P1P2	8	0.0014991	7.4193e-05	0.000491	144	6	-1.2427	0.96531	0.98385	1.0	817	0	0
CFDP1__P1	8	0.0014992	7.4193e-05	0.000491	145	7	-1.2329	0.99436	0.99919	1.0	878	0	0
NKRF__P1P2	8	0.0015179	7.4193e-05	0.000491	146	8	-0.30471	0.99848	0.99994	1.0	919	0	0
C8orf59__P1P2	8	0.0015189	7.4193e-05	0.000491	147	6	-0.81165	0.93299	0.95531	1.0	772	0	0
CCS__P1P2	8	0.0015458	8.4085e-05	0.000549	148	7	-0.56444	0.97206	0.98803	1.0	829	0	0
RIF1__P1P2	8	0.0016016	8.4085e-05	0.000549	149	8	-1.2661	0.99681	0.99975	1.0	904	0	0
CTDSPL2__P1P2	8	0.0017104	9.3978e-05	0.000597	150	7	-1.2412	0.9905	0.99751	1.0	863	0	0
TBC1D31__P1P2	8	0.0017206	9.3978e-05	0.000597	151	8	-0.2731	0.99828	0.99992	1.0	917	0	0
MEX3A__P1P2	8	0.0017428	9.3978e-05	0.000597	152	8	-0.44899	0.99826	0.99992	1.0	916	0	0
GNB2L1__P1P2	8	0.001764	9.3978e-05	0.000597	153	6	-1.1258	0.68634	0.66444	1.0	507	0	0
USP42__P1P2	8	0.0018369	0.00011376	0.000709	154	7	-0.39223	0.9956	0.9995	1.0	889	0	0
DNAJC3__P1P2	8	0.001854	0.00011376	0.000709	155	8	-0.68483	0.99815	0.9999	1.0	915	0	0
XPC__P1	8	0.0018852	0.00011376	0.000709	156	5	-1.0277	0.75598	0.74465	1.0	578	0	0
SOS1__P1P2	8	0.0020035	0.00012365	0.000761	157	8	-0.26627	0.998	0.99989	1.0	913	0	0
EMC1__P1P2	8	0.0021323	0.00015333	0.000937	158	8	-1.2759	0.99635	0.99965	1.0	896	0	0
VWA9__P1P2	8	0.0022163	0.00016322	0.000979	159	7	-1.2288	0.99056	0.99752	1.0	864	0	0
ZNF296__P1P2	8	0.0022336	0.00016322	0.000979	160	8	-0.3277	0.99777	0.99985	1.0	912	0	0
CMC2__P1P2	8	0.0022356	0.00016322	0.000979	161	6	-1.24	0.32082	0.14282	0.677228	197	0	0
RAD17__P1P2	8	0.0022541	0.00017312	0.001014	162	5	-1.1535	0.66635	0.63533	1.0	487	0	0
LUZP1__P1P2	8	0.002281	0.00017312	0.001014	163	7	-0.22848	0.85304	0.8644	1.0	682	0	0
ZNF462__P1P2	8	0.0023017	0.00017312	0.001014	164	8	-0.34223	0.9977	0.99984	1.0	910	0	0
RBPMS2__P1P2	8	0.0023103	0.00017312	0.001014	165	7	-0.47496	0.99542	0.99941	1.0	886	0	0
ZZZ3__P1P2	8	0.0023728	0.00018301	0.001059	166	8	-0.67202	0.99628	0.99964	1.0	894	0	0
MYO9B__P1P2	8	0.0023777	0.00018301	0.001059	167	7	-0.72677	0.95458	0.97581	1.0	802	0	0
EXOC5__P1P2	8	0.0024798	0.0001929	0.001096	168	7	-1.0009	0.40685	0.24372	0.858365	266	0	0
FDX1__P1P2	8	0.002486	0.0001929	0.001096	169	6	-0.66314	0.94161	0.96324	1.0	784	0	0
ZSCAN10__P1P2	8	0.0025343	0.0001929	0.001096	170	7	-0.37957	0.98774	0.99627	1.0	857	0	0
PKMYT1__P1P2	8	0.0025748	0.00020279	0.001133	171	8	-0.70167	0.99743	0.99981	1.0	908	0	0
UFL1__P1P2	8	0.0025814	0.00020279	0.001133	172	7	-0.43693	0.92142	0.94063	1.0	757	0	0
SDF2__P1P2	8	0.0026329	0.00020279	0.001133	173	6	-1.2303	0.52344	0.42668	1.0	359	0	0
RPS8__P1P2	8	0.0026886	0.00021269	0.001168	174	7	-0.83534	0.88398	0.90014	1.0	717	0	0
INTS10__P1P2	8	0.0027029	0.00021269	0.001168	175	8	-1.0136	0.9973	0.9998	1.0	907	0	0
BRAP__P1P2	8	0.0027526	0.00021269	0.001168	176	6	-0.61125	0.97129	0.98745	1.0	828	0	0
ARAP3__P1P2	8	0.0028164	0.00022258	0.001215	177	7	-0.33679	0.93007	0.95263	1.0	766	0	0
TINF2__P1P2	8	0.0030092	0.00025226	0.00137	178	7	-1.0473	0.91666	0.93624	1.0	752	0	0
KIFC1__P1P2	8	0.0030857	0.00027204	0.001469	179	7	-0.33258	0.91898	0.93844	1.0	753	0	0
HAX1__P1P2	8	0.0031927	0.00029182	0.001542	180	7	-0.39545	0.88547	0.90188	1.0	718	0	0
SSBP3__P1P2	8	0.0032016	0.00029182	0.001542	181	8	-0.2293	0.9968	0.99975	1.0	903	0	0
ZCCHC8__P1P2	8	0.0032243	0.00029182	0.001542	182	7	-0.30431	0.7272	0.70677	1.0	553	0	0
KAT5__P1P2	8	0.003387	0.00033139	0.001723	183	6	-0.74915	0.46004	0.31988	0.983949	315	0	0
CCDC137__P1P2	8	0.0034018	0.00033139	0.001723	184	7	-0.9188	0.9955	0.99947	1.0	887	0	0
RBM7__P1P2	8	0.0034192	0.00033139	0.001723	185	8	-0.19457	0.99658	0.99971	1.0	899	0	0
SETDB1__P1P2	8	0.0034583	0.00034129	0.001765	186	6	-0.44801	0.78851	0.78563	1.0	611	0	0
TFAP4__P1P2	8	0.0035204	0.00038086	0.001928	187	7	-0.27813	0.95856	0.97944	1.0	807	0	0
CHAMP1__P1P2	8	0.0035297	0.00038086	0.001928	188	8	-0.15178	0.99647	0.99966	1.0	897	0	0
XRCC1__P1P2	11	0.0036072	0.00012365	0.000761	189	8	-0.91499	0.82992	0.81352	1.0	656	0	0
PPIL1__P1P2	8	0.003666	0.00039075	0.001968	190	7	-0.81289	0.80646	0.80703	1.0	624	0	0
NPLOC4__P1P2	8	0.0037259	0.00041053	0.002057	191	6	-0.94847	0.96265	0.9818	1.0	813	0	0
ACLY__P1P2	8	0.0037588	0.00042043	0.002096	192	7	-0.60885	0.8033	0.80272	1.0	622	0	0
CHTF18__P1P2	8	0.003997	0.00046989	0.00233	193	6	-0.84993	0.86378	0.88196	1.0	690	0	0
ARHGAP4__P1	8	0.0042625	0.00048967	0.002381	194	7	-0.78111	0.84024	0.84632	1.0	662	0	0
MOSPD2__P1P2	8	0.0045376	0.00048967	0.002381	195	7	-0.82516	0.53116	0.43725	1.0	366	0	0
PPP4R2__P1P2	8	0.004678	0.00049956	0.002381	196	6	-0.58495	0.95805	0.97859	1.0	806	0	0
RBM14-RBM4__P2	8	0.0047894	0.00049956	0.002381	197	5	-0.61548	0.81303	0.81452	1.0	632	0	0
TIMM17B__P1P2	8	0.0049564	0.00049956	0.002381	198	5	-0.82147	0.8765	0.89369	1.0	703	0	0
MAGOHB__P1P2	8	0.0049855	0.00049956	0.002381	199	4	-0.96542	0.59879	0.53523	1.0	423	0	0
GTF3C2__P1P2	8	0.0051516	0.00050946	0.002381	200	5	-0.93228	0.84058	0.84632	1.0	663	0	0
TACC3__P1	8	0.0051757	0.00050946	0.002381	201	3	-0.98777	0.32435	0.14283	0.677228	202	0	0
ZC3H7A__P1P2	8	0.0051862	0.00050946	0.002381	202	6	-0.43307	0.89141	0.90878	1.0	727	0	0
MLLT1__P1P2	8	0.0053532	0.00050946	0.002381	203	4	-0.39814	0.68183	0.66444	1.0	504	0	0
RPL14__P1P2	8	0.0054016	0.00050946	0.002381	204	4	-0.93239	0.95957	0.98019	1.0	809	0	0
PARN__P1P2	11	0.0054942	0.00029182	0.001542	205	9	-0.83681	0.82649	0.8123	1.0	652	0	0
ASUN__P1P2	8	0.0055532	0.00050946	0.002381	206	4	-1.0701	0.88272	0.89953	1.0	713	0	0
FOXK1__P1P2	8	0.0057818	0.00051935	0.002381	207	6	-0.46843	0.82931	0.82951	1.0	655	0	0
DUSP11__P1P2	8	0.0059068	0.00051935	0.002381	208	7	-0.31256	0.437	0.28308	0.930489	291	0	0
DPF2__P1	8	0.0060436	0.00051935	0.002381	209	6	-0.39803	0.91136	0.93035	1.0	746	0	0
DNAJC2__P1P2	8	0.0060447	0.00051935	0.002381	210	4	-0.85903	0.95313	0.97437	1.0	797	0	0
MAPRE1__P1P2	8	0.0065515	0.00052924	0.002415	211	5	-0.42304	0.22209	0.033876	0.269901	120	0	0
DHX35__P1P2	8	0.0067161	0.00053913	0.002437	212	5	-0.963	0.97988	0.99243	1.0	845	0	0
PDSS1__P1P2	11	0.0067696	0.00035118	0.001806	213	7	-0.57187	0.60683	0.47351	1.0	432	0	0
ERCC1__P1P2	8	0.0071236	0.00053913	0.002437	214	6	-0.78895	0.76216	0.75114	1.0	583	0	0
PTBP1__P1P2	8	0.007254	0.00054903	0.002471	215	6	-0.636	0.90063	0.92108	1.0	736	0	0
EIF3F__P1P2	11	0.0077666	0.00037096	0.001898	216	4	-0.61166	0.87926	0.87599	1.0	708	0	0
NAA30__P1P2	8	0.0078567	0.00055892	0.002504	217	4	-0.6938	0.26979	0.079866	0.494519	154	0	0
NSDHL__P1P2	8	0.0081402	0.0005787	0.00258	218	6	-0.7315	0.51474	0.41078	1.0	355	0	0
SUB1__P1	8	0.0086726	0.00065784	0.00292	219	7	-0.69751	0.4901	0.36919	1.0	336	0	0
C1QTNF9B-AS1__P1P2	8	0.0091808	0.00068752	0.003038	220	6	-0.76454	0.93198	0.95452	1.0	769	0	0
NUFIP1__P1P2	8	0.0094314	0.00069741	0.003067	221	5	-0.52409	0.45034	0.30504	0.962647	305	0	0
CSTF2__P1P2	8	0.0096585	0.00072709	0.003169	222	7	-0.25036	0.59281	0.52895	1.0	416	0	0
GOLGA7__P1P2	8	0.0097059	0.00072709	0.003169	223	7	-0.43194	0.99447	0.99927	1.0	879	0	0
DR1__P1P2	8	0.010227	0.00076666	0.003327	224	5	-0.66787	0.76659	0.75868	1.0	588	0	0
WNT7A__P1P2	8	0.010439	0.00077655	0.003355	225	7	-0.18179	0.97793	0.99099	1.0	842	0	0
TOP1__P1P2	8	0.010477	0.00078644	0.003382	226	6	-0.62257	0.5973	0.53522	1.0	420	0	0
PTK2__P1P2	8	0.010883	0.00086558	0.003706	227	7	-0.39636	0.99553	0.9995	1.0	888	0	0
USF1__P1P2	8	0.011358	0.00090515	0.003842	228	6	-0.22229	0.86692	0.88329	1.0	694	0	0
SIN3B__P1P2	8	0.011385	0.00090515	0.003842	229	5	-0.67937	0.81398	0.81453	1.0	635	0	0
PDLIM7__P1	8	0.011469	0.00091504	0.00385	230	7	-0.18137	0.98389	0.99447	1.0	852	0	0
POLE3__P1P2	8	0.011571	0.00091504	0.00385	231	5	-0.51924	0.7197	0.7023	1.0	545	0	0
CCDC101__P1P2	8	0.012043	0.001014	0.00423	232	7	-0.2162	0.90471	0.92396	1.0	740	0	0
CNKSR3__P1P2	8	0.012119	0.001014	0.00423	233	7	-0.37625	0.99581	0.99953	1.0	891	0	0
SNRNP40__P1P2	8	0.012291	0.0010239	0.004235	234	7	-0.39986	0.86777	0.8838	1.0	695	0	0
APEX2__P1P2	8	0.012451	0.0010239	0.004235	235	5	-0.60925	0.92712	0.94804	1.0	761	0	0
POC1B__P1P2	8	0.01268	0.0010338	0.004258	236	7	-0.22617	0.6251	0.57305	1.0	450	0	0
BRPF1__P1P2	8	0.012861	0.0010436	0.004271	237	6	-0.52602	0.97916	0.99192	1.0	844	0	0
PPP1R10__P1P2	8	0.01318	0.0010535	0.004271	238	7	-0.29231	0.83723	0.84241	1.0	659	0	0
FZR1__P1P2	8	0.013324	0.0010535	0.004271	239	6	-0.51193	0.99364	0.99889	1.0	875	0	0
UBE2O__P1P2	8	0.013509	0.0010634	0.004271	240	7	-0.30195	0.99199	0.99818	1.0	871	0	0
UNC45A__P1	8	0.013552	0.0010634	0.004271	241	6	-0.74146	0.78163	0.77421	1.0	609	0	0
ACAD11__P1P2	8	0.013561	0.0010634	0.004271	242	7	-0.47133	0.35758	0.18013	0.764549	229	0	0
TRABD__P1	8	0.013704	0.0010733	0.004293	243	7	-0.30858	0.99429	0.99917	1.0	877	0	0
BRMS1__P1P2	8	0.013823	0.0010832	0.004297	244	7	-0.26804	0.97902	0.99188	1.0	843	0	0
PFDN4__P1P2	8	0.013926	0.0010832	0.004297	245	4	-0.79979	0.53413	0.44289	1.0	370	0	0
PRKRIR__P1P2	8	0.014015	0.0010931	0.004319	246	7	-0.74335	0.95087	0.97159	1.0	795	0	0
MED15__P1	8	0.01453	0.0011525	0.004535	247	6	-0.67281	0.95711	0.97777	1.0	804	0	0
ZBTB4__P1	8	0.014646	0.0011624	0.004556	248	7	-0.63892	0.99173	0.99814	1.0	868	0	0
SREK1IP1__P1P2	8	0.015005	0.0011821	0.004596	249	7	-0.205	0.64857	0.60713	1.0	467	0	0
WEE1__P1P2	8	0.015022	0.0011821	0.004596	250	6	-0.90303	0.70043	0.67561	1.0	520	0	0
CHAF1A__P1P2	8	0.015064	0.0012019	0.004654	251	5	-0.55059	0.60286	0.53969	1.0	428	0	0
TNKS2__P1P2	8	0.015164	0.0012118	0.004674	252	7	-0.16208	0.9525	0.97398	1.0	796	0	0
PLEKHA5__P1P2	8	0.015465	0.0012217	0.004694	253	6	-0.39139	0.45327	0.31087	0.977891	309	0	0
TLN1__P1P2	8	0.015891	0.0012514	0.004789	254	6	-0.12214	0.94022	0.9618	1.0	781	0	0
PEX7__P1P2	8	0.016051	0.0012613	0.004808	255	7	-0.21077	0.99293	0.99866	1.0	873	0	0
EXOSC1__P1P2	8	0.016326	0.001291	0.004902	256	6	-0.76569	0.81322	0.81452	1.0	633	0	0
CSNK1A1__P1P2	8	0.016417	0.0013206	0.004995	257	3	-0.67765	0.581	0.51317	1.0	401	0	0
FKBPL__P1P2	8	0.017774	0.001469	0.005534	258	5	-0.60582	0.96133	0.98135	1.0	811	0	0
NAE1__P1P2	8	0.01804	0.0014987	0.005624	259	4	-0.82504	0.94937	0.97016	1.0	794	0	0
NEDD8-MDP1__P1P2	8	0.018295	0.0015284	0.005714	260	4	-0.7096	0.12359	4.9462e-06	5.4e-05	53	0	0
MGEA5__P1P2	8	0.018459	0.0015482	0.005766	261	7	-0.3671	0.99571	0.99951	1.0	890	0	0
UFM1__P1P2	8	0.020541	0.0018845	0.006991	262	5	-0.57109	0.81169	0.81231	1.0	630	0	0
MIEF1__P1P2	8	0.020834	0.0019439	0.007184	263	7	-0.23646	0.98065	0.99281	1.0	848	0	0
PCGF2__P1	8	0.020881	0.0019537	0.007193	264	7	-0.22146	0.98162	0.99359	1.0	849	0	0
ASPM__P1P2	8	0.021024	0.0019636	0.007202	265	6	-0.25451	0.61016	0.55645	1.0	436	0	0
DCLRE1B__P1P2	8	0.021269	0.0020428	0.007465	266	6	-0.49156	0.98784	0.99628	1.0	858	0	0
POLG__P1P2	8	0.021558	0.0021318	0.007761	267	6	-0.73704	0.93205	0.95452	1.0	770	0	0
ABCB10__P1P2	8	0.021668	0.0021615	0.00781	268	2	-0.45731	0.33076	0.154	0.706118	209	0	0
RPS11__P1P2	8	0.021707	0.0021615	0.00781	269	3	-0.52564	0.67633	0.65425	1.0	496	0	0
NDC1__P1P2	8	0.021815	0.0022011	0.007924	270	7	-0.15157	0.29814	0.12811	0.677228	174	0	0
PCNXL3__P1P2	8	0.022019	0.0022505	0.008072	271	6	-0.1174	0.96876	0.98587	1.0	821	0	0
KDSR__P1P2	8	0.022311	0.0023297	0.008325	272	7	-0.29321	0.98052	0.99269	1.0	847	0	0
PPP6C__P1P2	8	0.022398	0.0023395	0.00833	273	5	-0.24402	0.95927	0.97981	1.0	808	0	0
PNKP__P1P2	8	0.022533	0.0024187	0.008549	274	5	-0.71376	0.92319	0.94311	1.0	758	0	0
PHC1__P1P2	8	0.022562	0.0024187	0.008549	275	7	-0.1321	0.52041	0.41881	1.0	357	0	0
TAF11__P1P2	8	0.022684	0.0024681	0.008692	276	6	-0.62219	0.60249	0.53969	1.0	427	0	0
ILF3__P1P2	8	0.023072	0.0025572	0.008941	277	7	-0.25127	0.96928	0.98611	1.0	822	0	0
POC1A__P1P2	8	0.023112	0.0025572	0.008941	278	6	-0.27255	0.47994	0.36028	1.0	329	0	0
WDR82__P1P2	8	0.023223	0.0025671	0.008943	279	3	-0.75937	0.66887	0.6402	1.0	488	0	0
KANSL1__P1P2	8	0.023427	0.0026462	0.009186	280	7	-0.28847	0.99464	0.99931	1.0	882	0	0
TRAPPC2L__P1P2	8	0.023728	0.0027352	0.009428	281	6	-0.19051	0.8901	0.90704	1.0	726	0	0
TRAPPC13__P1P2	8	0.024152	0.0027649	0.009496	282	7	-0.17844	0.77049	0.76107	1.0	597	0	0
ARHGEF18__P1P2	8	0.024357	0.0028144	0.009599	283	7	-0.26409	0.97333	0.9887	1.0	832	0	0
PSPH__P2	8	0.024399	0.0028144	0.009599	284	4	-0.76866	0.40318	0.233	0.854626	263	0	0
AKAP3__P1	8	0.024808	0.0028342	0.009632	285	7	-0.5446	0.99358	0.99889	1.0	874	0	0
TBCC__P1P2	8	0.025134	0.0029727	0.010068	286	7	-0.60352	0.95674	0.97746	1.0	803	0	0
MBIP__P1P2	8	0.025515	0.0031013	0.010467	287	7	-0.78406	0.91572	0.9354	1.0	751	0	0
FAM178A__P1P2	8	0.025565	0.0031309	0.010527	288	5	-0.45719	0.51211	0.40566	1.0	351	0	0
FAM216A__P1P2	8	0.02561	0.0031408	0.010527	289	6	-0.65522	0.51122	0.40565	1.0	350	0	0
BPTF__P1P2	8	0.025831	0.0031606	0.010557	290	7	-0.37248	0.99503	0.99935	1.0	883	0	0
PSPC1__P1P2	8	0.026723	0.0032991	0.01094	291	7	-0.18687	0.97291	0.98838	1.0	831	0	0
TAF9__P1P2	8	0.027022	0.003309	0.01094	292	5	-0.38893	0.68544	0.66444	1.0	506	0	0
RAB1A__P1P2	8	0.027049	0.003309	0.01094	293	6	-0.18981	0.72186	0.70231	1.0	546	0	0
PRPF40A__P1P2	8	0.027455	0.0034871	0.01149	294	7	-0.40393	0.92836	0.94981	1.0	764	0	0
NRBP1__P1P2	8	0.027621	0.0035464	0.011522	295	6	-0.46747	0.76705	0.75868	1.0	589	0	0
PDS5A__P1P2	8	0.027826	0.0035563	0.011522	296	7	-0.27072	0.97758	0.99085	1.0	841	0	0
PIGB__P1P2	8	0.027858	0.0035563	0.011522	297	6	-0.16025	0.42744	0.26989	0.917244	285	0	0
PYGO2__P1P2	8	0.027864	0.0035563	0.011522	298	7	-0.16249	0.78141	0.77421	1.0	608	0	0
PTRHD1__P1P2	8	0.027976	0.0035563	0.011522	299	7	-0.22783	0.99526	0.99936	1.0	884	0	0
TERF1__P1P2	8	0.029002	0.0038531	0.012401	300	4	-0.56967	0.77478	0.76739	1.0	599	0	0
RUNX1T1__P2	8	0.029088	0.0039124	0.012551	301	6	-0.36858	0.82559	0.822	1.0	651	0	0
C7orf49__P1P2	8	0.029163	0.0039619	0.012668	302	6	-0.35914	0.048075	4.9462e-06	5.4e-05	25	1	0
PLOD3__P1P2	8	0.029355	0.0040509	0.012868	303	7	-0.2483	0.69492	0.66771	1.0	515	0	0
MED19__P1P2	8	0.029394	0.0040509	0.012868	304	7	-0.15221	0.82684	0.82481	1.0	653	0	0
HELLS__P1P2	8	0.029767	0.0040806	0.01292	305	6	-0.25051	0.66254	0.63173	1.0	481	0	0
ACTR5__P1P2	8	0.030029	0.0041301	0.013034	306	6	-0.43728	0.91244	0.93101	1.0	747	0	0
UQCRC2__P1P2	11	0.03025	0.0027352	0.009428	307	9	-0.71775	0.66008	0.56883	1.0	478	0	0
HNRNPA2B1__P1P2	8	0.030545	0.0041894	0.013125	308	7	-0.21727	0.73272	0.71295	1.0	558	0	0
TRIM24__P1P2	8	0.030585	0.0041894	0.013125	309	7	-0.24726	0.99605	0.99957	1.0	892	0	0
GART__P1P2	8	0.030666	0.0041993	0.013125	310	7	-0.27213	0.77878	0.77184	1.0	604	0	0
GHITM__P1P2	8	0.031004	0.0042982	0.013391	311	6	-0.15279	0.92795	0.94887	1.0	763	0	0
SRCAP__P1P2	8	0.031073	0.0043279	0.01344	312	7	-0.21286	0.92071	0.93997	1.0	755	0	0
DBF4__P1P2	8	0.031197	0.0043477	0.013458	313	5	-0.55626	0.82124	0.8211	1.0	643	0	0
ABHD16A__P1P2	8	0.031816	0.0044664	0.013782	314	7	-0.43955	0.99029	0.99744	1.0	861	0	0
TAF6__P1P2	8	0.032562	0.0048126	0.014803	315	5	-0.46476	0.85196	0.86439	1.0	678	0	0
NPM1__P1P2	8	0.032923	0.0048423	0.014848	316	5	-0.65846	0.31551	0.13894	0.677228	191	0	0
SSR1__P1P2	8	0.033059	0.0048819	0.014922	317	5	-0.31104	0.5783	0.50854	1.0	400	0	0
KPNA2__P1P2	8	0.03485	0.0054754	0.016632	318	4	-0.30114	0.4518	0.30504	0.962647	308	0	0
FDXR__P1P2	11	0.035045	0.0035959	0.011612	319	7	-0.61474	0.72652	0.6778	1.0	552	0	0
USMG5__P1P2	8	0.035053	0.0056337	0.017036	320	6	-0.24951	0.41928	0.25387	0.875051	281	0	0
GET4__P1P2	8	0.035768	0.0056436	0.017036	321	4	-0.40036	0.36317	0.19491	0.802824	233	0	0
HAUS8__P1P2	8	0.03626	0.0056931	0.017132	322	5	-0.38571	0.67355	0.6509	1.0	492	0	0
IPO5__P1P2	8	0.036992	0.0057722	0.017317	323	4	-0.49929	0.36038	0.18439	0.772526	232	0	0
ENY2__P1P2	8	0.03802	0.0058217	0.017411	324	6	-0.47222	0.45083	0.30504	0.962647	306	0	0
ZCCHC11__P1P2	8	0.040179	0.0059008	0.017594	325	6	-0.21616	0.71505	0.69623	1.0	540	0	0
VPS51__P1P2	8	0.041274	0.0059503	0.017687	326	6	-0.47785	0.8856	0.90189	1.0	719	0	0
UBE2Q1__P1P2	8	0.041779	0.0059997	0.017701	327	6	-0.30857	0.87769	0.89369	1.0	704	0	0
ATPAF2__P1P2	8	0.041955	0.0060096	0.017701	328	5	-0.38937	0.61805	0.56498	1.0	445	0	0
MRGBP__P1P2	8	0.042117	0.0060096	0.017701	329	6	-0.29357	0.76403	0.75227	1.0	586	0	0
GPI__P1P2	8	0.043085	0.0060591	0.017768	330	6	-0.17317	0.97482	0.98943	1.0	835	0	0
SMARCC1__P1P2	8	0.043115	0.006069	0.017768	331	5	-0.39855	0.84402	0.84981	1.0	669	0	0
ELOF1__P1P2	8	0.044888	0.0062174	0.018094	332	6	-0.57169	0.70243	0.67725	1.0	522	0	0
PABPC4__P1P2	8	0.044908	0.0062174	0.018094	333	6	-0.62931	0.82288	0.82111	1.0	646	0	0
GNB1__P1P2	8	0.046329	0.006346	0.018413	334	6	-0.22326	0.70922	0.69035	1.0	532	0	0
TTC3__P1P2	8	0.047799	0.0064449	0.018644	335	6	-0.14622	0.88781	0.90353	1.0	725	0	0
TMEM86A__P1P2	8	0.050179	0.006801	0.019558	336	6	-0.33105	0.79375	0.79308	1.0	613	0	0
NXT1__P1P2	8	0.050183	0.006801	0.019558	337	5	-0.24922	0.36926	0.2019	0.804843	238	0	0
CENPQ__P1P2	11	0.051378	0.004961	0.015116	338	6	-0.29566	0.86584	0.86012	1.0	692	0	0
COPS8__237994319	8	0.052922	0.0070384	0.020181	339	6	-0.47475	0.97073	0.98712	1.0	827	0	0
ASXL2__P1P2	8	0.054062	0.0072462	0.020707	340	6	-0.27691	0.44543	0.29267	0.942005	301	0	0
HUWE1__P1P2	8	0.054755	0.0072758	0.020707	341	5	-0.16859	0.77745	0.76966	1.0	602	0	0
CENPL__P1P2	8	0.055468	0.0072857	0.020707	342	6	-0.33704	0.65252	0.6149	1.0	471	0	0
PFDN1__P1P2	8	0.0565	0.0074638	0.021084	343	5	-0.37915	0.75861	0.74718	1.0	580	0	0
HSPA4__P1P2	8	0.05663	0.0074737	0.021084	344	6	-0.47099	0.55972	0.48724	1.0	389	0	0
C19orf70__P1P2	8	0.056788	0.0074836	0.021084	345	6	-0.17903	0.99035	0.99744	1.0	862	0	0
USP48__P1P2	8	0.057583	0.0075528	0.021218	346	5	-0.16332	0.53073	0.43725	1.0	365	0	0
CORO1A__30194716	8	0.059441	0.0078793	0.022008	347	5	-0.15388	0.9367	0.95881	1.0	776	0	0
SMN1__70220656	8	0.059871	0.0079683	0.022193	348	2	-0.515	0.74917	0.7338	1.0	572	0	0
CNOT3__P1P2	8	0.060998	0.0080573	0.022376	349	4	-0.28148	0.14109	4.9462e-06	5.4e-05	66	0	0
TIMM10__P1P2	8	0.062008	0.0081662	0.022614	350	5	-0.30535	0.49101	0.3692	1.0	338	0	0
LNP1__P1P2	8	0.06263	0.0083145	0.022959	351	6	-0.15213	0.29145	0.11194	0.632575	171	0	0
TMEM258__P1P2	8	0.065571	0.0089476	0.024638	352	3	-0.4201	0.40737	0.24372	0.858365	267	0	0
TSSC1__P1P2	8	0.065691	0.0089773	0.02465	353	5	-0.2516	0.91056	0.93034	1.0	745	0	0
RAD51AP1__P1P2	8	0.066967	0.0091356	0.025014	354	6	-0.30806	0.96935	0.98611	1.0	823	0	0
FAR1__P1P2	8	0.068567	0.0092642	0.025294	355	6	-0.20798	0.96311	0.98207	1.0	814	0	0
ZMIZ1__P1P2	11	0.068906	0.0076023	0.021295	356	8	-0.081569	0.67996	0.61153	1.0	500	0	0
HSPA14__P1P2	8	0.070269	0.0095115	0.025779	357	5	-0.52322	0.6955	0.66933	1.0	516	0	0
OXR1__ENST00000312046.6	8	0.070358	0.0095214	0.025779	358	6	-0.10761	0.83503	0.83974	1.0	657	0	0
CCDC130__P1	8	0.070605	0.0095214	0.025779	359	6	-0.30075	0.77003	0.76106	1.0	595	0	0
XPO5__P1P2	8	0.071101	0.00965	0.026055	360	6	-0.27359	0.93852	0.96016	1.0	779	0	0
DDX31__P1P2	8	0.072736	0.0098676	0.026569	361	6	-0.43516	0.98798	0.99632	1.0	859	0	0
ZC3H4__P1	8	0.072946	0.009927	0.026655	362	6	-0.26817	0.96705	0.98487	1.0	820	0	0
GPBP1__P1P2	8	0.074043	0.010293	0.027561	363	6	-0.21899	0.87557	0.89246	1.0	701	0	0
LYRM7__P1P2	8	0.075765	0.01055	0.028122	364	6	-0.11596	0.67541	0.65253	1.0	494	0	0
RBX1__P1P2	8	0.075848	0.01056	0.028122	365	4	-0.45519	0.58561	0.5201	1.0	408	0	0
SNF8__P1P2	8	0.076113	0.010649	0.028281	366	4	-0.40273	0.97636	0.9902	1.0	837	0	0
MTCH2__P1P2	8	0.07734	0.010936	0.028964	367	6	-0.44609	0.85865	0.876	1.0	687	0	0
GNG4__P1P2	8	0.07884	0.011282	0.0298	368	6	-0.1473	0.61448	0.55849	1.0	442	0	0
HIGD2A__P1P2	8	0.07925	0.015229	0.040116	369	4	-0.29344	0.28962	0.11193	0.632575	168	0	0
PSMG3__P2	8	0.080918	0.015744	0.041359	370	4	-0.57006	0.94029	0.9618	1.0	782	0	0
MED12__P1P2	8	0.082372	0.01606	0.042077	371	5	-0.16623	0.93284	0.95531	1.0	771	0	0
RPS4Y1__P1P2	8	0.084639	0.016951	0.044131	372	5	-0.29193	0.90608	0.92541	1.0	742	0	0
DDA1__P1P2	8	0.084978	0.01698	0.044131	373	6	-0.17654	0.92053	0.93996	1.0	754	0	0
LCOR__P1P2	8	0.085922	0.017129	0.044279	374	6	-0.19481	0.94542	0.96582	1.0	792	0	0
UBE2E3__P1P2	8	0.086017	0.017129	0.044279	375	6	-0.089113	0.85534	0.8659	1.0	686	0	0
RNPS1__P1P2	8	0.086953	0.017228	0.044417	376	3	-0.29266	0.58675	0.52225	1.0	410	0	0
BRD1__P1P2	8	0.087605	0.017495	0.044986	377	5	-0.35039	0.88029	0.89594	1.0	710	0	0
GDI2__P1	8	0.088279	0.017762	0.045553	378	5	-0.19214	0.6116	0.55646	1.0	437	0	0
TMEM110__P1P2	8	0.089189	0.018009	0.04597	379	6	-0.082073	0.92762	0.94859	1.0	762	0	0
AEN__P1P2	8	0.089358	0.018019	0.04597	380	6	-0.28493	0.33885	0.1616	0.730568	215	0	0
ARHGEF2__P1P2	8	0.089872	0.018207	0.046328	381	6	-0.12674	0.93087	0.95295	1.0	768	0	0
ESYT1__P2	8	0.090178	0.018365	0.046608	382	6	-0.21716	0.96152	0.98149	1.0	812	0	0
LOC730183__NM_001256932	8	0.092342	0.01887	0.047764	383	6	-0.30311	0.96402	0.98305	1.0	815	0	0
ATP12A__P1P2	8	0.093242	0.019305	0.048739	384	6	-0.046432	0.9028	0.92248	1.0	738	0	0
SMG7__P1P2	8	0.095046	0.019671	0.049534	385	5	-0.33145	0.85442	0.86517	1.0	683	0	0
GDF7__P1P2	8	0.095785	0.019918	0.049923	386	5	-0.094443	0.37475	0.20534	0.804843	246	0	0
UBE2L3__P1P2	8	0.095897	0.019928	0.049923	387	5	-0.22879	0.56453	0.49406	1.0	393	0	0
C11orf73__P1P2	8	0.099195	0.020987	0.05244	388	6	-0.14709	0.99192	0.99817	1.0	870	0	0
SUPT3H__P1P2	8	0.10035	0.021481	0.053538	389	6	-0.18706	0.27167	0.079876	0.494519	156	0	0
SUPT4H1__P1P2	8	0.10124	0.021936	0.054532	390	5	-0.39145	0.72401	0.70369	1.0	548	0	0
NFYB__P1P2	8	0.10158	0.022105	0.05481	391	4	-0.29204	0.60469	0.54414	1.0	431	0	0
PLCG1__P1P2	8	0.10184	0.022243	0.055013	392	6	-0.0697	0.82523	0.822	1.0	650	0	0
UBR5__P1P2	8	0.10335	0.022757	0.056143	393	5	-0.25617	0.32493	0.14283	0.677228	203	0	0
ZNHIT3__P1P2	8	0.10398	0.023301	0.057339	394	3	-0.28111	0.66604	0.63533	1.0	486	0	0
DENND5A__P1P2	11	0.10461	0.016426	0.04292	395	8	-0.15688	0.8969	0.8988	1.0	731	0	0
HDAC7__P1P2	8	0.10504	0.023588	0.057777	396	3	-0.27563	0.30657	0.13185	0.677228	181	0	0
DSCR3__P1P2	8	0.10519	0.023598	0.057777	397	6	-0.019759	0.52128	0.42138	1.0	358	0	0
CWC25__P1P2	8	0.10706	0.024261	0.059251	398	6	-0.17142	0.89718	0.91692	1.0	732	0	0
DOCK1__P1P2	8	0.1099	0.02523	0.061464	399	5	-0.21444	0.81699	0.81731	1.0	639	0	0
UFC1__P1P2	8	0.11221	0.026052	0.063305	400	5	-0.18737	0.85118	0.86364	1.0	677	0	0
AP1B1__P1P2	8	0.11321	0.026952	0.065329	401	5	-0.21669	0.83941	0.84552	1.0	661	0	0
LNPEP__P1P2	8	0.11441	0.027595	0.066722	402	6	-0.087341	0.85289	0.8644	1.0	681	0	0
C19orf53__P1P2	8	0.11499	0.027783	0.067009	403	6	-0.40438	0.87206	0.88921	1.0	699	0	0
HMGCR__P1P2	8	0.11617	0.028	0.067201	404	3	-0.42933	0.45472	0.3134	0.982646	310	0	0
RBM47__P1P2	8	0.11621	0.028	0.067201	405	2	-0.21468	0.17587	0.0043378	0.044855	89	0	0
FAF1__P1P2	8	0.11686	0.028356	0.067888	406	6	-0.051977	0.89819	0.91893	1.0	733	0	0
GGCT__P1P2	8	0.11768	0.028446	0.067934	407	6	-0.1924	0.84644	0.85656	1.0	670	0	0
C14orf169__P1P2	8	0.11922	0.028861	0.068757	408	6	-0.10753	0.97062	0.98692	1.0	826	0	0
DYNC1LI1__P1P2	8	0.12004	0.029455	0.07	409	6	-0.37971	0.96583	0.98418	1.0	818	0	0
IMMT__P1P2	8	0.12065	0.029989	0.071095	410	3	-0.35955	0.77026	0.76106	1.0	596	0	0
ISY1__P1P2	8	0.12328	0.031176	0.07373	411	5	-0.28632	0.54626	0.45846	1.0	380	0	0
SUGP1__P1P2	8	0.12352	0.031364	0.073994	412	3	-0.050479	0.17726	0.0043378	0.044855	90	0	0
STX7__P1P2	8	0.12477	0.032096	0.075538	413	5	-0.25866	0.86791	0.88381	1.0	696	0	0
PPP2R5E__P1P2	8	0.1287	0.034005	0.079838	414	4	-0.21917	0.77612	0.7674	1.0	601	0	0
DEGS1__P1P2	8	0.12946	0.034203	0.079986	415	3	-0.28588	0.55283	0.47293	1.0	385	0	0
NDE1__P1	8	0.13011	0.034233	0.079986	416	4	-0.20436	0.54002	0.4532	1.0	374	0	0
FUBP3__P1P2	8	0.1341	0.040356	0.094067	417	5	-0.32671	0.78358	0.77659	1.0	610	0	0
USP3__P1P2	8	0.13488	0.04087	0.095038	418	5	-0.065955	0.76286	0.75226	1.0	584	0	0
COPE__P1P2	8	0.13551	0.041395	0.096028	419	5	-0.20104	0.76934	0.75988	1.0	594	0	0
MAGED2__P2	8	0.13616	0.04182	0.096783	420	6	-0.033242	0.3161	0.13894	0.677228	192	0	0
NAA15__P1P2	8	0.13705	0.042433	0.097662	421	5	-0.37592	0.94503	0.96518	1.0	791	0	0
CHCHD3__P1P2	8	0.13732	0.042443	0.097662	422	5	-0.013312	0.22076	0.033876	0.269901	118	0	0
KDM4A__P1P2	8	0.13747	0.042503	0.097662	423	6	-0.14022	0.9911	0.99773	1.0	867	0	0
AKAP10__P1P2	8	0.138	0.042601	0.097662	424	6	-0.033435	0.46675	0.32964	0.998158	321	0	0
JMJD1C__P1P2	8	0.13997	0.04364	0.099808	425	6	-0.071144	0.5099	0.40295	1.0	349	0	0
RSPRY1__P1P2	8	0.1413	0.044461	0.101447	426	6	-0.11272	0.85519	0.86589	1.0	685	0	0
G3BP2__P1P2	8	0.1444	0.04638	0.105399	427	6	-0.11699	0.88373	0.90013	1.0	715	0	0
STX4__P1P2	8	0.14509	0.04641	0.105399	428	5	-0.14869	0.53792	0.44794	1.0	372	0	0
PGPEP1__P1P2	8	0.15453	0.047666	0.107999	429	4	-0.30019	0.84883	0.86057	1.0	673	0	0
HNRNPLL__P1P2	8	0.15619	0.048072	0.108665	430	4	-0.27173	0.44197	0.28623	0.930489	296	0	0
ATP1A1__P1P2	8	0.15782	0.04826	0.108837	431	5	-0.066218	0.40946	0.24373	0.858365	271	0	0
PRR14L__P1P2	8	0.16566	0.049368	0.110821	432	4	-0.2012	0.62124	0.56885	1.0	447	0	0
TGDS__P1P2	8	0.16578	0.049368	0.110821	433	4	-0.36887	0.66509	0.63532	1.0	483	0	0
SPIN1__P1P2	8	0.16639	0.049556	0.110987	434	4	-0.15651	0.24691	0.055076	0.371828	140	0	0
OCLN__68788394	8	0.17114	0.050367	0.112544	435	5	-0.079851	0.88756	0.90303	1.0	724	0	0
PPFIBP1__P1P2	8	0.17289	0.050713	0.113058	436	5	-0.27479	0.98714	0.99606	1.0	856	0	0
UBA2__P1P2	8	0.17396	0.051149	0.113767	437	5	-0.24722	0.45956	0.31988	0.983949	314	0	0
FOXK2__P1P2	8	0.1744	0.051317	0.113881	438	4	-0.065025	0.23524	0.042611	0.31617	129	0	0
NONO__P1P2	8	0.17852	0.05193	0.11426	439	5	-0.088001	0.63819	0.59187	1.0	462	0	0
CBLL1__P1P2	8	0.1787	0.05194	0.11426	440	5	-0.27416	0.20806	0.01705	0.144105	111	0	0
ATP6V0E1__P1P2	8	0.17888	0.05194	0.11426	441	5	-0.071461	0.97719	0.99069	1.0	840	0	0
ZFYVE9__P1P2	8	0.17961	0.052138	0.11426	442	5	-0.081134	0.60943	0.55426	1.0	435	0	0
RYR3__P1P2	8	0.1809	0.052158	0.11426	443	2	-0.28582	0.82397	0.82111	1.0	648	0	0
SF1__P1P2	8	0.18154	0.052276	0.11426	444	5	-0.10429	0.74991	0.73381	1.0	573	0	0
RANBP2__109335729	8	0.18416	0.052771	0.11426	445	5	-0.24928	0.9208	0.93997	1.0	756	0	0
PIGL__P1P2	8	0.18441	0.052771	0.11426	446	5	-0.10689	0.63273	0.5856	1.0	459	0	0
LSR__P1P2	8	0.18458	0.052771	0.11426	447	5	-0.19958	0.89375	0.91101	1.0	729	0	0
HIBADH__P1P2	8	0.18491	0.052781	0.11426	448	5	-0.044407	0.479	0.36028	1.0	327	0	0
PHF6__P1P2	8	0.18557	0.052781	0.11426	449	5	-0.147	0.98649	0.99579	1.0	854	0	0
MEAF6__P1P2	8	0.18879	0.053058	0.114351	450	3	-0.23926	0.37366	0.20534	0.804843	244	0	0
RPL28__P1P2	8	0.18901	0.053058	0.114351	451	4	-0.19547	0.64358	0.59957	1.0	465	0	0
ATRIP__P1P2	8	0.19313	0.054542	0.117289	452	2	-0.29396	0.38454	0.21599	0.823284	252	0	0
ELMO3__P1P2	8	0.19481	0.055016	0.118048	453	5	-0.13111	0.98036	0.99265	1.0	846	0	0
RAI14__P1P2	8	0.19752	0.056342	0.120626	454	4	-0.3103	0.56533	0.49406	1.0	394	0	0
PRMT7__P1P2	8	0.1993	0.056837	0.121418	455	5	-0.162	0.86479	0.88261	1.0	691	0	0
ZNF236__P1P2	8	0.20094	0.057054	0.121616	456	4	-0.24483	0.39791	0.22606	0.832295	261	0	0
FAM69B__P1P2	8	0.20247	0.057381	0.122044	457	3	-0.036489	0.3559	0.18013	0.764549	228	0	0
GAL__P1P2	8	0.20514	0.058617	0.124402	458	4	-0.13758	0.70726	0.68873	1.0	528	0	0
KIDINS220__P1P2	8	0.20745	0.059923	0.126896	459	5	-0.068463	0.88695	0.90245	1.0	721	0	0
KDM5A__P1P2	8	0.20861	0.060566	0.127979	460	4	-0.078541	0.52774	0.43198	1.0	362	0	0
SENP2__P1P2	8	0.20938	0.061169	0.128973	461	5	-0.19809	0.94483	0.96518	1.0	790	0	0
ARL14EP__P1P2	8	0.21308	0.062238	0.130942	462	5	-0.092346	0.38346	0.21598	0.823284	250	0	0
DCAF4__P1P2	8	0.21419	0.062673	0.131573	463	5	-0.093927	0.94378	0.96433	1.0	787	0	0
FGD1__P1P2	8	0.2158	0.063356	0.132719	464	5	-0.028143	0.72879	0.70809	1.0	555	0	0
SMURF2__P1P2	8	0.22104	0.064642	0.135122	465	5	-0.047325	0.97661	0.99039	1.0	838	0	0
TMEM81__ENST00000367167.3	8	0.22414	0.065126	0.135843	466	5	-0.16423	0.88732	0.90302	1.0	722	0	0
UNC13B__P1P2	8	0.22727	0.066096	0.13757	467	5	-0.27026	0.93338	0.95532	1.0	774	0	0
SLC30A3__P1P2	8	0.22866	0.066393	0.137892	468	4	-0.05589	0.30837	0.13545	0.677228	183	0	0
DHH__P1P2	8	0.23132	0.068233	0.141412	469	4	-0.35426	0.97435	0.98934	1.0	833	0	0
ATG16L1__P1P2	8	0.23191	0.068707	0.142093	470	5	-0.1657	0.65513	0.61491	1.0	475	0	0
ADAM18__P1P2	8	0.23328	0.069054	0.142506	471	4	-0.34159	0.44296	0.28623	0.930489	298	0	0
LRRC40__P1P2	8	0.23604	0.07027	0.14471	472	5	-0.12927	0.63547	0.58775	1.0	460	0	0
CCR6__ENST00000400926.2	8	0.24056	0.072298	0.148571	473	5	-0.034533	0.58331	0.51766	1.0	403	0	0
ATP6AP2__P1P2	8	0.24597	0.074128	0.15169	474	4	-0.19848	0.8005	0.79844	1.0	617	0	0
TMX2__P1P2	8	0.2461	0.074128	0.15169	475	4	-0.20493	0.58293	0.51766	1.0	402	0	0
NUP188__P1P2	8	0.24757	0.074682	0.152503	476	4	-0.092862	0.67386	0.6509	1.0	493	0	0
ZNF532__P2	8	0.25094	0.077393	0.157376	477	3	-0.065473	0.39896	0.22606	0.832295	262	0	0
ZNF43__P1	8	0.25208	0.078165	0.158614	478	5	-0.092204	0.73762	0.71744	1.0	566	0	0
RASAL2__P1P2	8	0.25467	0.079193	0.159896	479	3	-0.15884	0.16465	4.9462e-06	5.4e-05	81	0	0
SURF2__P1P2	11	0.25534	0.07582	0.154501	480	6	-0.092596	0.32607	0.075405	0.47593	205	0	0
MSI1__P1P2	8	0.25629	0.07951	0.159896	481	3	-0.082541	0.384	0.21599	0.823284	251	0	0
C19orf43__P1P2	8	0.25652	0.07952	0.159896	482	2	-0.1436	0.31729	0.13894	0.677228	193	0	0
CORO1B__67210174	8	0.25661	0.079619	0.159896	483	3	-0.11871	0.73583	0.71743	1.0	563	0	0
RHOG__P1P2	8	0.25676	0.079619	0.159896	484	5	-0.082168	0.95774	0.97826	1.0	805	0	0
FAM192A__P1P2	8	0.25805	0.080529	0.16139	485	4	-0.0018014	0.48411	0.36365	1.0	332	0	0
SERBP1__P1P2	8	0.25997	0.081963	0.16361	486	3	-0.12518	0.23263	0.042601	0.31617	125	0	0
MCM7__P1P2	8	0.26033	0.081973	0.16361	487	4	-0.26101	0.66222	0.63173	1.0	480	0	0
UBE2D3__P1P2	8	0.26097	0.082567	0.164297	488	4	-0.26611	0.65708	0.62038	1.0	476	0	0
ESYT2__P1P2	8	0.2612	0.082656	0.164297	489	5	-0.26864	0.98446	0.99476	1.0	853	0	0
PPP6R3__P1P2	8	0.26863	0.087355	0.173283	490	5	-0.13842	0.69346	0.6677	1.0	513	0	0
CCDC94__P1P2	8	0.27862	0.096367	0.19077	491	5	-0.13648	0.68031	0.66097	1.0	501	0	0
FBXO8__P1	8	0.27966	0.097049	0.191731	492	2	-0.16627	0.42439	0.26339	0.89833	282	0	0
CSNK2A1__P1P2	8	0.28053	0.097435	0.192103	493	4	-0.19784	0.49329	0.37229	1.0	340	0	0
ZNF644__P1P2	8	0.28079	0.097821	0.192104	494	5	-0.11785	0.90117	0.92146	1.0	737	0	0
PICALM__P1P2	8	0.28136	0.097831	0.192104	495	5	-0.084291	0.85102	0.86364	1.0	676	0	0
CHEK2__P1P2	8	0.28194	0.098236	0.192511	496	2	0.14698	0.00048091	4.9462e-06	5.4e-05	18	2	0
SNRK__P1P2	8	0.28297	0.099008	0.193633	497	5	-0.13525	0.79623	0.7954	1.0	614	0	0
NEUROD1__P1P2	8	0.28628	0.10153	0.198168	498	5	-0.016719	0.25077	0.055086	0.371828	143	0	0
C1orf101__P1P2	8	0.28716	0.10248	0.198447	499	3	-0.21608	0.58941	0.52226	1.0	413	0	0
TAF3__P1P2	8	0.28757	0.10249	0.198447	500	4	-0.1101	0.436	0.28307	0.930489	290	0	0
CTNNB1__P1P2	8	0.28773	0.10249	0.198447	501	5	-0.02934	0.40842	0.24372	0.858365	269	0	0
PLEKHH2__P1P2	8	0.2878	0.10249	0.198447	502	4	-0.087265	0.21544	0.021006	0.173036	116	0	0
PPP2R1A__P1	8	0.28834	0.1031	0.199237	503	5	-0.31628	0.8025	0.80169	1.0	620	0	0
MANSC1__P1P2	8	0.28962	0.10367	0.199929	504	3	-0.25012	0.31254	0.13893	0.677228	188	0	0
PIP4K2C__P1P2	8	0.29271	0.1059	0.203837	505	3	-0.20029	0.65285	0.6149	1.0	472	0	0
ANAPC7__P1P2	8	0.29415	0.10674	0.205049	506	5	-0.072843	0.80744	0.80812	1.0	625	0	0
BIVM__P1	8	0.29461	0.10708	0.205289	507	3	-0.046827	0.70669	0.68712	1.0	527	0	0
FCGR1A__149755456	8	0.29693	0.10847	0.207554	508	2	-0.059377	0.44247	0.28623	0.930489	297	0	0
FNIP1__P1P2	8	0.29937	0.10996	0.209568	509	5	-0.058571	0.88284	0.89953	1.0	714	0	0
STK3__P1P2	8	0.30084	0.11085	0.210459	510	5	-0.054351	0.70585	0.6855	1.0	525	0	0
ARHGEF5__144052240	8	0.30174	0.11086	0.210459	511	4	-0.047919	0.75502	0.7434	1.0	576	0	0
NOSIP__P1P2	8	0.30443	0.11267	0.213082	512	5	0.0044274	0.42541	0.2634	0.89833	284	0	0
ELOVL6__P1P2	8	0.30464	0.11268	0.213082	513	5	-0.18109	0.966	0.98419	1.0	819	0	0
NDUFS4__P1P2	8	0.30591	0.11344	0.213691	514	5	-0.13722	0.63239	0.58559	1.0	458	0	0
GOLGA7B__P1P2	8	0.30597	0.11344	0.213691	515	2	-0.20333	0.44346	0.28623	0.930489	299	0	0
GPR89B__147400326	8	0.31254	0.11958	0.224827	516	4	-0.22434	0.72481	0.7037	1.0	549	0	0
ANKRD17__P1P2	8	0.31485	0.12137	0.22774	517	5	-0.10141	0.36594	0.19827	0.804843	236	0	0
CWC27__P1P2	8	0.31613	0.1216	0.22774	518	5	-0.14536	0.8168	0.81731	1.0	638	0	0
FAM83H__P1P2	8	0.31659	0.12185	0.227764	519	5	-0.1403	0.68664	0.66445	1.0	508	0	0
USF2__P1P2	8	0.3185	0.123	0.229029	520	5	-0.070639	0.84074	0.84633	1.0	664	0	0
REC8__P1P2	8	0.32052	0.12479	0.231918	521	4	-0.14715	0.27728	0.10043	0.591696	157	0	0
CNTD2__P1	8	0.32268	0.12797	0.237384	522	5	-0.071452	0.93071	0.95294	1.0	767	0	0
IL18R1__P1	8	0.32783	0.13429	0.248636	523	4	-0.036072	0.30176	0.13184	0.677228	177	0	0
MED24__P1P2	8	0.32861	0.13531	0.249918	524	3	-0.314	0.85258	0.86439	1.0	680	0	0
IRX1__P1P2	8	0.3291	0.1355	0.249918	525	4	-0.18981	0.91515	0.93491	1.0	748	0	0
TATDN2__P1P2	8	0.33085	0.13742	0.252977	526	5	-0.050998	0.68843	0.66445	1.0	509	0	0
GLYR1__P1P2	8	0.33326	0.1399	0.256577	527	5	-0.091788	0.85211	0.86439	1.0	679	0	0
HNRNPUL1__P1P2	11	0.33619	0.10873	0.207638	528	5	-0.014223	0.25639	0.017356	0.145433	147	0	0
SF3A2__P2	8	0.33655	0.14125	0.258556	529	5	-0.076401	0.65383	0.61491	1.0	473	0	0
EMD__P1P2	8	0.3383	0.14169	0.258883	530	4	-0.046226	0.81718	0.81731	1.0	640	0	0
SAMD1__P1P2	8	0.33884	0.14203	0.259011	531	3	-0.20877	0.26476	0.068223	0.433415	153	0	0
C11orf58__P1P2	8	0.33943	0.14259	0.259552	532	4	-0.2585	0.94371	0.96433	1.0	786	0	0
WDR18__P1P2	8	0.34375	0.14666	0.266454	533	3	-0.17157	0.84369	0.849	1.0	668	0	0
ISCA1__P1P2	8	0.34572	0.14847	0.26924	534	3	-0.12828	0.1945	0.012825	0.117607	101	0	0
TTLL10__P1	8	0.34671	0.14916	0.269992	535	5	-0.02469	0.86664	0.88329	1.0	693	0	0
CENPO__P1P2	8	0.35196	0.15801	0.285468	536	3	-0.30384	0.71725	0.70091	1.0	541	0	0
DCP1A__P1P2	8	0.35317	0.15947	0.287578	537	5	-0.029563	0.64924	0.60908	1.0	468	0	0
VPS26A__P1P2	8	0.35508	0.16109	0.289966	538	4	-0.10969	0.76496	0.75472	1.0	587	0	0
RBL1__P1P2	8	0.35608	0.16191	0.290905	539	5	-0.14174	0.98184	0.99367	1.0	850	0	0
CD22__P1P2	11	0.35711	0.12219	0.227955	540	4	-0.21616	0.2036	4.9462e-06	5.4e-05	108	0	0
WDR86__P1P2	8	0.3587	0.16446	0.294928	541	3	-0.12766	0.58599	0.52011	1.0	409	0	0
IBA57__P1P2	8	0.35982	0.16529	0.295328	542	4	-0.20999	0.79908	0.79738	1.0	616	0	0
GPR89A__ENST00000313835.9	8	0.3599	0.16529	0.295328	543	5	-0.058604	0.94318	0.96432	1.0	785	0	0
GTF3A__P1P2	8	0.36448	0.16955	0.302391	544	3	-0.20788	0.20266	0.01704	0.144105	106	0	0
PKNOX1__P1P2	9	0.36528	0.13898	0.255371	545	4	-0.0019914	0.74037	0.71585	1.0	567	0	0
CRLS1__P1P2	8	0.36659	0.17	0.302629	546	2	-0.15278	0.36871	0.20189	0.804843	237	0	0
CDC42EP5__P1P2	8	0.37036	0.17036	0.302726	547	4	-0.23224	0.35365	0.18012	0.764549	226	0	0
FLII__18161284	8	0.37276	0.17122	0.303701	548	4	-0.10626	0.93677	0.95881	1.0	777	0	0
KCTD10__P1P2	8	0.37333	0.1716	0.303813	549	4	-0.11354	0.6695	0.64021	1.0	490	0	0
CD99L2__P1P2	8	0.37548	0.17211	0.30417	550	3	-0.11429	0.18489	0.0085717	0.083317	97	0	0
ATXN2L__P1P2	8	0.3781	0.17247	0.304246	551	3	-0.0093708	0.5337	0.44289	1.0	368	0	0
ATRN__P1P2	8	0.37924	0.1731	0.304809	552	4	-0.017284	0.26223	0.068223	0.433415	150	0	0
PDIA4__P1P2	8	0.38238	0.17395	0.305754	553	3	-0.15751	0.61769	0.56498	1.0	444	0	0
EIF4H__P1P2	8	0.38562	0.17461	0.306347	554	3	-0.15993	0.70272	0.67725	1.0	523	0	0
CACHD1__P1P2	8	0.38684	0.17514	0.306731	555	4	0.010738	0.46197	0.32328	0.991249	317	0	0
C6orf47__P1P2	8	0.38945	0.17581	0.307355	556	4	-0.069961	0.89176	0.90878	1.0	728	0	0
RAD21__P1P2	8	0.39844	0.17863	0.311382	557	3	-0.19613	0.7598	0.74719	1.0	582	0	0
ROR1__P1P2	8	0.39924	0.17881	0.311382	558	4	-0.034268	0.36428	0.19492	0.802824	234	0	0
THAP2__P1	8	0.40043	0.17908	0.311382	559	4	-0.076574	0.54252	0.45591	1.0	378	0	0
GRWD1__P1P2	8	0.40254	0.18258	0.316904	560	3	-0.035266	0.67909	0.6593	1.0	499	0	0
ARHGAP11B__30918117	8	0.4079	0.18551	0.321413	561	2	-0.20778	0.82755	0.82667	1.0	654	0	0
PTPN12__P1P2	8	0.41054	0.18617	0.321987	562	3	0.072383	0.44444	0.28954	0.938125	300	0	0
XKR8__P1P2	8	0.41506	0.1881	0.324078	563	4	-0.018147	0.19039	0.012816	0.117607	99	0	0
LTN1__P1P2	8	0.41578	0.1881	0.324078	564	4	-0.13557	0.83841	0.84328	1.0	660	0	0
GMEB1__P1P2	8	0.41867	0.18862	0.324078	565	4	-0.068139	0.58485	0.51767	1.0	407	0	0
ADD1__P1P2	8	0.41915	0.18871	0.324078	566	4	-0.014638	0.52431	0.42668	1.0	360	0	0
RAC1__P1P2	8	0.42385	0.1906	0.326172	567	4	-0.088201	0.41206	0.24373	0.858365	274	0	0
RTKN2__P1P2	8	0.42517	0.19099	0.326172	568	4	-0.056873	0.47432	0.34782	1.0	325	0	0
AES__P1P2	8	0.42587	0.19107	0.326172	569	2	0.064994	0.33482	0.15401	0.706118	212	0	0
ARRDC4__P1P2	8	0.42642	0.19127	0.326172	570	2	-0.082047	0.49055	0.36919	1.0	337	0	0
ARID1A__P1P2	8	0.43168	0.19328	0.32902	571	4	-0.076715	0.87782	0.8937	1.0	705	0	0
CAB39__P1P2	8	0.43436	0.19467	0.330798	572	4	-0.050078	0.37421	0.20534	0.804843	245	0	0
TNRC6A__P1P2	8	0.44044	0.1992	0.337483	573	3	-0.0024378	0.21075	0.01705	0.144105	112	0	0
SPINT1__P1P2	8	0.44111	0.19946	0.337483	574	4	-0.04652	0.54955	0.46613	1.0	382	0	0
AGO1__36348590	8	0.44172	0.19964	0.337483	575	3	-0.015624	0.7422	0.72309	1.0	570	0	0
HOXC4__ENST00000430889.2	8	0.4457	0.2017	0.33978	576	4	-0.064872	0.33655	0.15784	0.716953	213	0	0
CTXN1__P1P2	8	0.44887	0.20451	0.343916	577	2	-0.077863	0.44592	0.29268	0.942005	302	0	0
PIH1D1__P1P2	8	0.44958	0.20522	0.343924	578	4	-0.058763	0.37803	0.20535	0.804843	247	0	0
GTF2H2C__68855815	8	0.44959	0.20522	0.343924	579	3	-0.069696	0.71752	0.70091	1.0	542	0	0
DCUN1D1__P1P2	8	0.4509	0.20558	0.343928	580	3	-0.037355	0.46484	0.32963	0.998158	319	0	0
COG6__P1P2	8	0.45278	0.20707	0.345255	581	1	-0.054265	0.23394	0.042611	0.31617	127	0	0
MNT__P1P2	8	0.45301	0.20708	0.345255	582	4	-0.091433	0.77922	0.77185	1.0	606	0	0
PLEKHG2__P1P2	8	0.45457	0.20855	0.347101	583	4	-0.059239	0.69783	0.67271	1.0	518	0	0
UBE2E2__P1P2	8	0.4557	0.21004	0.348989	584	2	-0.059456	0.57166	0.50615	1.0	398	0	0
CTIF__P1P2	8	0.45864	0.21184	0.35138	585	3	-0.084247	0.82487	0.82199	1.0	649	0	0
PDZK1__145727481	8	0.46137	0.21358	0.353079	586	3	-0.088682	0.41722	0.25056	0.866702	280	0	0
SPRR2G__P1P2	8	0.46194	0.21359	0.353079	587	4	-0.065474	0.60212	0.53969	1.0	426	0	0
PRC1__P1P2	8	0.46242	0.21426	0.35359	588	4	-0.13444	0.82014	0.8201	1.0	642	0	0
EVX2__P1P2	11	0.46457	0.20145	0.33978	589	6	-0.004124	0.20452	4.9462e-06	5.4e-05	109	0	0
KIAA0247__P1P2	8	0.46581	0.21719	0.357815	590	3	0.02089	0.41465	0.25055	0.866702	276	0	0
GPX3__P1P2	8	0.46912	0.22013	0.361482	591	4	-0.18903	0.58866	0.52226	1.0	411	0	0
FAM58A__P1P2	8	0.47054	0.22109	0.361482	592	2	-0.076269	0.71201	0.69303	1.0	536	0	0
RSPH3__P1P2	8	0.47066	0.22109	0.361482	593	4	-0.063642	0.59017	0.52473	1.0	414	0	0
CFC1B__131278628	8	0.47077	0.22109	0.361482	594	3	-0.011394	0.68152	0.66444	1.0	503	0	0
MON2__P1P2	8	0.47188	0.22128	0.361482	595	4	-0.01006	0.33366	0.15401	0.706118	211	0	0
SMCHD1__P1P2	8	0.47333	0.22228	0.361898	596	4	-0.068411	0.70894	0.69034	1.0	531	0	0
SLC38A10__P1P2	8	0.47357	0.22228	0.361898	597	4	-0.20704	0.7081	0.69034	1.0	530	0	0
HIVEP1__P1P2	8	0.476	0.22336	0.362829	598	4	-0.042037	0.59805	0.53523	1.0	421	0	0
TMEM198__P1P2	8	0.47697	0.2236	0.362829	599	4	0.051341	0.45763	0.31677	0.983949	311	0	0
FERMT1__P1P2	8	0.47807	0.22397	0.362829	600	4	-0.13273	0.59243	0.52895	1.0	415	0	0
RPUSD4__P1P2	8	0.48449	0.22856	0.369648	601	4	-0.12933	0.8029	0.8017	1.0	621	0	0
GNA13__P1P2	8	0.48857	0.23193	0.373257	602	2	0.024262	0.20063	0.01704	0.144105	105	0	0
RRP8__P1P2	8	0.48975	0.23194	0.373257	603	3	-0.051984	0.6654	0.63533	1.0	484	0	0
TTC23L__P1P2	8	0.49006	0.23194	0.373257	604	4	-0.016519	0.4375	0.28308	0.930489	292	0	0
KCTD3__P1P2	8	0.49596	0.23684	0.380507	605	3	-0.042623	0.29084	0.11194	0.632575	170	0	0
LRP6__P1P2	8	0.49878	0.23831	0.382243	606	4	0.039546	0.059088	4.9462e-06	5.4e-05	27	1	0
DPP9__P1	8	0.50991	0.25165	0.402304	607	4	0.033505	0.25205	0.059597	0.394133	144	0	0
TRAPPC6B__P1P2	8	0.51167	0.2548	0.406451	608	4	-0.10492	0.8591	0.87673	1.0	688	0	0
BRD2__P1	8	0.51208	0.2555	0.406451	609	4	-0.039039	0.58446	0.51767	1.0	406	0	0
FRMPD2__49481953	8	0.51211	0.2555	0.406451	610	3	-0.086426	0.54997	0.46613	1.0	383	0	0
TPI1__P1P2	8	0.51449	0.25677	0.407148	611	3	0.010438	0.31076	0.13546	0.677228	186	0	0
CYFIP2__P1P2	8	0.51449	0.25677	0.407148	612	4	0.0067744	0.68873	0.66445	1.0	510	0	0
GNE__P1P2	11	0.51781	0.24878	0.398373	613	5	-0.025115	0.4332	0.21507	0.823284	288	0	0
GTF2IRD2B__74508172	8	0.51835	0.26026	0.412013	614	4	0.034615	0.31135	0.13546	0.677228	187	0	0
GNPNAT1__P1P2	8	0.51998	0.26122	0.41286	615	3	-0.1309	0.61734	0.56498	1.0	443	0	0
CALU__P1P2	8	0.52149	0.2625	0.414203	616	4	-0.069915	0.25397	0.059606	0.394133	146	0	0
SMARCA5__P1P2	8	0.52342	0.2643	0.416368	617	4	-0.0069852	0.63101	0.58092	1.0	457	0	0
FAM115C__143317820	8	0.5243	0.26606	0.418464	618	3	-0.070765	0.15615	4.9462e-06	5.4e-05	73	0	0
AGO2__141644983	8	0.52877	0.27037	0.423876	619	3	-0.028899	0.73711	0.71744	1.0	565	0	0
ARHGAP11A__32907502	8	0.53328	0.27541	0.431074	620	4	0.0085491	0.48596	0.36622	1.0	334	0	0
CLDN3__P1P2	8	0.5364	0.27898	0.435962	621	4	0.031489	0.36483	0.19492	0.802824	235	0	0
CISD1__P1P2	8	0.53764	0.27999	0.436836	622	3	-0.069211	0.81035	0.81118	1.0	628	0	0
NCOA6__P1P2	8	0.54017	0.28236	0.439835	623	3	0.018645	0.28162	0.10044	0.591696	162	0	0
LOC643037__P1P2	8	0.5412	0.28398	0.441638	624	4	0.0058076	0.281	0.10044	0.591696	161	0	0
USP15__P1P2	8	0.5447	0.28822	0.447284	625	4	-0.064688	0.51387	0.41078	1.0	353	0	0
ACADS__P1P2	8	0.54543	0.28853	0.447284	626	2	-0.029362	0.2616	0.068213	0.433415	149	0	0
TUFM__28856875	8	0.54736	0.29017	0.449113	627	3	0.047605	0.2201	0.033867	0.269901	117	0	0
TMSB10__P1P2	8	0.54955	0.29313	0.45297	628	2	-0.038897	0.7801	0.773	1.0	607	0	0
ACTA2__P2	8	0.54997	0.29382	0.45332	629	3	-0.11875	0.44838	0.30503	0.962647	303	0	0
GPRIN2__46993345	8	0.55315	0.29932	0.461074	630	4	-0.002731	0.88658	0.90244	1.0	720	0	0
CCNK__P2	11	0.55322	0.26755	0.420133	631	5	-0.026761	0.83529	0.81987	1.0	658	0	0
C20orf196__P1P2	8	0.55398	0.29984	0.46115	632	3	-0.062652	0.30237	0.13184	0.677228	178	0	0
SLTM__P1P2	8	0.55822	0.30429	0.467258	633	3	0.00035121	0.16324	4.9462e-06	5.4e-05	79	0	0
CNOT11__P1P2	8	0.56053	0.3079	0.472056	634	2	0.031516	0.31432	0.13893	0.677228	190	0	0
CCDC77__P2	8	0.56148	0.30883	0.472736	635	4	-0.032748	0.59431	0.53105	1.0	418	0	0
ZNF710__P1P2	8	0.56245	0.30949	0.472991	636	4	-0.011945	0.24045	0.050921	0.35873	132	0	0
ELK3__P1P2	8	0.56907	0.31905	0.486845	637	4	0.0027974	0.61196	0.55646	1.0	438	0	0
PRSS40A__131328218	8	0.5712	0.3208	0.488466	638	4	-0.040987	0.70329	0.6788	1.0	524	0	0
ATL3__P1P2	8	0.5721	0.32112	0.488466	639	2	-0.017299	0.37256	0.20534	0.804843	242	0	0
ARF1__P1P2	8	0.57378	0.32287	0.489597	640	4	-0.036583	0.60027	0.53764	1.0	424	0	0
VPS9D1__P1P2	8	0.5738	0.32287	0.489597	641	4	-0.06767	0.47338	0.34493	1.0	324	0	0
SCAF11__P1P2	8	0.57726	0.32812	0.496	642	4	-0.032421	0.78957	0.78564	1.0	612	0	0
VGLL3__P1P2	8	0.57899	0.33079	0.499261	643	4	-0.058487	0.73531	0.71586	1.0	562	0	0
PAXIP1__P1P2	8	0.58346	0.33579	0.50603	644	4	-0.017306	0.79705	0.7954	1.0	615	0	0
ZFAT__P1	8	0.58709	0.33949	0.510814	645	2	-0.073623	0.53158	0.43726	1.0	367	0	0
SREBF1__P1	8	0.58862	0.34071	0.511062	646	4	-0.062924	0.61232	0.55646	1.0	439	0	0
SLC25A46__P1P2	8	0.58874	0.34071	0.511062	647	3	-0.094493	0.87795	0.8937	1.0	706	0	0
SPEN__P1P2	8	0.59376	0.34772	0.520779	648	4	-0.057463	0.87504	0.89245	1.0	700	0	0
KAT6A__P1P2	8	0.59501	0.35046	0.523773	649	3	-0.067813	0.4586	0.31987	0.983949	312	0	0
NUDT15__P1P2	8	0.59637	0.3508	0.523773	650	3	-0.017185	0.6911	0.66445	1.0	512	0	0
RIC8A__P2	8	0.59889	0.35395	0.52688	651	3	0.013035	0.54085	0.45321	1.0	376	0	0
RNF2__P1P2	8	0.59912	0.35396	0.52688	652	4	-0.073632	0.92354	0.94385	1.0	759	0	0
TXNDC16__P1P2	8	0.59981	0.35602	0.529133	653	4	-0.033714	0.93315	0.95531	1.0	773	0	0
AJUBA__P1P2	8	0.60121	0.35899	0.530885	654	4	0.023682	0.35309	0.18012	0.764549	225	0	0
SKP2__P1P2	8	0.60129	0.359	0.530885	655	4	0.010795	0.49873	0.37793	1.0	342	0	0
HCN2__P1P2	8	0.60144	0.359	0.530885	656	4	0.018993	0.2635	0.068223	0.433415	151	0	0
C11orf71__P1P2	8	0.60167	0.35938	0.530885	657	4	-0.033556	0.30897	0.13545	0.677228	184	0	0
MRE11A__P1P2	8	0.60214	0.36023	0.531319	658	4	0.01478	0.30056	0.12812	0.677228	176	0	0
H2AFX__P1P2	8	0.60446	0.36541	0.536861	659	4	-0.050574	0.76728	0.75868	1.0	590	0	0
WNT3A__P1P2	8	0.60464	0.36541	0.536861	660	4	-0.0062807	0.25652	0.063979	0.420186	148	0	0
MED16__P1P2	8	0.60512	0.36644	0.536861	661	3	-0.008131	0.4696	0.3387	1.0	323	0	0
MLLT3__P1P2	8	0.60608	0.36673	0.536861	662	4	-0.0040261	0.30717	0.13185	0.677228	182	0	0
FAM122A__P1P2	8	0.60654	0.36674	0.536861	663	4	0.097518	0.11917	4.9462e-06	5.4e-05	51	0	0
ZNF286A__15602675	8	0.60862	0.37087	0.541712	664	4	0.014354	0.31965	0.14282	0.677228	195	0	0
BCL2L13__P1P2	8	0.61168	0.37172	0.541712	665	2	0.042577	0.39472	0.22605	0.832295	259	0	0
USP44__P1	8	0.61179	0.37173	0.541712	666	3	-0.096026	0.69899	0.67272	1.0	519	0	0
IFT88__P1P2	8	0.61248	0.37281	0.54247	667	3	0.011599	0.60432	0.54413	1.0	430	0	0
PURB__P1P2	8	0.61622	0.37874	0.550283	668	4	0.018062	0.50857	0.40049	1.0	348	0	0
NAIP__70315936	8	0.61714	0.37968	0.550825	669	4	-0.025754	0.66572	0.63533	1.0	485	0	0
FAM222B__P1	11	0.61753	0.32376	0.490182	670	5	-0.030149	0.85445	0.84521	1.0	684	0	0
HDAC8__P1P2	8	0.61959	0.38224	0.553701	671	3	-0.066207	0.4345	0.27993	0.930489	289	0	0
GAPVD1__P1P2	8	0.62144	0.3877	0.560776	672	2	0.0039629	0.66919	0.64021	1.0	489	0	0
NCF1__74188108	8	0.62492	0.39428	0.568613	673	4	-0.014716	0.74169	0.72309	1.0	569	0	0
GNAI1__P1P2	8	0.62538	0.39429	0.568613	674	4	-0.065252	0.71285	0.69304	1.0	538	0	0
LAMC1__P1P2	8	0.62639	0.39716	0.569924	675	2	0.034142	0.39206	0.22257	0.832082	258	0	0
FAM107A__P1P2	8	0.62674	0.39717	0.569924	676	4	-0.032805	0.13675	4.9462e-06	5.4e-05	62	0	0
SERF1B__69320873	8	0.6272	0.39754	0.569924	677	4	0.059632	0.30597	0.13185	0.677228	180	0	0
ISOC2__P1	8	0.62811	0.39852	0.570487	678	4	0.011606	0.322	0.14282	0.677228	199	0	0
INTS6__P1P2	8	0.6297	0.40088	0.573027	679	4	-0.012233	0.7366	0.71743	1.0	564	0	0
FAM203A__ENST00000347708.4	8	0.63197	0.40515	0.578271	680	4	-0.088599	0.9447	0.96517	1.0	789	0	0
ING1__P1	8	0.63287	0.40597	0.578594	681	4	-0.093804	0.95453	0.97581	1.0	801	0	0
HRAS__P1	8	0.63453	0.41087	0.584159	682	3	0.020114	0.56293	0.49405	1.0	391	0	0
TPR__P1P2	8	0.63479	0.41133	0.584159	683	2	-0.053437	0.61982	0.56885	1.0	446	0	0
KLF5__P1P2	8	0.63614	0.4133	0.584159	684	3	0.053313	0.17308	0.0043279	0.044855	87	0	0
INPP4A__P1P2	8	0.63644	0.41357	0.584159	685	3	-0.049643	0.87624	0.89306	1.0	702	0	0
RBM5__P1P2	8	0.63798	0.41358	0.584159	686	3	-0.065843	0.53624	0.44528	1.0	371	0	0
ARHGAP21__P1P2	8	0.63799	0.41358	0.584159	687	3	0.043087	0.44048	0.28622	0.930489	294	0	0
GFRA4__ENST00000290417.2_ENST00000319242.3	8	0.6396	0.41408	0.584159	688	3	-0.068308	0.90996	0.92951	1.0	744	0	0
PTPN20B__48826780	8	0.64212	0.41548	0.584444	689	3	0.016601	0.29023	0.11193	0.632575	169	0	0
MESDC2__P1P2	8	0.64235	0.41548	0.584444	690	3	0.081363	0.34458	0.17256	0.762391	219	0	0
LDB3__P1P2	8	0.65084	0.42091	0.58951	691	2	0.0089886	0.77071	0.76107	1.0	598	0	0
TICAM2__P2	8	0.65101	0.42091	0.58951	692	3	0.022206	0.55405	0.47294	1.0	386	0	0
MTF1__P1P2	8	0.65124	0.42091	0.58951	693	3	-0.066572	0.84867	0.86056	1.0	672	0	0
SFPQ__P1P2	8	0.65304	0.42198	0.59017	694	3	-0.051839	0.66094	0.62791	1.0	479	0	0
SAP30BP__P1P2	8	0.65482	0.42321	0.591035	695	3	0.00032257	0.93772	0.95902	1.0	778	0	0
NPDC1__P1P2	8	0.658	0.42495	0.592615	696	3	-0.053231	0.90916	0.9286	1.0	743	0	0
PTPRF__P1P2	8	0.65976	0.42604	0.593282	697	2	0.020297	0.56373	0.49405	1.0	392	0	0
ZEB2__P1	8	0.6619	0.42706	0.59385	698	2	-0.083235	0.64625	0.60712	1.0	466	0	0
TRIM56__P1P2	8	0.66736	0.43197	0.598089	699	3	0.011371	0.51431	0.41078	1.0	354	0	0
DET1__P1P2	8	0.6678	0.43222	0.598089	700	3	-0.0094605	0.77523	0.7674	1.0	600	0	0
LSM12__P1P2	8	0.6678	0.43222	0.598089	701	3	0.056825	0.19518	0.012825	0.117607	102	0	0
SMAD1__P1P2	8	0.66825	0.43257	0.598089	702	3	0.018221	0.67878	0.65929	1.0	498	0	0
CST1__P1P2	8	0.67001	0.43396	0.599165	703	3	-0.0042945	0.71118	0.69167	1.0	535	0	0
C6orf62__P1	11	0.67769	0.39569	0.569793	704	4	-0.029525	0.19339	4.9462e-06	5.4e-05	100	0	0
TM9SF3__P1P2	8	0.67787	0.44007	0.606731	705	2	0.072461	0.46052	0.31988	0.983949	316	0	0
CCNE1__P1P2	8	0.68189	0.44167	0.608078	706	2	0.13061	0.24627	0.055076	0.371828	139	0	0
FAM102A__P1P2	8	0.68678	0.44571	0.612767	707	3	0.010104	0.7109	0.69166	1.0	534	0	0
PAN2__P1P2	8	0.68903	0.44669	0.613208	708	1	0.36849	0.083844	4.9462e-06	5.4e-05	34	0	0
PORCN__P2	8	0.68984	0.44729	0.613208	709	2	0.0019739	0.48458	0.36365	1.0	333	0	0
SLX1A__30205037	8	0.69169	0.44875	0.614349	710	2	-0.0091366	0.72773	0.70808	1.0	554	0	0
NUDT22__P1P2	8	0.69422	0.4509	0.616419	711	2	0.053665	0.51255	0.40566	1.0	352	0	0
ZC3H7B__P1P2	8	0.6956	0.45258	0.616706	712	3	0.049702	0.48319	0.36364	1.0	330	0	0
CAP1__P1P2	8	0.69629	0.45259	0.616706	713	3	0.017044	0.21209	0.01705	0.144105	113	0	0
CSK__P1P2	8	0.69807	0.45338	0.616706	714	3	-0.0081991	0.41102	0.24373	0.858365	272	0	0
TAF4__P1P2	8	0.69927	0.45448	0.616706	715	3	-0.023462	0.81379	0.81453	1.0	634	0	0
ZNF286B__18584835	8	0.70038	0.45491	0.616706	716	3	-0.0028117	0.40476	0.23997	0.858365	264	0	0
SRSF11__P2	8	0.70243	0.45492	0.616706	717	3	0.091574	0.16536	4.9462e-06	5.4e-05	82	0	0
EAF1__P1P2	8	0.70415	0.45643	0.617896	718	3	-0.02415	0.74043	0.72308	1.0	568	0	0
ZSCAN18__P2	8	0.7151	0.47148	0.637377	719	3	-0.039508	0.85056	0.86363	1.0	675	0	0
CUL3__P1P2	8	0.728	0.48675	0.657111	720	3	-0.045751	0.82143	0.8211	1.0	644	0	0
NOTCH2NL__145208892	8	0.73062	0.48851	0.658574	721	2	0.070373	0.2411	0.050931	0.35873	133	0	0
EIF4A1__P1P2	8	0.73141	0.49008	0.659779	722	2	0.031884	0.24175	0.050931	0.35873	134	0	0
PRCP__P1	8	0.73732	0.49831	0.669932	723	3	0.00034282	0.49147	0.3692	1.0	339	0	0
SNAP29__P1P2	8	0.73878	0.5001	0.67141	724	3	-0.075912	0.29693	0.12428	0.677228	173	0	0
TMEM194A__P1P2	8	0.74005	0.50138	0.671759	725	3	-0.00041133	0.7224	0.70231	1.0	547	0	0
PCGF1__P1P2	8	0.74025	0.50175	0.671759	726	3	0.07513	0.43098	0.27636	0.930489	286	0	0
SRSF6__P1	8	0.7467	0.50863	0.68004	727	2	0.0035887	0.21276	0.01705	0.144105	114	0	0
MYH9__P1P2	8	0.7486	0.51151	0.681777	728	3	0.0074554	0.45908	0.31987	0.983949	313	0	0
JPH3__P1P2	8	0.74942	0.51203	0.681777	729	1	0.014326	0.56771	0.49644	1.0	396	0	0
SCYL1__P1P2	8	0.75813	0.52314	0.695056	730	2	0.013554	0.15757	4.9462e-06	5.4e-05	74	0	0
CLK3__P2	8	0.7591	0.5237	0.695056	731	3	0.061049	0.28593	0.10413	0.609737	165	0	0
KRTCAP3__P1P2	8	0.76003	0.52415	0.695056	732	3	-0.0030393	0.38616	0.21927	0.826122	254	0	0
ZMYM4__P1P2	11	0.76166	0.5104	0.681471	733	3	0.017153	0.24416	0.01148	0.110482	137	0	0
ZNF444__P1P2	8	0.76336	0.52677	0.696377	734	3	-0.00011651	0.38508	0.21599	0.823284	253	0	0
GTDC1__P1P2	8	0.76391	0.52729	0.696377	735	3	0.010261	0.8474	0.85826	1.0	671	0	0
PRKCI__P1P2	8	0.7641	0.5273	0.696377	736	3	0.011122	0.43198	0.27636	0.930489	287	0	0
PTPN20B__48806138	8	0.7663	0.53054	0.697479	737	3	-0.069303	0.72614	0.70522	1.0	551	0	0
HIF1AN__P1P2	8	0.76709	0.5311	0.697479	738	2	0.076986	0.32141	0.14282	0.677228	198	0	0
OGFR__P1P2	8	0.76721	0.53111	0.697479	739	3	0.057039	0.34344	0.17255	0.762391	218	0	0
MPHOSPH8__P1	8	0.76747	0.53171	0.697479	740	2	0.081169	0.29874	0.12811	0.677228	175	0	0
PFDN5__P1P2	8	0.76813	0.53172	0.697479	741	3	0.040485	0.39685	0.22606	0.832295	260	0	0
MED13L__P1P2	8	0.77127	0.5376	0.704236	742	2	0.027703	0.32552	0.14283	0.677228	204	0	0
KAT7__P1P2	8	0.7723	0.5397	0.706045	743	1	-0.011929	0.76866	0.75869	1.0	593	0	0
TMTC2__P1P2	8	0.779	0.54414	0.710899	744	2	0.018405	0.20739	0.01705	0.144105	110	0	0
USP10__P1P2	8	0.78103	0.54838	0.715469	745	3	0.063592	0.16394	4.9462e-06	5.4e-05	80	0	0
ROCK1__18690984	8	0.78358	0.55321	0.719834	746	2	0.042138	0.62545	0.57305	1.0	451	0	0
RPL29__P1P2	8	0.78509	0.55645	0.723088	747	2	-0.02151	0.1835	0.0085717	0.083317	96	0	0
YPEL3__P1P2	8	0.78574	0.55818	0.723196	748	1	0.10862	0.34969	0.1762	0.764549	223	0	0
G0S2__P1P2	8	0.78627	0.55876	0.723196	749	3	0.049824	0.46865	0.33568	1.0	322	0	0
LYPLA2__P1P2	8	0.78644	0.55877	0.723196	750	3	-0.04662	0.75357	0.74077	1.0	574	0	0
PTBP3__P1P2	8	0.7899	0.56894	0.735392	751	3	0.044458	0.32669	0.14653	0.691397	206	0	0
SLX1B__29465621	8	0.79058	0.56991	0.735666	752	3	0.011848	0.56811	0.49644	1.0	397	0	0
MAP3K7__P1P2	8	0.7923	0.57251	0.738032	753	1	0.15243	0.14901	4.9462e-06	5.4e-05	71	0	0
NPY4R__P1P2	8	0.79366	0.57476	0.739958	754	3	-0.034247	0.75429	0.74077	1.0	575	0	0
ZBTB2__P1P2	8	0.79499	0.57778	0.742858	755	2	-0.00033523	0.779	0.77185	1.0	605	0	0
PINK1__P1P2	8	0.79636	0.5799	0.744595	756	3	-0.033117	0.67848	0.65929	1.0	497	0	0
C14orf119__P1P2	8	0.79725	0.5809	0.744907	757	2	0.023604	0.35083	0.1762	0.764549	224	0	0
OPRD1__P1P2	8	0.79771	0.58182	0.745104	758	3	0.011247	0.8019	0.80061	1.0	619	0	0
S100A16__P1P2	8	0.79999	0.58643	0.749666	759	3	0.0038901	0.54127	0.45321	1.0	377	0	0
OCIAD1__P1P2	8	0.80033	0.5877	0.749666	760	2	0.077406	0.32259	0.14283	0.677228	200	0	0
PPM1F__P1P2	8	0.80088	0.58847	0.749666	761	3	0.058513	0.46627	0.32964	0.998158	320	0	0
KLHL5__P1P2	11	0.80152	0.55321	0.719834	762	4	-0.014968	0.94135	0.95164	1.0	783	0	0
FAM115A__143598483	8	0.80645	0.60139	0.764586	763	2	0.024665	0.65934	0.62606	1.0	477	0	0
SERPINB9__P1P2	8	0.80666	0.60176	0.764586	764	2	-0.023959	0.4079	0.24372	0.858365	268	0	0
DHRSX__P1P2	8	0.80764	0.60399	0.765439	765	1	0.14223	0.27914	0.10043	0.591696	158	0	0
STT3B__P1P2	8	0.80779	0.604	0.765439	766	3	0.0093275	0.84107	0.84633	1.0	665	0	0
WDR37__P1P2	8	0.80919	0.60655	0.767553	767	1	0.10072	0.15473	4.9462e-06	5.4e-05	72	0	0
SRGAP2__206636520	8	0.8099	0.60767	0.767553	768	3	-0.014193	0.87939	0.8943	1.0	709	0	0
PTPN20A__46619211	8	0.81013	0.60848	0.767553	769	3	-0.009334	0.50457	0.39481	1.0	345	0	0
TCF7L1__P1P2	8	0.81074	0.60883	0.767553	770	2	0.12588	0.22671	0.038348	0.295826	123	0	0
ZC3H14__P1P2	8	0.8115	0.61041	0.768552	771	2	-0.031851	0.84206	0.84713	1.0	667	0	0
NR2E3__P1P2	8	0.81247	0.61159	0.769038	772	3	0.066929	0.37201	0.20534	0.804843	241	0	0
CD8B__87088218	8	0.81407	0.61378	0.77079	773	3	0.045394	0.57245	0.50615	1.0	399	0	0
HIST1H2AB__P1P2	8	0.8147	0.61585	0.772401	774	3	-0.017798	0.72508	0.7037	1.0	550	0	0
CHST15__P2	8	0.81518	0.6167	0.772459	775	3	-0.034923	0.9244	0.94457	1.0	760	0	0
KMT2D__P1P2	8	0.81736	0.61946	0.774917	776	2	-0.019902	0.71006	0.69035	1.0	533	0	0
C17orf49__P2	8	0.81787	0.62171	0.776739	777	3	0.03961	0.50635	0.39754	1.0	346	0	0
C21orf58__P1	8	0.81813	0.62275	0.777038	778	2	0.05576	0.20334	0.01704	0.144105	107	0	0
ZNF655__P1P2	8	0.8199	0.62722	0.781614	779	3	-0.0022456	0.62928	0.58091	1.0	455	0	0
GPR137__P2	8	0.82069	0.63024	0.782794	780	2	0.060313	0.38884	0.21928	0.826122	256	0	0
CXorf56__P1P2	11	0.82229	0.58828	0.749666	781	3	0.077492	0.18211	4.9462e-06	5.4e-05	94	0	0
ZNF90__P1P2	8	0.82255	0.63058	0.782794	782	3	0.011575	0.54914	0.46612	1.0	381	0	0
FAM179B__P1P2	8	0.82259	0.63058	0.782794	783	2	0.04679	0.82343	0.82111	1.0	647	0	0
FBXL14__P1P2	8	0.82401	0.63501	0.787278	784	2	0.048209	0.43899	0.28622	0.930489	293	0	0
CNR1__P1P2	8	0.82821	0.64442	0.796921	785	2	0.070629	0.75574	0.74465	1.0	577	0	0
B3GAT3__P1P2	8	0.82826	0.64442	0.796921	786	1	0.28048	0.08766	4.9462e-06	5.4e-05	37	0	0
KDM5C__P1P2	8	0.82957	0.64844	0.799852	787	3	0.022299	0.19586	0.012825	0.117607	103	0	0
NOTCH2__120611488	8	0.82972	0.64844	0.799852	788	3	0.029767	0.62997	0.58092	1.0	456	0	0
CCDC64__ENST00000397558.2	8	0.83228	0.65126	0.802312	789	2	-0.016205	0.7682	0.75869	1.0	592	0	0
ITGB3__P1P2	8	0.83595	0.66542	0.817857	790	2	0.072511	0.31016	0.13546	0.677228	185	0	0
LHFP__P1P2	8	0.83707	0.66577	0.817857	791	2	0.061772	0.3325	0.154	0.706118	210	0	0
FAM60A__P1P2	8	0.83758	0.66648	0.817857	792	2	0.072349	0.64056	0.59583	1.0	464	0	0
PKDCC__P1P2	8	0.83832	0.66866	0.817857	793	3	0.016691	0.29267	0.11608	0.652207	172	0	0
NDUFC1__P2	8	0.83919	0.66901	0.817857	794	3	-0.030324	0.71807	0.70092	1.0	543	0	0
HYDIN__71263838	8	0.83925	0.66935	0.817857	795	1	-0.014356	0.52817	0.43199	1.0	363	0	0
SND1__P1P2	8	0.83994	0.66977	0.817857	796	2	0.17221	0.11027	4.9462e-06	5.4e-05	45	0	0
RABL5__P1P2	8	0.84271	0.67619	0.823463	797	1	0.062356	0.50679	0.39755	1.0	347	0	0
FUT7__P1P2	8	0.84343	0.6769	0.823463	798	2	0.046225	0.45132	0.30504	0.962647	307	0	0
FAM115A__143579171	8	0.84386	0.6769	0.823463	799	2	0.096748	0.27976	0.10044	0.591696	159	0	0
BOLA2__29465484	8	0.84458	0.67909	0.82509	800	2	0.040005	0.56173	0.49188	1.0	390	0	0
FAM98A__P1P2	8	0.84761	0.6888	0.835178	801	3	0.13173	0.17168	0.0043279	0.044855	86	0	0
TRIM52__P1P2	8	0.84803	0.68911	0.835178	802	3	-0.038131	0.91525	0.93491	1.0	749	0	0
BEND2__P1P2	8	0.84957	0.69232	0.838029	803	3	0.02419	0.63921	0.59383	1.0	463	0	0
KIFAP3__P1P2	8	0.85242	0.69982	0.846052	804	1	0.17172	0.13092	4.9462e-06	5.4e-05	58	0	0
TAF5L__P1P2	8	0.8537	0.70304	0.848883	805	3	0.13979	0.11621	4.9462e-06	5.4e-05	50	0	0
MID1IP1__P1P2	8	0.85506	0.70662	0.852046	806	2	0.06618	0.18073	0.0085618	0.083317	92	0	0
FBXO28__P1P2	8	0.85533	0.70741	0.852046	807	2	0.14808	0.058305	4.9462e-06	5.4e-05	26	1	0
TRIM28__P1P2	8	0.85696	0.71057	0.854799	808	2	0.055661	0.53918	0.45081	1.0	373	0	0
KAT6B__P1P2	8	0.87197	0.72754	0.874126	809	2	0.0010616	0.67602	0.65424	1.0	495	0	0
EPC1__P1P2	8	0.87847	0.73292	0.878421	810	1	0.083796	0.41671	0.25056	0.866702	279	0	0
TCF3__P1P2	8	0.88336	0.73769	0.88267	811	2	0.068835	0.55771	0.4824	1.0	388	0	0
AP3B1__P1P2	8	0.88473	0.73828	0.88267	812	1	0.037219	0.62405	0.57094	1.0	449	0	0
SLC11A2__P1	8	0.88859	0.74319	0.885174	813	2	0.03161	0.73479	0.71586	1.0	561	0	0
DHRS3__P1P2	8	0.88926	0.74359	0.885174	814	2	0.089313	0.54044	0.4532	1.0	375	0	0
PHYH__P1P2	8	0.88962	0.74401	0.885174	815	2	0.07177	0.28285	0.10044	0.591696	164	0	0
PLA2G7__P1P2	8	0.88998	0.74402	0.885174	816	2	0.01216	0.50233	0.38645	1.0	344	0	0
SLC4A1AP__P1P2	8	0.89317	0.74784	0.887861	817	1	0.11999	0.24756	0.055076	0.371828	141	0	0
SOX2__P1P2	11	0.89336	0.73019	0.876229	818	3	0.030617	0.71295	0.65286	1.0	539	0	0
KDM3A__P1P2	8	0.89396	0.74875	0.887861	819	2	0.10097	0.34058	0.16535	0.744057	216	0	0
CDK4__P1P2	8	0.89535	0.75015	0.887861	820	2	-0.057986	0.965	0.98369	1.0	816	0	0
NBPF14__148025047	8	0.89546	0.75015	0.887861	821	2	0.012398	0.58408	0.51767	1.0	405	0	0
TMEM229B__P1	8	0.89641	0.75085	0.887861	822	2	0.081431	0.38723	0.21927	0.826122	255	0	0
DMRT3__P1P2	8	0.8984	0.75353	0.889949	823	2	0.044698	0.70186	0.67724	1.0	521	0	0
MTF2__P1P2	8	0.9018	0.75703	0.893	824	2	0.12124	0.13747	4.9462e-06	5.4e-05	63	0	0
ZDHHC17__P1P2	8	0.90569	0.76414	0.899143	825	2	0.13607	0.15828	4.9462e-06	5.4e-05	75	0	0
DCUN1D3__P1P2	8	0.90597	0.76438	0.899143	826	1	0.2203	0.096007	4.9462e-06	5.4e-05	40	0	0
MAZ__P1P2	8	0.90628	0.76501	0.899143	827	2	0.10219	0.088422	4.9462e-06	5.4e-05	38	0	0
MED25__P1P2	8	0.91079	0.77373	0.908288	828	2	0.028584	0.62615	0.57306	1.0	452	0	0
ZIC2__P1P2	8	0.91176	0.77599	0.909849	829	1	0.0869	0.41568	0.25056	0.866702	278	0	0
HIST2H2BE__149857437	8	0.9187	0.79285	0.92516	830	2	0.003312	0.62893	0.58091	1.0	454	0	0
IFT172__P1P2	8	0.91879	0.79286	0.92516	831	2	0.085326	0.44887	0.30503	0.962647	304	0	0
PRAMEF12__ENST00000357726.4	8	0.91905	0.79286	0.92516	832	2	-0.01065	0.56652	0.49643	1.0	395	0	0
MLLT4__P1P2	8	0.91917	0.79286	0.92516	833	1	0.1048	0.30477	0.13185	0.677228	179	0	0
EIF4B__P1P2	8	0.92027	0.79526	0.92656	834	2	0.10856	0.6134	0.55848	1.0	440	0	0
STMND1__P1P2	8	0.92071	0.79596	0.92656	835	1	0.15426	0.13384	4.9462e-06	5.4e-05	60	0	0
FAM72A__ENST00000367128.3	8	0.92257	0.79827	0.927391	836	2	0.022229	0.24239	0.050931	0.35873	135	0	0
CAPZA1__P1P2	8	0.92283	0.79859	0.927391	837	2	0.18253	0.10279	4.9462e-06	5.4e-05	42	0	0
TTBK2__P1P2	8	0.92371	0.80048	0.928476	838	2	0.01575	0.71916	0.7023	1.0	544	0	0
SUPT7L__P1P2	8	0.9244	0.80318	0.929051	839	1	0.10313	0.16747	4.9462e-06	5.4e-05	85	0	0
CREBBP__P1P2	8	0.92475	0.80384	0.929051	840	2	0.19812	0.03615	4.9462e-06	5.4e-05	24	1	0
PTPN20A__46639859	8	0.92606	0.80574	0.929145	841	2	0.05377	0.59618	0.53323	1.0	419	0	0
KATNA1__P1P2	8	0.92687	0.80784	0.929145	842	1	0.040008	0.34799	0.17619	0.764549	222	0	0
TRIP6__P1P2	8	0.92759	0.80927	0.929145	843	2	0.1385	0.26413	0.068223	0.433415	152	0	0
GTF2IRD2__74267046	8	0.92791	0.80965	0.929145	844	2	0.057239	0.38292	0.21598	0.823284	249	0	0
SHC1__P2	8	0.92799	0.80966	0.929145	845	2	0.054136	0.65187	0.61308	1.0	470	0	0
STRADA__P1P2	8	0.92807	0.80966	0.929145	846	2	0.25186	0.10578	4.9462e-06	5.4e-05	43	0	0
AP1G1__P1P2	8	0.92965	0.81168	0.930374	847	2	0.069479	0.14181	4.9462e-06	5.4e-05	67	0	0
FCGR1B__120935150	8	0.93112	0.81566	0.933831	848	2	-0.050192	0.95397	0.97524	1.0	799	0	0
HEXIM2__P2	11	0.93184	0.80165	0.928733	849	2	0.053867	0.59352	0.46012	1.0	417	0	0
UBE3A__P1P2	8	0.93229	0.81784	0.935221	850	1	0.10066	0.60359	0.54189	1.0	429	0	0
TSPYL1__P1P2	8	0.93519	0.82424	0.941388	851	2	0.057144	0.21477	0.020997	0.173036	115	0	0
DUSP22__292259	8	0.93555	0.82517	0.941388	852	2	0.013588	0.3587	0.18438	0.772526	230	0	0
LRRC28__P1P2	8	0.93614	0.82675	0.941717	853	2	0.10556	0.38021	0.20899	0.815821	248	0	0
CDK10__P1P2	8	0.93662	0.82794	0.941717	854	1	0.17512	0.11473	4.9462e-06	5.4e-05	49	0	0
KIRREL__P1P2	8	0.93714	0.82836	0.941717	855	1	0.63225	1.3446e-07	4.9462e-06	5.4e-05	11	4	0
PCDHGA12__P1P2	8	0.93845	0.83227	0.943951	856	1	0.069683	0.4634	0.32963	0.998158	318	0	0
RALGAPA1__P1P2	8	0.9385	0.83227	0.943951	857	2	0.081491	0.2372	0.046964	0.345826	130	0	0
GMPR2__P1P2	8	0.93994	0.83559	0.946617	858	1	0.12658	0.16606	4.9462e-06	5.4e-05	83	0	0
ATP2C1__P1P2	8	0.94044	0.83722	0.94735	859	2	0.090361	0.28716	0.10808	0.625372	166	0	0
IFT57__P1P2	8	0.94196	0.84089	0.950397	860	1	0.080249	0.34572	0.17256	0.762391	220	0	0
PAPPA__P1P2	8	0.94261	0.84262	0.951247	861	2	0.029439	0.68061	0.66097	1.0	502	0	0
TADA2B__P1P2	8	0.94676	0.85279	0.960314	862	2	0.50522	0.0001366	4.9462e-06	5.4e-05	17	2	0
SYT14__P1P2	8	0.94732	0.85437	0.960314	863	2	0.010924	0.88068	0.8965	1.0	711	0	0
ZNRF3__P1P2	8	0.94763	0.85487	0.960314	864	2	0.03592	0.73402	0.71585	1.0	560	0	0
BCR__P1P2	8	0.94765	0.85487	0.960314	865	2	0.12611	0.13019	4.9462e-06	5.4e-05	57	0	0
ADAMTS16__P2	8	0.94814	0.85639	0.960314	866	1	0.10453	0.34287	0.17255	0.762391	217	0	0
CAPG__P1	8	0.94831	0.85667	0.960314	867	2	0.027127	0.32376	0.14283	0.677228	201	0	0
GPR137__P1	8	0.94892	0.85756	0.960314	868	2	0.060161	0.6223	0.56886	1.0	448	0	0
PMAIP1__57567020	8	0.94995	0.85925	0.96109	869	2	0.48064	3.9242e-05	4.9462e-06	5.4e-05	16	2	0
HLA-DMA__P2	8	0.95218	0.86536	0.965706	870	2	0.007272	0.48365	0.36364	1.0	331	0	0
SPRY4__P1P2	8	0.95367	0.86901	0.967822	871	2	0.11255	0.31373	0.13893	0.677228	189	0	0
DOCK2__P1P2	8	0.95395	0.86925	0.967822	872	2	0.064999	0.5837	0.51766	1.0	404	0	0
RNF126__P1P2	8	0.95562	0.87501	0.973129	873	1	0.003774	0.81904	0.82009	1.0	641	0	0
AHR__P1P2	11	0.95587	0.86316	0.964362	874	3	0.055584	0.41534	0.19154	0.799047	277	0	0
ICMT__P1P2	8	0.95684	0.87896	0.976401	875	2	0.045181	0.48642	0.36622	1.0	335	0	0
EVI5__P1P2	8	0.95763	0.88224	0.978171	876	2	0.12625	0.18004	0.0085618	0.083317	91	0	0
CHRNA7__32322509	8	0.95857	0.88457	0.978171	877	2	0.080879	0.24369	0.050931	0.35873	136	0	0
ARHGAP12__P1P2	8	0.95862	0.88457	0.978171	878	2	0.070175	0.35982	0.18439	0.772526	231	0	0
MBD6__P1P2	8	0.95876	0.88458	0.978171	879	1	0.096186	0.28038	0.10044	0.591696	160	0	0
ZNF608__P2	8	0.96083	0.89032	0.983397	880	2	0.028978	0.65416	0.61491	1.0	474	0	0
SERF1A__70196291	8	0.96229	0.89713	0.989801	881	2	0.007056	0.69433	0.66771	1.0	514	0	0
TULP3__P2	8	0.96356	0.90054	0.992429	882	2	0.072866	0.49738	0.37793	1.0	341	0	0
FAM3B__P1P2	8	0.96425	0.90279	0.993788	883	1	0.11474	0.37311	0.20534	0.804843	243	0	0
GTF2I__74071821	8	0.97017	0.91127	1.0	884	1	0.14756	0.37036	0.2019	0.804843	240	0	0
TMED2__P1P2	8	0.971	0.91221	1.0	885	1	0.1757	0.23459	0.042611	0.31617	128	0	0
SERTAD1__P1P2	8	0.97148	0.91273	1.0	886	1	0.12616	0.13529	4.9462e-06	5.4e-05	61	0	0
MAU2__P1P2	8	0.97347	0.91524	1.0	887	1	0.14012	0.1258	4.9462e-06	5.4e-05	55	0	0
DNASE1L1__P1	8	0.97664	0.91993	1.0	888	1	0.080024	0.59842	0.53523	1.0	422	0	0
GPATCH8__P1P2	8	0.97819	0.92129	1.0	889	1	0.33286	0.099025	4.9462e-06	5.4e-05	41	0	0
CCNC__P1P2	8	0.97845	0.92154	1.0	890	1	0.049345	0.65055	0.61096	1.0	469	0	0
RFWD2__P1P2	8	0.97894	0.92231	1.0	891	1	0.042056	0.69696	0.67081	1.0	517	0	0
RASA2__P1P2	8	0.98006	0.92363	1.0	892	1	0.31212	0.085372	4.9462e-06	5.4e-05	35	0	0
MIR205HG__P2	8	0.98012	0.92363	1.0	893	1	0.036796	0.44098	0.28622	0.930489	295	0	0
MARCKS__P1P2	8	0.98214	0.92721	1.0	894	1	0.095155	0.22142	0.033876	0.269901	119	0	0
PTPN14__P1P2	8	0.98341	0.92906	1.0	895	1	0.13502	0.40894	0.24372	0.858365	270	0	0
PCSK1N__P1P2	11	0.98394	0.93431	1.0	896	1	0.00050837	0.53378	0.34293	1.0	369	0	0
ZNF121__P1P2	8	0.98404	0.93037	1.0	897	1	0.092202	0.32024	0.14282	0.677228	196	0	0
MED13__P1P2	8	0.98476	0.93109	1.0	898	1	0.21347	0.18281	0.0085717	0.083317	95	0	0
VEZF1__P1P2	8	0.98711	0.93708	1.0	899	1	0.10757	0.22605	0.038338	0.295826	122	0	0
DEDD__P1P2	8	0.98766	0.93917	1.0	900	1	0.27507	0.11176	4.9462e-06	5.4e-05	46	0	0
INPPL1__P1P2	8	0.98786	0.93976	1.0	901	1	0.11847	0.24563	0.055076	0.371828	138	0	0
L3MBTL2__P1P2	8	0.9885	0.94157	1.0	902	1	0.15987	0.15899	4.9462e-06	5.4e-05	76	0	0
GLCE__P1P2	8	0.98917	0.94303	1.0	903	1	0.52821	2.1876e-05	4.9462e-06	5.4e-05	14	3	0
RBM15__110881839	8	0.98973	0.94496	1.0	904	1	0.34653	0.019236	4.9462e-06	5.4e-05	23	1	0
USP22__P1P2	8	0.98987	0.94574	1.0	905	1	0.14278	0.41154	0.24373	0.858365	273	0	0
KIAA1429__P1P2	8	0.99022	0.94655	1.0	906	1	0.18093	0.27042	0.079866	0.494519	155	0	0
NAIP__70319713	8	0.99085	0.94838	1.0	907	1	0.036662	0.16253	4.9462e-06	5.4e-05	78	0	0
UBE2M__P1P2	8	0.99098	0.94928	1.0	908	1	0.25723	0.062995	4.9462e-06	5.4e-05	30	1	0
CORO1B__67206891	8	0.99142	0.95026	1.0	909	1	0.056329	0.36981	0.2019	0.804843	239	0	0
COG5__P1P2	8	0.99218	0.95357	1.0	910	1	0.11966	0.32902	0.15041	0.706118	207	0	0
UBE2R2__P1P2	8	0.99303	0.95732	1.0	911	1	0.17826	0.1897	0.012816	0.117607	98	0	0
NSG1__NM_001040101_NM_014392	8	0.99404	0.96173	1.0	912	1	0.16483	0.18143	0.0085618	0.083317	93	0	0
BAD__P1P2	8	0.99432	0.96366	1.0	913	1	0.067638	0.28224	0.10044	0.591696	163	0	0
SAP30__P1P2	8	0.99572	0.97137	1.0	914	1	0.16303	0.23915	0.050921	0.35873	131	0	0
HIST1H1E__P1P2	8	0.99584	0.97194	1.0	915	1	0.17413	0.13892	4.9462e-06	5.4e-05	64	0	0
PATL1__P1P2	8	0.99597	0.97304	1.0	916	1	0.13384	0.14542	4.9462e-06	5.4e-05	68	0	0
CEP128__P1P2	8	0.99598	0.97304	1.0	917	1	0.14503	0.35421	0.18012	0.764549	227	0	0
ZNF740__P1P2	8	0.99599	0.97305	1.0	918	1	0.051453	0.77789	0.76967	1.0	603	0	0
SALL2__P1P2	8	0.99689	0.97989	1.0	919	0	0.23529	0.11324	4.9462e-06	5.4e-05	48	0	0
TCTN2__P1P2	8	0.99696	0.98017	1.0	920	0	0.11625	0.31847	0.13894	0.677228	194	0	0
SUFU__104263513	8	0.99703	0.98097	1.0	921	0	0.45103	1.6857e-05	4.9462e-06	5.4e-05	13	3	0
TCTN1__P1P2	8	0.99704	0.98097	1.0	922	0	0.13831	0.33018	0.154	0.706118	208	0	0
CORIN__P1P2	8	0.99758	0.98599	1.0	923	0	0.069225	0.58903	0.52226	1.0	412	0	0
CSPP1__P1P2	8	0.99808	0.98954	1.0	924	0	0.13745	0.22473	0.038338	0.295826	121	0	0
MAP4K3__P1P2	8	0.99848	0.99264	1.0	925	0	0.18985	0.17447	0.0043378	0.044855	88	0	0
UHMK1__P1P2	8	0.99853	0.9928	1.0	926	0	0.16262	0.33713	0.15785	0.716953	214	0	0
BTBD9__P1P2	8	0.99859	0.9932	1.0	927	0	0.036333	0.88385	0.90014	1.0	716	0	0
PTPN20A__46640202	8	0.99862	0.99331	1.0	928	0	0.073213	0.67262	0.64723	1.0	491	0	0
FBXO42__P1P2	8	0.9988	0.99464	1.0	929	0	0.5883	2.3066e-09	4.9462e-06	5.4e-05	6	5	0
ZNF532__P1	8	0.99882	0.99467	1.0	930	0	0.16804	0.19995	0.01704	0.144105	104	0	0
TM9SF2__P1P2	8	0.99886	0.99484	1.0	931	0	0.26544	0.14037	4.9462e-06	5.4e-05	65	0	0
SGK3__ENST00000396596.1_ENST00000522398.1	8	0.99888	0.99492	1.0	932	0	0.069027	0.7567	0.74466	1.0	579	0	0
IFT46__P1P2	8	0.99892	0.99509	1.0	933	0	0.093909	0.60907	0.55425	1.0	434	0	0
DOT1L__P1P2	8	0.99893	0.99513	1.0	934	0	0.14531	0.28778	0.10809	0.625372	167	0	0
HEXIM1__P1P2	8	0.999	0.99547	1.0	935	0	0.028561	0.4249	0.26339	0.89833	283	0	0
GATA3__P1P2	8	0.99924	0.99663	1.0	936	0	0.14201	0.22737	0.038348	0.295826	124	0	0
TP53BP1__P1	8	0.99933	0.99712	1.0	937	0	0.32059	0.1125	4.9462e-06	5.4e-05	47	0	0
IFT52__P1P2	8	0.99942	0.99745	1.0	938	0	0.11498	0.52474	0.42668	1.0	361	0	0
ZBTB7B__P1P2	8	0.99944	0.99748	1.0	939	0	0.20767	0.16112	4.9462e-06	5.4e-05	77	0	0
KLLN__P1P2	8	0.99945	0.99758	1.0	940	0	0.19662	0.16676	4.9462e-06	5.4e-05	84	0	0
BCLAF1__P1P2	8	0.99946	0.99764	1.0	941	0	0.10268	0.5569	0.47988	1.0	387	0	0
ZNF787__P1P2	8	0.99946	0.99766	1.0	942	0	0.47396	0.0022016	4.9462e-06	5.4e-05	19	2	0
NF2__29999349	8	0.99947	0.99773	1.0	943	0	0.70858	6.8767e-08	4.9462e-06	5.4e-05	10	4	0
AMOTL1__P1P2	8	0.99961	0.99844	1.0	944	0	0.14168	0.25269	0.059597	0.394133	145	0	0
SGK223__P1P2	8	0.99965	0.99856	1.0	945	0	0.42922	0.0025605	4.9462e-06	5.4e-05	22	2	0
PPP1R16B__P1P2	8	0.99966	0.99862	1.0	946	0	0.14622	0.50188	0.38645	1.0	343	0	0
EXT1__P1P2	8	0.99973	0.99904	1.0	947	0	0.30185	0.061434	4.9462e-06	5.4e-05	28	1	0
ZNF460__P1P2	8	0.99975	0.99924	1.0	948	0	0.22309	0.14685	4.9462e-06	5.4e-05	69	0	0
RNF146__P1P2	8	0.99979	0.99943	1.0	949	0	0.24477	0.092979	4.9462e-06	5.4e-05	39	0	0
NIPBL__P1P2	8	0.99988	0.99968	1.0	950	0	0.36532	0.062215	4.9462e-06	5.4e-05	29	1	0
B4GALT7__P1P2	8	0.99991	0.99981	1.0	951	0	0.42881	0.07694	4.9462e-06	5.4e-05	32	1	0
EYA3__P1P2	8	0.99991	0.99981	1.0	952	0	0.27176	0.12433	4.9462e-06	5.4e-05	54	0	0
ING5__P1P2	8	0.99992	0.99983	1.0	953	0	0.20684	0.12726	4.9462e-06	5.4e-05	56	0	0
BBC3__P1P2	8	0.99993	0.99987	1.0	954	0	0.55083	3.468e-05	4.9462e-06	5.4e-05	15	3	0
ATM__P1P2	8	0.99996	0.99997	1.0	955	0	0.29256	0.14757	4.9462e-06	5.4e-05	70	0	0
IBTK__P1	8	0.99999	1.0	1.0	956	0	0.31742	0.083079	4.9462e-06	5.4e-05	33	0	0
ATF7IP__P1	8	0.99999	1.0	1.0	957	0	0.22723	0.25013	0.055086	0.371828	142	0	0
TRIP12__P1P2	8	1.0	1.0	1.0	958	0	0.7165	5.3969e-07	4.9462e-06	5.4e-05	12	4	0
PAN3__P1P2	8	1.0	1.0	1.0	959	0	0.49768	0.0023522	4.9462e-06	5.4e-05	21	2	0
SHCBP1__P1P2	8	1.0	1.0	1.0	960	0	0.36125	0.086135	4.9462e-06	5.4e-05	36	0	0
TGFBR2__P1P2	8	1.0	1.0	1.0	961	0	0.48657	0.0022513	4.9462e-06	5.4e-05	20	2	0
CSDE1__P1P2	8	1.0	1.0	1.0	962	0	0.5884	4.5697e-09	4.9462e-06	5.4e-05	8	5	0
CCDC6__P1P2	8	1.0	1.0	1.0	963	0	0.77108	2.451e-09	4.9462e-06	5.4e-05	7	5	0
SOX4__P1	8	1.0	1.0	1.0	964	0	0.69642	2.1691e-09	4.9462e-06	5.4e-05	5	5	0
CYP51A1__P1P2	8	1.0	1.0	1.0	965	0	0.68462	5.0772e-09	4.9462e-06	5.4e-05	9	5	0
FAM64A__P1P2	8	1.0	1.0	1.0	966	0	0.34552	0.12065	4.9462e-06	5.4e-05	52	0	0
TP53__P1P2	8	1.0	1.0	1.0	967	0	1.4698	1.2075e-15	4.9462e-06	5.4e-05	2	6	0
CTNND1__P1P2	8	1.0	1.0	1.0	968	0	0.42415	0.071538	4.9462e-06	5.4e-05	31	1	0
BAK1__33547269	8	1.0	1.0	1.0	969	0	0.83468	1.2609e-14	4.9462e-06	5.4e-05	3	7	0
SUPT20H__P1P2	8	1.0	1.0	1.0	970	0	1.3012	5.7261e-14	4.9462e-06	5.4e-05	4	7	0
USP28__P1P2	8	1.0	1.0	1.0	971	0	1.3214	1.9324e-17	4.9462e-06	5.4e-05	1	7	0
