id	num	neg|score	neg|p-value	neg|fdr	neg|rank	neg|goodsgrna	neg|lfc	pos|score	pos|p-value	pos|fdr	pos|rank	pos|goodsgrna	pos|lfc
RPL34__P1P2	8	1.6198e-12	4.9462e-06	2.3e-05	1	8	-3.0647	1.0	1.0	1.0	971	0	0
AATF__P1P2	8	2.0147e-12	4.9462e-06	2.3e-05	2	8	-3.4602	1.0	1.0	1.0	970	0	0
RPS14__P1P2	8	4.2767e-12	4.9462e-06	2.3e-05	3	8	-3.479	1.0	1.0	1.0	969	0	0
DDX10__P1P2	8	2.7202e-11	4.9462e-06	2.3e-05	4	7	-3.0541	0.81169	0.78666	1.0	579	0	0
IPO7__P1P2	8	4.7129e-10	4.9462e-06	2.3e-05	5	8	-3.2967	1.0	1.0	1.0	968	0	0
RPS13__P1P2	8	1.2617e-09	4.9462e-06	2.3e-05	6	8	-2.6168	1.0	1.0	1.0	963	0	0
MDM2__P1P2	8	1.2845e-09	4.9462e-06	2.3e-05	7	7	-2.5994	0.9554	0.97919	1.0	741	0	0
RPL9__P1P2	8	1.7911e-09	4.9462e-06	2.3e-05	8	8	-2.3931	0.99742	0.99998	1.0	834	0	0
ANAPC13__P1P2	8	2.2781e-09	4.9462e-06	2.3e-05	9	8	-2.8084	1.0	1.0	1.0	967	0	0
BUB1__P1P2	8	2.5894e-09	4.9462e-06	2.3e-05	10	8	-2.1499	1.0	1.0	1.0	966	0	0
HUS1__P1P2	8	3.2321e-09	4.9462e-06	2.3e-05	11	8	-2.8281	1.0	1.0	1.0	965	0	0
MAD2L1BP__P1P2	8	1.0645e-08	4.9462e-06	2.3e-05	12	8	-2.8439	1.0	1.0	1.0	964	0	0
DROSHA__31531421	8	1.3181e-08	4.9462e-06	2.3e-05	13	8	-3.1822	0.99936	1.0	1.0	871	0	0
TMEM68__P1P2	8	2.8112e-08	4.9462e-06	2.3e-05	14	7	-2.5825	0.79375	0.75017	1.0	559	0	0
WDR89__P1P2	8	3.2579e-08	4.9462e-06	2.3e-05	15	8	-2.3612	0.99997	1.0	1.0	908	0	0
CDK2__P1P2	8	3.2631e-08	4.9462e-06	2.3e-05	16	8	-1.3281	1.0	1.0	1.0	962	0	0
MYSM1__P1P2	8	3.4537e-08	4.9462e-06	2.3e-05	17	8	-1.7612	1.0	1.0	1.0	961	0	0
CENPF__P1P2	8	3.7226e-08	4.9462e-06	2.3e-05	18	8	-2.5903	1.0	1.0	1.0	958	0	0
SMN2__69345238	8	4.2562e-08	4.9462e-06	2.3e-05	19	7	-2.604	0.92703	0.95283	1.0	702	0	0
PDSS1__P1P2	11	4.3251e-08	4.9462e-06	2.3e-05	20	11	-1.1383	1.0	1.0	1.0	960	0	0
RPL36A__P1P2	8	7.2548e-08	4.9462e-06	2.3e-05	21	8	-2.6467	1.0	1.0	1.0	959	0	0
FNBP4__P1P2	8	8.4557e-08	4.9462e-06	2.3e-05	22	8	-2.4716	1.0	1.0	1.0	957	0	0
INO80C__P1P2	8	8.6719e-08	4.9462e-06	2.3e-05	23	8	-1.3573	1.0	1.0	1.0	956	0	0
H2AFZ__P1P2	8	9.2915e-08	4.9462e-06	2.3e-05	24	8	-2.4672	1.0	1.0	1.0	955	0	0
UBE2C__P1P2	8	1.1568e-07	4.9462e-06	2.3e-05	25	7	-2.2159	0.97047	0.98984	1.0	761	0	0
NDUFS8__P1P2	8	1.1812e-07	4.9462e-06	2.3e-05	26	8	-1.5438	1.0	1.0	1.0	954	0	0
PIGY__P1P2	8	1.4308e-07	4.9462e-06	2.3e-05	27	8	-1.4896	1.0	1.0	1.0	953	0	0
ARHGAP4__P1	8	1.649e-07	4.9462e-06	2.3e-05	28	8	-2.8228	0.99998	1.0	1.0	919	0	0
NSMCE4A__P1P2	8	1.7154e-07	4.9462e-06	2.3e-05	29	8	-1.6042	1.0	1.0	1.0	952	0	0
KDM4A__P1P2	8	2.0368e-07	4.9462e-06	2.3e-05	30	8	-2.2744	1.0	1.0	1.0	951	0	0
ORC5__P1P2	8	2.2605e-07	4.9462e-06	2.3e-05	31	8	-3.0363	0.99999	1.0	1.0	926	0	0
MIEF1__P1P2	8	2.4911e-07	4.9462e-06	2.3e-05	32	8	-1.8453	1.0	1.0	1.0	950	0	0
NRF1__P1P2	8	3.6819e-07	4.9462e-06	2.3e-05	33	7	-2.5055	0.99133	0.99925	1.0	801	0	0
RNF8__P1P2	8	3.9517e-07	4.9462e-06	2.3e-05	34	8	-1.5447	1.0	1.0	1.0	949	0	0
CEP63__P1P2	8	4.6732e-07	4.9462e-06	2.3e-05	35	8	-2.3414	1.0	1.0	1.0	937	0	0
KIAA0020__P1	8	4.7447e-07	4.9462e-06	2.3e-05	36	7	-2.4421	0.86436	0.86629	1.0	637	0	0
EAF1__P1P2	8	4.8304e-07	4.9462e-06	2.3e-05	37	8	-1.3847	1.0	1.0	1.0	948	0	0
MLF1IP__P1P2	8	5.2641e-07	4.9462e-06	2.3e-05	38	8	-1.4348	1.0	1.0	1.0	947	0	0
CYLD__P1P2	8	5.8465e-07	4.9462e-06	2.3e-05	39	8	-1.1277	1.0	1.0	1.0	946	0	0
RPL14__P1P2	8	6.7431e-07	4.9462e-06	2.3e-05	40	8	-2.2911	1.0	1.0	1.0	945	0	0
TAF11__P1P2	8	6.8643e-07	4.9462e-06	2.3e-05	41	8	-2.257	1.0	1.0	1.0	942	0	0
MINOS1-NBL1__P1P2	8	7.647e-07	4.9462e-06	2.3e-05	42	8	-1.2129	1.0	1.0	1.0	944	0	0
NPLOC4__P1P2	8	9.3512e-07	4.9462e-06	2.3e-05	43	8	-2.2777	1.0	1.0	1.0	938	0	0
RAD9A__P1P2	8	1.1142e-06	4.9462e-06	2.3e-05	44	7	-2.499	0.97419	0.9926	1.0	769	0	0
HEATR3__P1P2	8	1.1701e-06	4.9462e-06	2.3e-05	45	8	-1.8963	1.0	1.0	1.0	943	0	0
MEAF6__P1P2	8	1.2161e-06	4.9462e-06	2.3e-05	46	8	-2.1382	0.99999	1.0	1.0	923	0	0
METTL15__P2	8	1.2735e-06	4.9462e-06	2.3e-05	47	8	-1.8193	1.0	1.0	1.0	935	0	0
NDUFAF6__P1P2	8	1.6346e-06	4.9462e-06	2.3e-05	48	8	-1.4585	1.0	1.0	1.0	941	0	0
CHEK1__P1P2	8	1.7906e-06	4.9462e-06	2.3e-05	49	8	-2.2194	1.0	1.0	1.0	940	0	0
PRPF40A__P1P2	8	1.8216e-06	4.9462e-06	2.3e-05	50	8	-2.586	0.99997	1.0	1.0	910	0	0
CCDC130__P1	8	1.9098e-06	4.9462e-06	2.3e-05	51	8	-1.7182	1.0	1.0	1.0	939	0	0
PALB2__P1P2	8	2.3828e-06	4.9462e-06	2.3e-05	52	7	-2.1852	0.94277	0.9694	1.0	719	0	0
NAA15__P1P2	8	2.8148e-06	4.9462e-06	2.3e-05	53	7	-2.3058	0.9642	0.98585	1.0	748	0	0
NKRF__P1P2	8	2.8865e-06	4.9462e-06	2.3e-05	54	8	-0.8035	1.0	1.0	1.0	936	0	0
BTAF1__P1P2	8	3.0166e-06	4.9462e-06	2.3e-05	55	7	-2.1798	0.93895	0.96649	1.0	714	0	0
DICER1__P1P2	8	3.5373e-06	4.9462e-06	2.3e-05	56	8	-2.1891	0.99999	1.0	1.0	931	0	0
PARL__P1P2	8	3.8481e-06	4.9462e-06	2.3e-05	57	8	-0.759	1.0	1.0	1.0	934	0	0
DCP2__P1P2	8	3.9782e-06	4.9462e-06	2.3e-05	58	8	-1.5391	0.99998	1.0	1.0	918	0	0
FECH__P1P2	8	4.423e-06	4.9462e-06	2.3e-05	59	7	-2.1589	0.99285	0.99948	1.0	807	0	0
ATRIP__P1P2	8	6.1453e-06	4.9462e-06	2.3e-05	60	8	-1.7809	0.99993	1.0	1.0	900	0	0
STAG2__P1	8	6.3792e-06	4.9462e-06	2.3e-05	61	8	-1.7961	0.99998	1.0	1.0	913	0	0
BMS1__P1P2	8	6.6066e-06	4.9462e-06	2.3e-05	62	7	-2.3151	0.90865	0.93066	1.0	682	0	0
TAF9__P1P2	8	6.7237e-06	4.9462e-06	2.3e-05	63	6	-1.9767	0.98142	0.99617	1.0	780	0	0
CCNE1__P1P2	8	6.8639e-06	4.9462e-06	2.3e-05	64	8	-0.77411	0.99999	1.0	1.0	933	0	0
PPM1G__P1	8	7.0668e-06	4.9462e-06	2.3e-05	65	8	-0.99936	0.99999	1.0	1.0	932	0	0
KAT5__P1P2	8	7.0833e-06	4.9462e-06	2.3e-05	66	6	-2.0066	0.65578	0.53016	1.0	443	0	0
TGFBR2__P1P2	8	7.4346e-06	4.9462e-06	2.3e-05	67	8	-0.66777	0.99999	1.0	1.0	930	0	0
UBA3__P1P2	8	7.5419e-06	4.9462e-06	2.3e-05	68	8	-2.0303	0.99991	1.0	1.0	897	0	0
UBE2S__P1P2	8	7.932e-06	4.9462e-06	2.3e-05	69	8	-1.1815	0.99999	1.0	1.0	929	0	0
PHF6__P1P2	8	8.2796e-06	4.9462e-06	2.3e-05	70	8	-1.3229	0.99999	1.0	1.0	928	0	0
SEC62__P1P2	8	8.5793e-06	4.9462e-06	2.3e-05	71	8	-0.59871	0.99999	1.0	1.0	927	0	0
PDS5B__P1P2	8	9.0787e-06	4.9462e-06	2.3e-05	72	8	-0.73995	0.99999	1.0	1.0	925	0	0
UBA5__P1P2	8	9.3706e-06	4.9462e-06	2.3e-05	73	8	-0.82935	0.99999	1.0	1.0	924	0	0
BRAP__P1P2	8	9.6596e-06	4.9462e-06	2.3e-05	74	7	-1.6928	0.99535	0.99984	1.0	823	0	0
WEE1__P1P2	8	1.0793e-05	4.9462e-06	2.3e-05	75	7	-1.9223	0.9487	0.97354	1.0	729	0	0
UQCRC2__P1P2	11	1.1439e-05	4.9462e-06	2.3e-05	76	10	-1.2001	0.9992	0.99999	1.0	867	0	0
PFDN1__P1P2	8	1.1795e-05	4.9462e-06	2.3e-05	77	8	-1.9347	0.99763	0.99998	1.0	836	0	0
KIF18B__P1P2	8	1.1977e-05	4.9462e-06	2.3e-05	78	8	-0.80669	0.99999	1.0	1.0	922	0	0
LIMS1__P1P2	8	1.3525e-05	4.9462e-06	2.3e-05	79	8	-0.81456	0.99999	1.0	1.0	921	0	0
TRIP13__P1P2	8	1.4198e-05	4.9462e-06	2.3e-05	80	6	-1.756	0.83435	0.82528	1.0	603	0	0
ACTR8__P1P2	8	1.4401e-05	4.9462e-06	2.3e-05	81	7	-1.6819	0.85954	0.85998	1.0	631	0	0
DNAJC2__P1P2	8	1.4422e-05	4.9462e-06	2.3e-05	82	7	-1.461	0.91342	0.93809	1.0	689	0	0
POLR1B__P1P2	8	1.4662e-05	4.9462e-06	2.3e-05	83	8	-1.8229	0.99972	1.0	1.0	887	0	0
PPP1R10__P1P2	8	1.6934e-05	4.9462e-06	2.3e-05	84	8	-1.3568	0.99998	1.0	1.0	920	0	0
ANKRD17__P1P2	8	1.778e-05	4.9462e-06	2.3e-05	85	8	-0.74812	0.99998	1.0	1.0	917	0	0
ZAR1L__P1P2	8	1.8481e-05	4.9462e-06	2.3e-05	86	8	-2.0903	0.99951	1.0	1.0	875	0	0
GRWD1__P1P2	8	1.8904e-05	4.9462e-06	2.3e-05	87	8	-1.3806	0.99998	1.0	1.0	916	0	0
CDK4__P1P2	8	2.3017e-05	4.9462e-06	2.3e-05	88	8	-0.52357	0.99998	1.0	1.0	915	0	0
TUBA1C__P1P2	8	2.3308e-05	4.9462e-06	2.3e-05	89	8	-0.71155	0.99998	1.0	1.0	914	0	0
RPS8__P1P2	8	2.3331e-05	4.9462e-06	2.3e-05	90	7	-1.9131	0.80626	0.77481	1.0	573	0	0
NUTF2__P1P2	8	2.6144e-05	4.9462e-06	2.3e-05	91	8	-2.322	0.99966	1.0	1.0	883	0	0
LIAS__P1P2	8	2.7849e-05	4.9462e-06	2.3e-05	92	7	-2.0146	0.99526	0.99983	1.0	820	0	0
TAF6__P1P2	8	3.0377e-05	4.9462e-06	2.3e-05	93	8	-1.7978	0.99997	1.0	1.0	912	0	0
C1D__P1P2	8	3.1099e-05	4.9462e-06	2.3e-05	94	7	-1.1652	0.9884	0.99869	1.0	791	0	0
PRKDC__P1P2	8	3.2267e-05	4.9462e-06	2.3e-05	95	8	-0.73058	0.99997	1.0	1.0	911	0	0
USP1__P1P2	8	3.2652e-05	4.9462e-06	2.3e-05	96	8	-1.1865	0.99961	1.0	1.0	880	0	0
MBIP__P1P2	8	3.2914e-05	4.9462e-06	2.3e-05	97	5	-1.6773	0.9383	0.96592	1.0	713	0	0
SPAG9__P1P2	8	3.3751e-05	4.9462e-06	2.3e-05	98	8	-1.165	0.99997	1.0	1.0	909	0	0
TOP1__P1P2	8	3.712e-05	4.9462e-06	2.3e-05	99	7	-1.9526	0.99137	0.99925	1.0	802	0	0
MDM4__P1P2	8	3.7713e-05	4.9462e-06	2.3e-05	100	8	-1.6138	0.99861	1.0	1.0	852	0	0
MRRF__P1P2	8	4.0069e-05	4.9462e-06	2.3e-05	101	8	-1.0553	0.99996	1.0	1.0	907	0	0
DBF4__P1P2	8	4.1932e-05	4.9462e-06	2.3e-05	102	7	-1.0473	0.22803	0.024825	0.181499	127	0	0
NXT1__P1P2	8	4.3593e-05	4.9462e-06	2.3e-05	103	8	-1.3167	0.99994	1.0	1.0	901	0	0
SKP2__P1P2	8	4.5267e-05	4.9462e-06	2.3e-05	104	8	-0.4156	0.99995	1.0	1.0	906	0	0
MUT__P1P2	11	4.6172e-05	4.9462e-06	2.3e-05	105	10	-0.85468	0.99313	0.99869	1.0	809	0	0
NEK2__P1P2	8	4.6321e-05	4.9462e-06	2.3e-05	106	8	-0.553	0.99995	1.0	1.0	905	0	0
HSPA14__P1P2	8	4.6724e-05	4.9462e-06	2.3e-05	107	7	-1.1481	0.99527	0.99983	1.0	821	0	0
NPM1__P1P2	8	4.7918e-05	4.9462e-06	2.3e-05	108	7	-1.6563	0.85549	0.85546	1.0	624	0	0
CNOT3__P1P2	8	5.3474e-05	4.9462e-06	2.3e-05	109	6	-2.1053	0.93909	0.9668	1.0	715	0	0
FDX1__P1P2	8	5.9584e-05	4.9462e-06	2.3e-05	110	8	-0.50372	0.99994	1.0	1.0	904	0	0
ZFC3H1__P1P2	8	6.0155e-05	4.9462e-06	2.3e-05	111	7	-1.2549	0.99528	0.99983	1.0	822	0	0
SPTLC2__P1P2	8	6.0419e-05	4.9462e-06	2.3e-05	112	8	-0.40407	0.99994	1.0	1.0	903	0	0
AP1B1__P1P2	8	6.0925e-05	4.9462e-06	2.3e-05	113	8	-0.60887	0.99994	1.0	1.0	902	0	0
CDC26__P1P2	8	6.9902e-05	4.9462e-06	2.3e-05	114	7	-2.1788	0.99124	0.99925	1.0	799	0	0
SMARCC1__P1P2	8	7.4196e-05	4.9462e-06	2.3e-05	115	8	-0.98047	0.99956	1.0	1.0	878	0	0
USMG5__P1P2	8	7.432e-05	4.9462e-06	2.3e-05	116	6	-1.8553	0.67355	0.56404	1.0	454	0	0
GDI2__P1	8	7.5262e-05	4.9462e-06	2.3e-05	117	8	-0.7546	0.99992	1.0	1.0	899	0	0
PHF8__P1P2	11	7.5703e-05	4.9462e-06	2.3e-05	118	10	-0.44464	0.99924	1.0	1.0	869	0	0
PRR14L__P1P2	8	8.1349e-05	4.9462e-06	2.3e-05	119	8	-0.39972	0.99992	1.0	1.0	898	0	0
GTF3A__P1P2	8	8.3099e-05	4.9462e-06	2.3e-05	120	7	-1.7406	0.89105	0.90546	1.0	661	0	0
MOSPD2__P1P2	8	9.0043e-05	4.9462e-06	2.3e-05	121	8	-1.1564	0.99943	1.0	1.0	872	0	0
ACLY__P1P2	8	9.278e-05	4.9462e-06	2.3e-05	122	8	-1.4421	0.99903	1.0	1.0	861	0	0
NABP2__P1	8	9.9494e-05	4.9462e-06	2.3e-05	123	8	-0.83375	0.99963	1.0	1.0	882	0	0
ILK__P1P2	8	0.00010156	4.9462e-06	2.3e-05	124	8	-0.80398	0.9999	1.0	1.0	896	0	0
C1QTNF9B-AS1__P1P2	8	0.00011126	4.9462e-06	2.3e-05	125	7	-1.138	0.5689	0.38888	1.0	368	0	0
RIF1__P1P2	8	0.00011409	4.9462e-06	2.3e-05	126	7	-1.1451	0.7759	0.72949	1.0	543	0	0
HUWE1__P1P2	8	0.00011669	4.9462e-06	2.3e-05	127	8	-1.63	0.99714	0.99997	1.0	829	0	0
C7orf26__P1P2	8	0.0001204	4.9462e-06	2.3e-05	128	8	-1.3945	0.99786	0.99998	1.0	839	0	0
GTF2H2__ENST00000274400.5_ENST00000330280.7	8	0.000139	4.9462e-06	2.3e-05	129	8	-2.1103	0.99922	1.0	1.0	868	0	0
USP42__P1P2	8	0.00014545	4.9462e-06	2.3e-05	130	8	-0.64897	0.99985	1.0	1.0	895	0	0
U2SURP__P1P2	8	0.00014853	4.9462e-06	2.3e-05	131	8	-1.7984	0.99951	1.0	1.0	874	0	0
AGPS__P1P2	8	0.00015514	4.9462e-06	2.3e-05	132	8	-0.59658	0.99984	1.0	1.0	894	0	0
WDR48__P1P2	8	0.00015773	4.9462e-06	2.3e-05	133	7	-1.1305	0.98789	0.99861	1.0	790	0	0
TIMM17B__P1P2	8	0.00016552	4.9462e-06	2.3e-05	134	7	-1.1446	0.9044	0.92751	1.0	672	0	0
PPP6C__P1P2	8	0.00020733	4.9462e-06	2.3e-05	135	7	-1.0611	0.97746	0.99443	1.0	775	0	0
SNAI1__P1P2	8	0.00021819	4.9462e-06	2.3e-05	136	8	-0.38053	0.99978	1.0	1.0	893	0	0
DUSP12__P1P2	8	0.00021845	4.9462e-06	2.3e-05	137	6	-1.715	0.97013	0.98967	1.0	760	0	0
PPP1CB__P1P2	8	0.00022457	4.9462e-06	2.3e-05	138	7	-1.7879	0.99442	0.99978	1.0	816	0	0
MDC1__P1P2	8	0.00023287	4.9462e-06	2.3e-05	139	8	-0.6293	0.99808	0.99999	1.0	845	0	0
DUSP11__P1P2	8	0.00024426	4.9462e-06	2.3e-05	140	7	-0.82478	0.87749	0.88819	1.0	646	0	0
NRBP1__P1P2	8	0.00024503	4.9462e-06	2.3e-05	141	8	-1.1096	0.99795	0.99999	1.0	842	0	0
VWA9__P1P2	8	0.00024599	4.9462e-06	2.3e-05	142	6	-1.3351	0.76496	0.72001	1.0	530	0	0
PPP4R2__P1P2	8	0.00025295	4.9462e-06	2.3e-05	143	8	-0.91102	0.99975	1.0	1.0	892	0	0
MKI67__P1P2	8	0.00025354	4.9462e-06	2.3e-05	144	8	-0.54234	0.99975	1.0	1.0	891	0	0
LEO1__P1P2	8	0.00025829	4.9462e-06	2.3e-05	145	8	-0.47152	0.99974	1.0	1.0	890	0	0
SUB1__P1	8	0.00027681	4.9462e-06	2.3e-05	146	8	-0.67654	0.99972	1.0	1.0	889	0	0
PAN2__P1P2	8	0.00027809	4.9462e-06	2.3e-05	147	8	-0.73118	0.99972	1.0	1.0	888	0	0
TAF4__P1P2	8	0.00028598	4.9462e-06	2.3e-05	148	7	-1.4336	0.95198	0.97655	1.0	733	0	0
TAF3__P1P2	8	0.00029073	4.9462e-06	2.3e-05	149	7	-1.7293	0.98444	0.99733	1.0	787	0	0
FAM122A__P1P2	8	0.00029581	4.9462e-06	2.3e-05	150	8	-1.4122	0.9997	1.0	1.0	886	0	0
POLE4__P1P2	8	0.00030413	4.9462e-06	2.3e-05	151	7	-0.77208	0.81606	0.79238	1.0	583	0	0
KAT2A__P1P2	8	0.0003061	4.9462e-06	2.3e-05	152	7	-1.0471	0.95238	0.97656	1.0	735	0	0
GHITM__P1P2	8	0.00031451	4.9462e-06	2.3e-05	153	8	-0.38655	0.99969	1.0	1.0	885	0	0
INTS10__P1P2	8	0.00032375	4.9462e-06	2.3e-05	154	7	-1.1056	0.8009	0.76645	1.0	566	0	0
HMBS__P1	8	0.00032668	4.9462e-06	2.3e-05	155	8	-1.8451	0.99897	1.0	1.0	859	0	0
ZBTB4__P1	8	0.00032852	4.9462e-06	2.3e-05	156	8	-0.99322	0.99967	1.0	1.0	884	0	0
RNF168__P1P2	8	0.00032945	4.9462e-06	2.3e-05	157	7	-0.85126	0.99369	0.99965	1.0	810	0	0
KDM5A__P1P2	8	0.00037386	4.9462e-06	2.3e-05	158	7	-0.64161	0.7723	0.7269	1.0	540	0	0
GMEB1__P1P2	8	0.00039053	4.9462e-06	2.3e-05	159	8	-0.64548	0.99961	1.0	1.0	881	0	0
AUNIP__P1P2	8	0.00040064	4.9462e-06	2.3e-05	160	7	-0.43665	0.95204	0.97655	1.0	734	0	0
ANLN__P1P2	8	0.00040143	4.9462e-06	2.3e-05	161	6	-0.92019	0.98182	0.99624	1.0	782	0	0
EIF3F__P1P2	11	0.00041079	4.9462e-06	2.3e-05	162	9	-1.3943	0.95512	0.96397	1.0	740	0	0
PPIL1__P1P2	8	0.00041293	4.9462e-06	2.3e-05	163	7	-1.3408	0.96348	0.98564	1.0	747	0	0
DDRGK1__P1P2	8	0.00042191	4.9462e-06	2.3e-05	164	6	-0.82985	0.61734	0.46592	1.0	411	0	0
ZNF644__P1P2	8	0.00042721	4.9462e-06	2.3e-05	165	8	-0.68689	0.99957	1.0	1.0	879	0	0
NCSTN__P1P2	8	0.00043945	4.9462e-06	2.3e-05	166	8	-0.60176	0.99956	1.0	1.0	877	0	0
PCGF1__P1P2	8	0.00046486	4.9462e-06	2.3e-05	167	8	-0.33282	0.99954	1.0	1.0	876	0	0
PMVK__P1P2	8	0.00051079	4.9462e-06	2.3e-05	168	8	-0.34027	0.99949	1.0	1.0	873	0	0
CENPQ__P1P2	11	0.00057638	4.9462e-06	2.3e-05	169	10	-0.57786	0.9869	0.99559	1.0	789	0	0
ACTR5__P1P2	8	0.00057676	4.9462e-06	2.3e-05	170	7	-0.89757	0.15686	0.008453	0.077513	85	0	0
ISCA1__P1P2	8	0.00060822	4.9462e-06	2.3e-05	171	6	-0.87502	0.45956	0.20399	0.667589	296	0	0
HSPA13__P1P2	8	0.00072331	4.9462e-06	2.3e-05	172	8	-0.24105	0.99928	1.0	1.0	870	0	0
LUZP1__P1P2	8	0.00073071	4.9462e-06	2.3e-05	173	8	-0.5352	0.99735	0.99997	1.0	833	0	0
TSSC1__P1P2	8	0.00074587	4.9462e-06	2.3e-05	174	7	-0.7152	0.99299	0.99952	1.0	808	0	0
EXOC5__P1P2	8	0.00079321	4.9462e-06	2.3e-05	175	7	-0.61874	0.8007	0.76645	1.0	565	0	0
BPTF__P1P2	8	0.00080525	4.9462e-06	2.3e-05	176	8	-0.28563	0.99919	1.0	1.0	866	0	0
EIF4A1__P1P2	8	0.0008352	4.9462e-06	2.3e-05	177	7	-1.4893	0.98206	0.99641	1.0	783	0	0
SMARCA5__P1P2	8	0.00084665	4.9462e-06	2.3e-05	178	8	-0.99768	0.99915	1.0	1.0	865	0	0
SMCHD1__P1P2	8	0.00088109	4.9462e-06	2.3e-05	179	8	-0.46927	0.99912	1.0	1.0	864	0	0
ZZZ3__P1P2	8	0.00088348	4.9462e-06	2.3e-05	180	7	-0.73456	0.99101	0.99921	1.0	798	0	0
CHTF18__P1P2	8	0.00091048	4.9462e-06	2.3e-05	181	8	-0.87209	0.9982	0.99999	1.0	847	0	0
RRNAD1__P1P2	8	0.00095013	4.9462e-06	2.3e-05	182	6	-1.3261	0.58446	0.41912	1.0	381	0	0
ESRP1__P1P2	8	0.00096121	4.9462e-06	2.3e-05	183	8	-0.37675	0.99904	1.0	1.0	863	0	0
HELLS__P1P2	8	0.0009669	4.9462e-06	2.3e-05	184	8	-0.4031	0.99903	1.0	1.0	862	0	0
POC1B__P1P2	8	0.00098028	4.9462e-06	2.3e-05	185	8	-0.32327	0.99902	1.0	1.0	860	0	0
TMEM258__P1P2	8	0.00098929	4.9462e-06	2.3e-05	186	7	-1.0652	0.98626	0.99799	1.0	788	0	0
DGCR8__P1P2	8	0.0010035	4.9462e-06	2.3e-05	187	7	-1.4009	0.99077	0.99915	1.0	797	0	0
RPL29__P1P2	8	0.0010978	4.9462e-06	2.3e-05	188	7	-0.45915	0.80666	0.77481	1.0	574	0	0
NUFIP1__P1P2	8	0.0011061	4.9462e-06	2.3e-05	189	8	-0.95128	0.99889	1.0	1.0	858	0	0
FGD1__P1P2	8	0.0011212	4.9462e-06	2.3e-05	190	7	-0.44215	0.99379	0.99966	1.0	812	0	0
C8orf59__P1P2	8	0.0011596	4.9462e-06	2.3e-05	191	8	-0.73901	0.99721	0.99997	1.0	831	0	0
GNB2L1__P1P2	8	0.0011904	4.9462e-06	2.3e-05	192	6	-1.1982	0.80764	0.77732	1.0	575	0	0
SAE1__P1P2	8	0.0012289	4.9462e-06	2.3e-05	193	7	-1.3941	0.42439	0.17135	0.640588	257	0	0
CWC27__P1P2	8	0.0012293	4.9462e-06	2.3e-05	194	8	-0.26355	0.99877	1.0	1.0	857	0	0
ELOVL6__P1P2	8	0.0012482	4.9462e-06	2.3e-05	195	8	-0.33049	0.99875	1.0	1.0	856	0	0
TRAPPC6B__P1P2	8	0.0012554	4.9462e-06	2.3e-05	196	8	-0.39642	0.99874	1.0	1.0	855	0	0
NAE1__P1P2	8	0.0012856	4.9462e-06	2.3e-05	197	5	-1.2942	0.35926	0.10169	0.464044	212	0	0
RPS11__P1P2	8	0.0013202	4.9462e-06	2.3e-05	198	6	-1.3556	0.92026	0.94504	1.0	698	0	0
TRAPPC13__P1P2	8	0.0013414	4.9462e-06	2.3e-05	199	8	-0.25581	0.99866	1.0	1.0	854	0	0
POC1A__P1P2	8	0.001349	4.9462e-06	2.3e-05	200	8	-0.49141	0.99865	1.0	1.0	853	0	0
EPC1__P1P2	8	0.0014424	4.9462e-06	2.3e-05	201	7	-0.49952	0.95952	0.98236	1.0	744	0	0
GPALPP1__P1P2	8	0.0014447	4.9462e-06	2.3e-05	202	7	-1.0201	0.76122	0.71251	1.0	528	0	0
MAZ__P1P2	8	0.0014522	4.9462e-06	2.3e-05	203	7	-0.73737	0.95341	0.97761	1.0	737	0	0
SDF2__P1P2	8	0.0014579	4.9462e-06	2.3e-05	204	6	-1.2557	0.62088	0.47105	1.0	414	0	0
EMC1__P1P2	8	0.001465	4.9462e-06	2.3e-05	205	7	-1.5135	0.64492	0.51478	1.0	433	0	0
SREK1IP1__P1P2	8	0.0015636	4.9462e-06	2.3e-05	206	8	-0.34075	0.99844	1.0	1.0	851	0	0
USF2__P1P2	8	0.0015694	4.9462e-06	2.3e-05	207	8	-0.60778	0.99843	1.0	1.0	850	0	0
ZRSR2__P1P2	8	0.0016314	4.9462e-06	2.3e-05	208	7	-0.91967	0.94574	0.97124	1.0	726	0	0
GPBP1__P1P2	8	0.0016863	1.4839e-05	6.6e-05	209	8	-0.2462	0.99831	0.99999	1.0	849	0	0
NDC1__P1P2	8	0.0016956	1.4839e-05	6.6e-05	210	7	-0.49754	0.98174	0.99623	1.0	781	0	0
ZWILCH__P1P2	8	0.0017523	1.4839e-05	6.6e-05	211	8	-0.79564	0.99825	0.99999	1.0	848	0	0
PSPC1__P1P2	8	0.0018009	1.4839e-05	6.6e-05	212	8	-0.60208	0.9982	0.99999	1.0	846	0	0
RAD51AP1__P1P2	8	0.0019292	1.4839e-05	6.6e-05	213	8	-0.2885	0.99807	0.99999	1.0	844	0	0
TLN1__P1P2	8	0.001943	1.4839e-05	6.6e-05	214	7	-0.45871	0.94414	0.96968	1.0	723	0	0
RBM34__P1P2	8	0.0019627	1.4839e-05	6.6e-05	215	7	-0.62583	0.99484	0.99981	1.0	818	0	0
TRIM24__P1P2	8	0.0019856	1.4839e-05	6.6e-05	216	8	-0.2484	0.99801	0.99999	1.0	843	0	0
WDR70__P1P2	8	0.0020077	1.4839e-05	6.6e-05	217	5	-1.3683	0.60286	0.43507	1.0	401	0	0
ZC3H4__P1	8	0.002052	1.4839e-05	6.6e-05	218	7	-0.75944	0.99233	0.9994	1.0	806	0	0
BCKDHA__P1	8	0.002081	2.4731e-05	0.000105	219	6	-1.3285	0.57245	0.39434	1.0	370	0	0
WDR82__P1P2	8	0.0020951	2.4731e-05	0.000105	220	8	-1.5609	0.9979	0.99998	1.0	841	0	0
ARHGEF2__P1P2	8	0.0021101	2.4731e-05	0.000105	221	8	-0.24616	0.99789	0.99998	1.0	840	0	0
PPP6R3__P1P2	8	0.0021866	2.4731e-05	0.000105	222	8	-0.7321	0.99781	0.99998	1.0	838	0	0
COL4A3BP__P1P2	8	0.0021905	2.4731e-05	0.000105	223	8	-0.24423	0.99781	0.99998	1.0	837	0	0
GTF3C4__P1P2	8	0.0022927	2.4731e-05	0.000105	224	7	-1.1172	0.95871	0.98184	1.0	743	0	0
RPL28__P1P2	8	0.0023245	2.4731e-05	0.000105	225	4	-0.89315	0.66887	0.55528	1.0	451	0	0
IBA57__P1P2	8	0.0024136	2.4731e-05	0.000105	226	8	-0.68744	0.99759	0.99998	1.0	835	0	0
CHERP__P1P2	8	0.0025287	2.4731e-05	0.000105	227	6	-1.2774	0.83757	0.82919	1.0	606	0	0
UNC45A__P1	8	0.0025594	2.4731e-05	0.000105	228	6	-0.9363	0.67293	0.56172	1.0	453	0	0
C19orf70__P1P2	8	0.0026777	3.4623e-05	0.000143	229	8	-0.63082	0.99723	0.99997	1.0	832	0	0
UFL1__P1P2	8	0.0026831	3.4623e-05	0.000143	230	7	-0.61533	0.62859	0.48632	1.0	423	0	0
DOCK1__P1P2	8	0.0027729	3.4623e-05	0.000143	231	7	-0.58279	0.97639	0.99377	1.0	774	0	0
SLC25A33__P1P2	8	0.0028122	3.4623e-05	0.000143	232	8	-0.44429	0.99719	0.99997	1.0	830	0	0
ZNF532__P2	8	0.0028856	3.4623e-05	0.000143	233	3	-0.37021	0.16817	0.008453	0.077513	93	0	0
SRCAP__P1P2	8	0.0028908	3.4623e-05	0.000143	234	7	-0.73902	0.99126	0.99925	1.0	800	0	0
CPNE1__P1P2	8	0.0029618	3.4623e-05	0.000143	235	6	-0.92712	0.74843	0.68607	1.0	513	0	0
POLG__P1P2	8	0.0029966	4.4516e-05	0.000183	236	7	-0.49414	0.59168	0.42695	1.0	391	0	0
TINF2__P1P2	8	0.0030177	4.4516e-05	0.000183	237	7	-1.5201	0.9068	0.92938	1.0	679	0	0
UBA2__P1P2	8	0.0030568	5.4408e-05	0.000222	238	7	-0.37858	0.44641	0.19632	0.664919	278	0	0
XPO5__P1P2	8	0.0031692	7.4193e-05	0.0003	239	8	-0.97012	0.99683	0.99993	1.0	828	0	0
ANKRD49__P1P2	8	0.0031908	7.4193e-05	0.0003	240	5	-1.2489	0.53031	0.32124	0.892129	349	0	0
LOC730183__NM_001256932	8	0.003306	8.4085e-05	0.000339	241	8	-0.72637	0.99669	0.99992	1.0	827	0	0
AP1G1__P1P2	8	0.0034712	9.3978e-05	0.000374	242	8	-0.38395	0.99653	0.99991	1.0	826	0	0
CENPL__P1P2	8	0.0034828	9.3978e-05	0.000374	243	8	-1.219	0.99652	0.99991	1.0	825	0	0
PPP2CA__P1P2	8	0.003518	9.3978e-05	0.000374	244	5	-1.1859	0.86233	0.86326	1.0	633	0	0
NSDHL__P1P2	8	0.0036237	0.00010387	0.000404	245	6	-0.53221	0.8585	0.85853	1.0	630	0	0
TBC1D31__P1P2	8	0.0037087	0.00010387	0.000404	246	6	-0.48541	0.86248	0.86326	1.0	634	0	0
BRD1__P1P2	8	0.0037407	0.00010387	0.000404	247	5	-0.85852	0.80449	0.77255	1.0	571	0	0
PTK2__P1P2	8	0.0037605	0.00010387	0.000404	248	7	-0.62815	0.86959	0.87625	1.0	642	0	0
ANKRA2__P1P2	8	0.0037791	0.00010387	0.000404	249	8	-0.96783	0.99622	0.9999	1.0	824	0	0
MEX3A__P1P2	8	0.0037918	0.00010387	0.000404	250	3	-0.79631	0.16324	0.008453	0.077513	90	0	0
CFDP1__P1	8	0.0039808	0.00011376	0.000441	251	6	-1.0544	0.60469	0.44035	1.0	402	0	0
TIMM10__P1P2	8	0.0042021	0.00012365	0.000462	252	5	-1.4406	0.96118	0.98384	1.0	746	0	0
CCDC12__P1	8	0.0042296	0.00012365	0.000462	253	6	-1.3585	0.35083	0.094091	0.44182	203	0	0
NUP188__P1P2	8	0.0042914	0.00012365	0.000462	254	6	-0.58637	0.76934	0.72433	1.0	536	0	0
UFM1__P1P2	8	0.0043727	0.00012365	0.000462	255	5	-0.64143	0.87729	0.88777	1.0	645	0	0
PTBP1__P1P2	8	0.0044876	0.00012365	0.000462	256	6	-0.78819	0.44887	0.19633	0.664919	281	0	0
UHRF1__P1P2	8	0.0045313	0.00012365	0.000462	257	6	-0.90146	0.75598	0.70466	1.0	521	0	0
CMC1__P1P2	8	0.0045478	0.00012365	0.000462	258	7	-0.3874	0.1533	0.008453	0.077513	82	0	0
DR1__P1P2	8	0.0046984	0.00012365	0.000462	259	5	-1.0636	0.95313	0.9775	1.0	736	0	0
ATPAF2__P1P2	8	0.0047568	0.00012365	0.000462	260	5	-0.99753	0.728	0.6564	1.0	496	0	0
PPP2R5C__P1P2	8	0.0054306	0.00013355	0.000484	261	7	-0.38323	0.99188	0.99927	1.0	805	0	0
GPR89A__ENST00000313835.9	8	0.0054797	0.00013355	0.000484	262	7	-0.75358	0.96651	0.98752	1.0	753	0	0
ERC1__P1P2	8	0.005579	0.00013355	0.000484	263	7	-0.30006	0.64157	0.5101	1.0	431	0	0
FAM178A__P1P2	8	0.0061097	0.00013355	0.000484	264	6	-0.61263	0.6409	0.51009	1.0	430	0	0
SRSF6__P1	8	0.0063501	0.00013355	0.000484	265	7	-0.48942	0.99511	0.99983	1.0	819	0	0
RBX1__P1P2	8	0.0064097	0.00013355	0.000484	266	4	-1.1115	0.33713	0.086059	0.420395	194	0	0
HMGCR__P1P2	8	0.0069953	0.00013355	0.000484	267	5	-0.59585	0.5337	0.33048	0.915174	350	0	0
RAB1A__P1P2	8	0.007036	0.00013355	0.000484	268	7	-0.68882	0.68454	0.58295	1.0	460	0	0
VPS51__P1P2	8	0.0073402	0.00014344	0.000502	269	5	-0.87636	0.88195	0.89227	1.0	650	0	0
RAD17__P1P2	8	0.0073801	0.00014344	0.000502	270	5	-1.1807	0.43198	0.18562	0.661611	266	0	0
RBM14-RBM4__P2	8	0.0076182	0.00014344	0.000502	271	5	-0.65938	0.60761	0.44781	1.0	405	0	0
KIFC1__P1P2	8	0.0076565	0.00014344	0.000502	272	6	-0.47217	0.91293	0.9373	1.0	688	0	0
DYNC1LI1__P1P2	8	0.0076772	0.00014344	0.000502	273	7	-0.539	0.984	0.99717	1.0	786	0	0
USP48__P1P2	8	0.0077033	0.00014344	0.000502	274	7	-0.17852	0.97472	0.99313	1.0	770	0	0
HAUS8__P1P2	8	0.007895	0.00014344	0.000502	275	5	-1.2	0.40055	0.14562	0.575418	236	0	0
IMMT__P1P2	8	0.0081381	0.00014344	0.000502	276	6	-1.0966	0.93407	0.9614	1.0	709	0	0
DCPS__P1P2	8	0.0083826	0.00014344	0.000502	277	7	-0.47487	0.58139	0.41082	1.0	377	0	0
NEDD8-MDP1__P1P2	8	0.0085207	0.00014344	0.000502	278	5	-1.2839	0.1597	0.008453	0.077513	88	0	0
TBCC__P1P2	8	0.008681	0.00015333	0.000534	279	6	-1.1935	0.59206	0.42695	1.0	392	0	0
DDX31__P1P2	8	0.0087463	0.00016322	0.000561	280	5	-0.80424	0.2398	0.029049	0.210713	134	0	0
SLTM__P1P2	8	0.0087654	0.00016322	0.000561	281	6	-0.42563	0.4634	0.20721	0.673608	298	0	0
PLEKHA5__P1P2	8	0.0088845	0.00016322	0.000561	282	7	-0.65096	0.93103	0.95753	1.0	707	0	0
TERF1__P1P2	8	0.0092144	0.00016322	0.000561	283	6	-0.55006	0.88609	0.89666	1.0	656	0	0
MGEA5__P1P2	8	0.0094247	0.00017312	0.000584	284	7	-0.2957	0.99418	0.99974	1.0	815	0	0
DCLRE1B__P1P2	8	0.0095197	0.00017312	0.000584	285	5	-0.7226	0.98063	0.996	1.0	779	0	0
DHX35__P1P2	8	0.00959	0.00017312	0.000584	286	7	-0.62479	0.98894	0.99881	1.0	794	0	0
CHAMP1__P1P2	8	0.0096271	0.00017312	0.000584	287	7	-0.1438	0.83824	0.82919	1.0	609	0	0
GPI__P1P2	8	0.010043	0.00017312	0.000584	288	7	-0.37809	0.9682	0.9887	1.0	755	0	0
SREBF1__P1	8	0.010533	0.00018301	0.000616	289	6	-0.76681	0.93039	0.95699	1.0	705	0	0
PPME1__P1P2	8	0.010831	0.0001929	0.000647	290	7	-0.52287	0.90996	0.93185	1.0	684	0	0
CORO1A__30194716	8	0.010944	0.00020279	0.000677	291	5	-0.3705	0.28593	0.060873	0.360841	162	0	0
LSR__P1P2	8	0.011267	0.00021269	0.000708	292	5	-1.2219	0.89305	0.90821	1.0	664	0	0
KPNA2__P1P2	8	0.0114	0.00027204	0.000902	293	6	-0.44699	0.54873	0.35372	0.939405	362	0	0
FKBPL__P1P2	8	0.011634	0.00028193	0.000932	294	7	-0.93026	0.99073	0.99913	1.0	796	0	0
FLII__18161284	8	0.011865	0.00029182	0.000949	295	6	-0.84988	0.99186	0.99927	1.0	804	0	0
RAC1__P1P2	8	0.011929	0.00029182	0.000949	296	6	-0.59288	0.9238	0.94875	1.0	699	0	0
SMN1__70220656	8	0.011978	0.00029182	0.000949	297	6	-1.1831	0.78272	0.7423	1.0	551	0	0
DPF2__P1	8	0.012016	0.00029182	0.000949	298	7	-0.38659	0.9479	0.97318	1.0	728	0	0
MON2__P1P2	8	0.012291	0.00030172	0.000974	299	7	-0.15789	0.95045	0.97483	1.0	732	0	0
IPO5__P1P2	8	0.0123	0.00030172	0.000974	300	6	-0.62152	0.8573	0.85627	1.0	629	0	0
AKAP3__P1	8	0.012523	0.00031161	0.001	301	7	-0.66524	0.97927	0.99545	1.0	777	0	0
ARID1A__P1P2	8	0.012544	0.00031161	0.001	302	6	-0.49473	0.98373	0.9971	1.0	785	0	0
PFDN4__P1P2	8	0.013268	0.00037096	0.001182	303	7	-1.1144	0.76866	0.72432	1.0	534	0	0
CBLL1__P1P2	8	0.013296	0.00037096	0.001182	304	5	-0.54751	0.61982	0.46844	1.0	413	0	0
GTF2I__74071821	8	0.0138	0.00038086	0.001202	305	6	-0.94423	0.9045	0.92751	1.0	673	0	0
TATDN2__P1P2	8	0.014492	0.00038086	0.001202	306	7	-0.50902	0.70443	0.61077	1.0	476	0	0
RASAL2__P1P2	8	0.014518	0.00038086	0.001202	307	3	-0.64	0.17377	0.008453	0.077513	99	0	0
NAA30__P1P2	8	0.014868	0.00039075	0.001229	308	6	-0.32166	0.52603	0.31225	0.874654	346	0	0
SAP30BP__P1P2	8	0.015492	0.00044021	0.00138	309	6	-0.83358	0.90323	0.92543	1.0	670	0	0
HDAC7__P1P2	8	0.015984	0.00046989	0.001469	310	6	-0.62859	0.89909	0.91914	1.0	669	0	0
PAXIP1__P1P2	8	0.016316	0.00047978	0.001495	311	7	-0.24212	0.98862	0.99874	1.0	792	0	0
TRAPPC2L__P1P2	8	0.016715	0.00049956	0.001551	312	6	-0.31132	0.81922	0.79612	1.0	588	0	0
LRP6__P1P2	8	0.017385	0.00050946	0.001577	313	7	-0.39285	0.70922	0.62367	1.0	479	0	0
CD22__P1P2	11	0.017454	0.00029182	0.000949	314	4	-0.43825	0.5839	0.29128	0.84262	380	0	0
NFYB__P1P2	8	0.017995	0.00051935	0.001603	315	6	-1.0195	0.97291	0.9919	1.0	766	0	0
POLE3__P1P2	8	0.018611	0.00052924	0.001628	316	6	-0.42815	0.52215	0.29979	0.844635	343	0	0
TNKS2__P1P2	8	0.019414	0.00055892	0.001703	317	7	-0.13851	0.90936	0.93107	1.0	683	0	0
ATF6__P1P2	8	0.019753	0.00055892	0.001703	318	6	-0.88336	0.50501	0.2782	0.816974	329	0	0
FAR1__P1P2	8	0.019826	0.00055892	0.001703	319	7	-0.34751	0.82949	0.81466	1.0	597	0	0
SSR1__P1P2	8	0.020295	0.00056881	0.001722	320	7	-0.54726	0.99388	0.9997	1.0	813	0	0
NDUFC1__P2	8	0.02067	0.00056881	0.001722	321	5	-0.81082	0.91971	0.94435	1.0	697	0	0
TACC3__P1	8	0.020825	0.0005787	0.001747	322	5	-0.81131	0.53876	0.33639	0.921059	353	0	0
SMARCAL1__P1P2	8	0.021067	0.0005886	0.001771	323	6	-0.38545	0.88744	0.89845	1.0	657	0	0
THAP2__P1	8	0.021201	0.00060838	0.001825	324	6	-0.14796	0.82051	0.79726	1.0	590	0	0
SNRNP40__P1P2	8	0.021623	0.00065784	0.001961	325	6	-0.75428	0.91235	0.93656	1.0	686	0	0
UBE2D3__P1P2	8	0.021632	0.00065784	0.001961	326	7	-0.5432	0.83193	0.82061	1.0	601	0	0
PLEKHG2__P1P2	8	0.022217	0.00066774	0.001985	327	7	-0.15131	0.74769	0.68606	1.0	510	0	0
EIF4H__P1P2	8	0.022578	0.00069741	0.002067	328	6	-0.47225	0.94237	0.96891	1.0	718	0	0
FUBP3__P1P2	8	0.023286	0.00073698	0.002177	329	4	-0.73277	0.89707	0.91399	1.0	667	0	0
CTDSPL2__P1P2	8	0.02414	0.00076666	0.002258	330	6	-0.2965	0.2723	0.053058	0.33059	154	0	0
MCM7__P1P2	8	0.025164	0.00087547	0.002571	331	5	-1.0075	0.81436	0.79135	1.0	581	0	0
RRP8__P1P2	8	0.025272	0.00088537	0.002592	332	7	-0.81259	0.98348	0.99698	1.0	784	0	0
INTS6__P1P2	8	0.025585	0.00090515	0.002642	333	7	-0.2205	0.7825	0.74229	1.0	550	0	0
PABPC4__P1P2	8	0.026195	0.0010041	0.002922	334	5	-0.94665	0.77723	0.73233	1.0	546	0	0
CMC2__P1P2	8	0.026485	0.001014	0.002942	335	5	-0.70727	0.96998	0.98966	1.0	759	0	0
DDA1__P1P2	8	0.026677	0.0010338	0.00299	336	6	-0.23742	0.8029	0.76879	1.0	570	0	0
ZBTB2__P1P2	8	0.027752	0.0011722	0.003381	337	7	-0.34963	0.9538	0.97786	1.0	739	0	0
CHCHD3__P1P2	8	0.029438	0.0013503	0.00386	338	5	-0.38779	0.94351	0.96956	1.0	720	0	0
ESYT1__P2	8	0.029463	0.0013503	0.00386	339	6	-0.34861	0.96928	0.9894	1.0	758	0	0
RNPS1__P1P2	8	0.030345	0.0014789	0.004216	340	3	-0.75574	0.67664	0.57049	1.0	456	0	0
GTF3C2__P1P2	8	0.030743	0.0015284	0.004331	341	5	-1.11	0.97237	0.99137	1.0	764	0	0
COPS8__237994319	8	0.030747	0.0015284	0.004331	342	7	-0.9078	0.99415	0.99974	1.0	814	0	0
FDXR__P1P2	11	0.030788	0.0011821	0.0034	343	8	-0.54325	0.76895	0.64723	1.0	535	0	0
MANSC1__P1P2	8	0.03097	0.0015383	0.004346	344	4	-0.91516	0.45521	0.20398	0.667589	289	0	0
OBFC1__P1P2	8	0.031237	0.0016174	0.004557	345	7	-0.37229	0.99445	0.99978	1.0	817	0	0
SERBP1__P1P2	8	0.03192	0.0017064	0.00478	346	6	-0.64706	0.40633	0.14563	0.575418	243	0	0
STK3__P1P2	8	0.032178	0.0017163	0.004794	347	6	-0.75625	0.61573	0.46299	1.0	409	0	0
UBE2L3__P1P2	8	0.033819	0.0019043	0.005304	348	5	-0.60574	0.88926	0.90141	1.0	659	0	0
PEX7__P1P2	8	0.034217	0.001934	0.005371	349	6	-0.22093	0.47479	0.22458	0.708744	308	0	0
LRRC28__P1P2	8	0.03455	0.0019735	0.00545	350	4	-0.5349	0.7698	0.72433	1.0	537	0	0
HIBADH__P1P2	8	0.034573	0.0019735	0.00545	351	7	-0.22979	0.78872	0.74494	1.0	556	0	0
TPR__P1P2	8	0.03471	0.0020032	0.005516	352	6	-0.83097	0.18004	0.008453	0.077513	104	0	0
ZNHIT3__P1P2	8	0.034827	0.0020626	0.005647	353	6	-0.95062	0.5879	0.42694	1.0	385	0	0
ZCCHC8__P1P2	8	0.034931	0.0020922	0.005713	354	7	-0.33216	0.99153	0.99926	1.0	803	0	0
SGK3__ENST00000396596.1_ENST00000522398.1	8	0.03535	0.0021615	0.005777	355	3	-0.47654	0.15259	0.008453	0.077513	81	0	0
KANSL1__P1P2	8	0.03569	0.0021714	0.005777	356	6	-0.39485	0.96613	0.98743	1.0	752	0	0
RAD21__P1P2	8	0.035817	0.0021714	0.005777	357	6	-1.0333	0.97103	0.99027	1.0	763	0	0
ZNF710__P1P2	8	0.035855	0.0021714	0.005777	358	5	-0.44446	0.94529	0.97018	1.0	725	0	0
PNKP__P1P2	8	0.036728	0.0021714	0.005777	359	5	-0.64165	0.96583	0.98725	1.0	751	0	0
DHH__P1P2	8	0.036949	0.0021714	0.005777	360	2	-0.43794	0.38346	0.13419	0.572052	225	0	0
ANP32B__P1P2	8	0.040067	0.0021813	0.005777	361	6	-0.75731	0.84628	0.84185	1.0	616	0	0
TAF5L__P1P2	8	0.040361	0.0021813	0.005777	362	4	-0.73892	0.20739	0.016674	0.136191	119	0	0
TRIM52__P1P2	8	0.041731	0.0021813	0.005777	363	2	-0.54062	0.36594	0.12202	0.534282	214	0	0
SNF8__P1P2	8	0.042631	0.0021813	0.005777	364	5	-0.5236	0.83807	0.82919	1.0	608	0	0
HNRNPLL__P1P2	8	0.042678	0.0021813	0.005777	365	6	-0.9206	0.82931	0.81465	1.0	596	0	0
CRLS1__P1P2	8	0.04457	0.0022109	0.005824	366	4	-0.80885	0.93801	0.96591	1.0	712	0	0
MSI1__P1P2	8	0.044773	0.0022109	0.005824	367	6	-0.82018	0.97479	0.99313	1.0	771	0	0
FAM192A__P1P2	8	0.045307	0.0022208	0.005834	368	6	-0.079452	0.41671	0.16018	0.610615	251	0	0
ZFYVE9__P1P2	8	0.046147	0.0023395	0.006106	369	6	-0.20222	0.51606	0.29694	0.844635	336	0	0
MRGBP__P1P2	8	0.046563	0.0023395	0.006106	370	4	-0.51537	0.062215	0.0040707	0.077513	36	1	0
GART__P1P2	8	0.047305	0.0023494	0.006106	371	6	-0.60839	0.71505	0.63248	1.0	484	0	0
FAM58A__P1P2	8	0.047535	0.0023494	0.006106	372	5	-0.66746	0.64824	0.51705	1.0	439	0	0
PGPEP1__P1P2	8	0.048865	0.0023593	0.006115	373	4	-0.41726	0.44985	0.19633	0.664919	283	0	0
SPIN1__P1P2	8	0.050797	0.0023989	0.006201	374	2	-0.55505	0.45083	0.19633	0.664919	285	0	0
ARF1__P1P2	8	0.051427	0.0024286	0.006245	375	5	-0.22938	0.62824	0.48632	1.0	422	0	0
VPS9D1__P1P2	8	0.051496	0.0024286	0.006245	376	6	-0.3137	0.97256	0.99154	1.0	765	0	0
RBM7__P1P2	8	0.052286	0.0024385	0.006254	377	6	-0.57557	0.79684	0.75629	1.0	562	0	0
GNG4__P1P2	8	0.052685	0.0024484	0.006263	378	6	-0.38163	0.21544	0.020809	0.1606	122	0	0
PAN3__P1P2	8	0.054139	0.0024879	0.006347	379	6	-0.23657	0.96908	0.98931	1.0	757	0	0
SURF2__P1P2	11	0.054468	0.0016965	0.004766	380	7	-0.26657	0.67834	0.47423	1.0	458	0	0
XPC__P1	8	0.054835	0.0025176	0.006406	381	5	-0.73537	0.86735	0.87164	1.0	639	0	0
PIGB__P1P2	8	0.056653	0.0026561	0.006723	382	6	-0.14825	0.72614	0.6514	1.0	493	0	0
PDIA4__P1P2	8	0.056738	0.0026561	0.006723	383	4	-0.48461	0.63989	0.50775	1.0	429	0	0
GNB1__P1P2	8	0.062706	0.0028441	0.00718	384	6	-0.1103	0.76074	0.7125	1.0	527	0	0
XRCC1__P1P2	11	0.063767	0.0020329	0.005582	385	8	-0.41913	0.864	0.82733	1.0	636	0	0
KDSR__P1P2	8	0.064078	0.0029034	0.007292	386	6	-0.5326	0.70414	0.61077	1.0	475	0	0
H2AFX__P1P2	8	0.065628	0.0029529	0.007397	387	6	-0.18017	0.946	0.97125	1.0	727	0	0
SUPT4H1__P1P2	8	0.066109	0.0029628	0.007403	388	5	-0.85424	0.97944	0.99547	1.0	778	0	0
PKMYT1__P1P2	8	0.066672	0.0029825	0.007433	389	6	-0.80015	0.55932	0.36847	0.973231	366	0	0
PLEKHH2__P1P2	8	0.067922	0.0030617	0.007611	390	5	-0.76055	0.57284	0.39434	1.0	371	0	0
C19orf53__P1P2	8	0.070642	0.0032002	0.007935	391	4	-0.35358	0.5446	0.35372	0.939405	357	0	0
NPDC1__P1P2	8	0.071068	0.0032101	0.007939	392	6	-0.75865	0.6695	0.55759	1.0	452	0	0
C11orf58__P1P2	8	0.071538	0.00322	0.007944	393	3	-0.4608	0.39949	0.14562	0.575418	235	0	0
ESYT2__P1P2	8	0.072312	0.0032595	0.008021	394	3	-0.36772	0.048865	0.0040608	0.077513	31	1	0
RBPMS2__P1P2	8	0.07283	0.0034178	0.008389	395	6	-0.26655	0.92728	0.95298	1.0	703	0	0
LAMC1__P1P2	8	0.074205	0.0034772	0.008513	396	5	-0.56731	0.6265	0.48374	1.0	421	0	0
C14orf119__P1P2	8	0.075676	0.0035464	0.008639	397	6	-0.21413	0.97085	0.99016	1.0	762	0	0
TUFM__28856875	8	0.075849	0.0035464	0.008639	398	6	-0.28027	0.87383	0.88304	1.0	643	0	0
DSCR3__P1P2	8	0.076895	0.0035761	0.00869	399	6	-0.46014	0.20671	0.016674	0.136191	118	0	0
SUGP1__P1P2	8	0.077979	0.0037443	0.009076	400	4	-0.53256	0.2635	0.045174	0.290786	150	0	0
EXOSC1__P1P2	8	0.078217	0.0037542	0.009077	401	5	-0.75481	0.90691	0.92938	1.0	680	0	0
PLOD3__P1P2	8	0.078778	0.0038729	0.009319	402	6	-0.16323	0.34401	0.089877	0.426196	197	0	0
RSPRY1__P1P2	8	0.07884	0.0038828	0.009319	403	6	-0.1541	0.96031	0.98286	1.0	745	0	0
OCIAD1__P1P2	8	0.079018	0.0038828	0.009319	404	6	-0.27983	0.98993	0.99901	1.0	795	0	0
HEXIM2__P2	11	0.079283	0.0028539	0.007187	405	5	-0.43824	0.71112	0.53696	1.0	481	0	0
DCAF4__P1P2	8	0.082926	0.0043675	0.010454	406	6	-0.22928	0.84434	0.84013	1.0	613	0	0
SCAF11__P1P2	8	0.083079	0.0043774	0.010454	407	1	-0.37262	0.58941	0.42694	1.0	388	0	0
ABCB10__P1P2	8	0.083844	0.0044961	0.010711	408	3	-0.40571	0.51122	0.29105	0.84262	333	0	0
TMEM194A__P1P2	8	0.084321	0.0045455	0.0108	409	6	-0.17709	0.84222	0.83732	1.0	611	0	0
C6orf47__P1P2	8	0.084463	0.0045554	0.0108	410	5	-0.54049	0.24627	0.032907	0.222189	138	0	0
FAM115A__143579171	8	0.084608	0.004595	0.010867	411	3	-0.56543	0.9066	0.92891	1.0	678	0	0
UBE2E3__P1P2	8	0.086302	0.0046445	0.010957	412	6	-0.18928	0.57985	0.40812	1.0	375	0	0
MAPRE1__P1P2	8	0.087568	0.0049116	0.011531	413	5	-0.65984	0.42592	0.17496	0.649094	259	0	0
ROCK1__18690984	8	0.087833	0.0049116	0.011531	414	6	-0.10427	0.89294	0.9082	1.0	663	0	0
TGDS__P1P2	8	0.089183	0.0051193	0.011961	415	2	-0.31578	0.46865	0.21805	0.697194	301	0	0
RABL5__P1P2	8	0.089187	0.0051193	0.011961	416	6	-0.64582	0.73037	0.65813	1.0	498	0	0
GNAI1__P1P2	8	0.089436	0.0051984	0.012117	417	3	-0.63852	0.79705	0.75629	1.0	563	0	0
SNRPB2__P1P2	8	0.091051	0.0054161	0.012594	418	6	-0.13045	0.62475	0.47621	1.0	420	0	0
DEGS1__P1P2	8	0.092221	0.0057326	0.013299	419	3	-0.57583	0.40213	0.14562	0.575418	238	0	0
PIP4K2C__P1P2	8	0.093737	0.0059602	0.013793	420	3	-0.38477	0.38616	0.13826	0.575418	228	0	0
IL18R1__P1	8	0.09425	0.0060393	0.013943	421	6	-0.26701	0.66761	0.55298	1.0	450	0	0
FAM102A__P1P2	8	0.09909	0.011025	0.025394	422	6	-0.45176	0.77856	0.73524	1.0	547	0	0
RAD1__P1P2	8	0.10046	0.011292	0.025948	423	6	-0.17942	0.93071	0.95721	1.0	706	0	0
HYDIN__71263838	8	0.10354	0.011539	0.026454	424	2	-0.42034	0.65481	0.52803	1.0	442	0	0
ENY2__P1P2	8	0.10415	0.011609	0.02655	425	4	-0.5209	0.64592	0.51479	1.0	434	0	0
ARHGAP11B__30918117	8	0.10653	0.012153	0.027664	426	4	-0.58584	0.92893	0.95557	1.0	704	0	0
MLLT4__P1P2	8	0.10662	0.012153	0.027664	427	6	-0.097975	0.88878	0.89979	1.0	658	0	0
RAI14__P1P2	8	0.10817	0.01237	0.028094	428	6	-0.52319	0.91944	0.94434	1.0	695	0	0
WNT7A__P1P2	8	0.11324	0.01336	0.030269	429	4	-0.43709	0.40476	0.14563	0.575418	240	0	0
ZC3H7A__P1P2	8	0.11372	0.013429	0.030356	430	6	-0.48636	0.97361	0.9923	1.0	767	0	0
ACAD11__P1P2	8	0.11509	0.013637	0.030754	431	5	-0.30384	0.73168	0.66143	1.0	499	0	0
NDE1__P1	8	0.11544	0.013825	0.031105	432	3	-0.53562	0.49238	0.25819	0.786698	317	0	0
PRKRIR__P1P2	8	0.11608	0.018523	0.041523	433	4	-0.40853	0.085372	0.0040707	0.077513	50	0	0
ZNF460__P1P2	8	0.11622	0.018583	0.041523	434	5	-0.16087	0.27292	0.053058	0.33059	155	0	0
SLX1A__30205037	8	0.11627	0.018583	0.041523	435	6	-0.058262	0.4058	0.14563	0.575418	242	0	0
SAMD1__P1P2	8	0.11769	0.0188	0.041905	436	2	-0.43404	0.26665	0.048933	0.310929	152	0	0
NCOA6__P1P2	8	0.11825	0.01884	0.041905	437	6	-0.14285	0.85602	0.85547	1.0	626	0	0
MED15__P1	8	0.11875	0.018919	0.041985	438	6	-0.46751	0.85473	0.85468	1.0	623	0	0
SOS1__P1P2	8	0.11982	0.019256	0.042634	439	6	-0.11229	0.834	0.82438	1.0	602	0	0
OGFR__P1P2	8	0.12006	0.019325	0.04269	440	6	-0.18994	0.97896	0.99536	1.0	776	0	0
WDR18__P1P2	8	0.12333	0.020185	0.04449	441	4	-0.59719	0.17447	0.008453	0.077513	100	0	0
MYH9__P1P2	8	0.12406	0.020452	0.044977	442	6	-0.46276	0.75837	0.70945	1.0	524	0	0
BIVM__P1	8	0.12433	0.020502	0.044984	443	2	-0.39479	0.44098	0.18923	0.661611	276	0	0
ZNF462__P1P2	8	0.12478	0.020591	0.045078	444	6	-0.1357	0.7801	0.7369	1.0	549	0	0
DNAJC3__P1P2	8	0.12577	0.020739	0.0453	445	6	-0.19097	0.99371	0.99965	1.0	811	0	0
UBR5__P1P2	8	0.12642	0.020809	0.04535	446	5	-0.20385	0.19245	0.016664	0.136191	109	0	0
CENPO__P1P2	8	0.12763	0.021125	0.045937	447	6	-0.25664	0.81035	0.78564	1.0	576	0	0
ATL3__P1P2	8	0.128	0.021224	0.046049	448	4	-0.47367	0.61627	0.46299	1.0	410	0	0
GAPVD1__P1P2	8	0.13001	0.021709	0.046995	449	6	-0.10576	0.91458	0.9395	1.0	692	0	0
CUL3__P1P2	8	0.13535	0.023292	0.050198	450	5	-0.26843	0.86277	0.86326	1.0	635	0	0
CST1__P1P2	8	0.13675	0.023875	0.051116	451	4	-0.3766	0.58828	0.42694	1.0	386	0	0
ELMO3__P1P2	8	0.13721	0.024182	0.051363	452	6	-0.13455	0.75064	0.69217	1.0	516	0	0
SF3A2__P2	8	0.13772	0.024192	0.051363	453	5	-0.60983	0.86819	0.87398	1.0	640	0	0
RHOG__P1P2	8	0.13786	0.024192	0.051363	454	6	-0.13252	0.78595	0.74346	1.0	553	0	0
FAM107A__P1P2	8	0.1382	0.024202	0.051363	455	2	-0.3537	0.080014	0.0040707	0.077513	46	0	0
REC8__P1P2	8	0.13892	0.024409	0.051691	456	3	-0.39931	0.25397	0.032917	0.222189	144	0	0
TMEM86A__P1P2	8	0.13964	0.024696	0.052184	457	5	-0.35272	0.58599	0.42184	1.0	383	0	0
CDC42EP5__P1P2	8	0.14197	0.02526	0.05326	458	6	-0.1824	0.98891	0.99881	1.0	793	0	0
ATXN2L__P1P2	8	0.14211	0.025389	0.053321	459	5	-0.4286	0.62124	0.47106	1.0	415	0	0
ATP12A__P1P2	8	0.14232	0.025399	0.053321	460	5	-0.55191	0.43148	0.18562	0.661611	265	0	0
CCDC137__P1P2	8	0.1486	0.026329	0.055041	461	5	-0.38292	0.88435	0.89417	1.0	654	0	0
COG6__P1P2	8	0.15101	0.026368	0.055041	462	3	-0.44498	0.59017	0.42694	1.0	390	0	0
CSNK1A1__P1P2	8	0.1516	0.026388	0.055041	463	4	-0.65567	0.68843	0.58503	1.0	464	0	0
TMEM110__P1P2	8	0.1533	0.026665	0.055381	464	3	-0.34055	0.37475	0.12203	0.534282	221	0	0
LNP1__P1P2	8	0.15334	0.026665	0.055381	465	4	-0.24893	0.83106	0.81749	1.0	600	0	0
DNMT1__P1P2	8	0.15856	0.030869	0.063827	466	3	-0.40813	0.42541	0.17495	0.649094	258	0	0
LYRM7__P1P2	8	0.15934	0.030928	0.063827	467	5	-0.15524	0.6911	0.59331	1.0	466	0	0
CORO1B__67210174	8	0.15955	0.030928	0.063827	468	3	-0.39364	0.55568	0.35978	0.952879	365	0	0
YPEL3__P1P2	8	0.16324	0.031107	0.064058	469	2	-0.30115	0.4355	0.18922	0.661611	271	0	0
CNTD2__P1	8	0.16676	0.035133	0.071843	470	5	-0.42232	0.88347	0.89416	1.0	651	0	0
FAM69B__P1P2	8	0.16789	0.035143	0.071843	471	5	-0.49002	0.31906	0.077531	0.400854	180	0	0
PPP2R1A__P1	8	0.16877	0.035172	0.071843	472	5	-0.12233	0.23524	0.024835	0.181499	130	0	0
IRX1__P1P2	8	0.16939	0.035182	0.071843	473	5	-0.61933	0.68604	0.58502	1.0	461	0	0
MAP3K7__P1P2	8	0.17447	0.035469	0.072277	474	2	-0.37656	0.7422	0.67957	1.0	504	0	0
ELOF1__P1P2	8	0.1759	0.035667	0.072506	475	5	-0.4342	0.77878	0.73525	1.0	548	0	0
GFRA4__ENST00000290417.2_ENST00000319242.3	8	0.17726	0.035786	0.072506	476	2	-0.36521	0.33076	0.081538	0.406484	186	0	0
C7orf49__P1P2	8	0.17865	0.035805	0.072506	477	5	-0.35727	0.080781	0.0040707	0.077513	47	0	0
GNPNAT1__P1P2	8	0.18178	0.035983	0.072518	478	4	-0.31401	0.74695	0.6844	1.0	509	0	0
ABHD16A__P1P2	8	0.18212	0.035983	0.072518	479	2	-0.4495	0.93611	0.96381	1.0	710	0	0
TRIM56__P1P2	8	0.18558	0.036132	0.072518	480	3	-0.37832	0.91046	0.93227	1.0	685	0	0
SOX2__P1P2	11	0.18592	0.023222	0.05016	481	7	-0.21203	0.94933	0.95572	1.0	730	0	0
ISOC2__P1	8	0.18695	0.036171	0.072518	482	3	-0.34976	0.74169	0.67956	1.0	503	0	0
DENND5A__P1P2	11	0.1881	0.02345	0.050337	483	5	-0.40636	0.45907	0.14486	0.575418	295	0	0
PCSK1N__P1P2	11	0.18871	0.02346	0.050337	484	5	-0.32188	0.35787	0.075454	0.400854	209	0	0
HIF1AN__P1P2	8	0.18874	0.03628	0.072518	485	4	-0.40222	0.39099	0.1419	0.575418	232	0	0
UNC13B__P1P2	8	0.19108	0.036419	0.072518	486	3	-0.34808	0.45327	0.2003	0.667589	286	0	0
FERMT1__P1P2	8	0.1926	0.036439	0.072518	487	5	-0.38488	0.701	0.60865	1.0	473	0	0
ZC3H14__P1P2	8	0.1943	0.036547	0.072518	488	5	-0.19489	0.95815	0.98169	1.0	742	0	0
MTF1__P1P2	8	0.19549	0.036557	0.072518	489	5	-0.16232	0.94961	0.97433	1.0	731	0	0
TXNDC16__P1P2	8	0.19628	0.036557	0.072518	490	4	-0.47613	0.67848	0.57259	1.0	459	0	0
VPS26A__P1P2	8	0.20272	0.037111	0.073467	491	5	-0.287	0.8535	0.85235	1.0	621	0	0
CCDC101__P1P2	8	0.20394	0.037289	0.073669	492	5	-0.033105	0.31076	0.077522	0.400854	176	0	0
CAPG__P1	8	0.20469	0.037408	0.073754	493	2	-0.36766	0.50098	0.26792	0.793958	326	0	0
WDR86__P1P2	8	0.20537	0.037546	0.073877	494	3	-0.40154	0.91852	0.94299	1.0	694	0	0
PIGL__P1P2	8	0.20815	0.037764	0.074155	495	5	-0.046213	0.72267	0.64149	1.0	490	0	0
TMSB10__P1P2	8	0.20939	0.037893	0.074258	496	5	-0.43442	0.71034	0.62539	1.0	480	0	0
SPEN__P1P2	8	0.21276	0.037972	0.074263	497	5	-0.092433	0.43349	0.18563	0.661611	269	0	0
BCL2L13__P1P2	8	0.2141	0.03816	0.074481	498	4	-0.40556	0.63239	0.49135	1.0	426	0	0
FAM216A__P1P2	8	0.216	0.038457	0.074909	499	4	-0.47826	0.70471	0.61077	1.0	477	0	0
GPATCH8__P1P2	8	0.21758	0.038615	0.075067	500	2	-0.17365	0.0026139	4.9462e-06	0.000192	19	2	0
AGO1__36348590	8	0.22287	0.039426	0.076491	501	5	-0.16494	0.84644	0.84185	1.0	617	0	0
KIF22__P1	8	0.22635	0.039921	0.077296	502	5	-0.059609	0.44936	0.19633	0.664919	282	0	0
KIAA0247__P1P2	8	0.22737	0.04	0.077296	503	4	-0.3595	0.78466	0.74345	1.0	552	0	0
PTRHD1__P1P2	8	0.23079	0.040692	0.078478	504	5	-0.18894	0.88055	0.8912	1.0	647	0	0
TMEM198__P1P2	8	0.23228	0.040959	0.078837	505	5	-0.29797	0.76635	0.72283	1.0	531	0	0
NONO__P1P2	8	0.23421	0.041306	0.079346	506	4	-0.43194	0.91629	0.94014	1.0	693	0	0
RBM47__P1P2	8	0.23885	0.045797	0.0878	507	5	-0.13923	0.93142	0.95848	1.0	708	0	0
SUPT7L__P1P2	8	0.2396	0.045935	0.087892	508	4	-0.24147	0.18073	0.008453	0.077513	105	0	0
STT3B__P1P2	8	0.24045	0.046064	0.087965	509	3	-0.41207	0.85715	0.85627	1.0	628	0	0
SLC30A3__P1P2	8	0.24244	0.046737	0.089074	510	3	-0.23597	0.69199	0.59332	1.0	467	0	0
TTBK2__P1P2	8	0.24308	0.046895	0.089201	511	2	-0.26362	0.29267	0.065087	0.3722	165	0	0
PSPH__P2	8	0.24533	0.04733	0.089591	512	5	-0.33417	0.76027	0.7125	1.0	526	0	0
CAB39__P1P2	8	0.2459	0.047399	0.089591	513	5	-0.096568	0.84451	0.84013	1.0	614	0	0
USP15__P1P2	8	0.24695	0.047469	0.089591	514	5	-0.071819	0.58062	0.40812	1.0	376	0	0
ZNF236__P1P2	8	0.24726	0.047577	0.089622	515	4	-0.3962	0.90608	0.92848	1.0	676	0	0
FBXO8__P1	8	0.24758	0.047736	0.089747	516	2	-0.28399	0.33655	0.086059	0.420395	193	0	0
TRIM28__P1P2	8	0.25053	0.048309	0.09065	517	5	-0.08281	0.82523	0.80375	1.0	593	0	0
ZMYM4__P1P2	11	0.25207	0.047073	0.089365	518	7	-0.28688	0.80168	0.70913	1.0	568	0	0
SENP2__P1P2	8	0.25208	0.048764	0.09117	519	5	-0.15523	0.91448	0.93949	1.0	691	0	0
TNRC6A__P1P2	8	0.25216	0.048774	0.09117	520	5	-0.43606	0.61304	0.46031	1.0	408	0	0
PTPN12__P1P2	8	0.25306	0.048943	0.091309	521	2	0.022156	6.1341e-07	4.9462e-06	0.000192	11	4	0
ISY1__P1P2	8	0.25397	0.049269	0.091742	522	2	-0.31164	0.75015	0.69077	1.0	515	0	0
ATG16L1__P1P2	8	0.25793	0.049506	0.092008	523	5	-0.10455	0.75089	0.69217	1.0	517	0	0
MAGOHB__P1P2	8	0.25826	0.049714	0.092218	524	5	-0.23583	0.8352	0.8263	1.0	604	0	0
STX7__P1P2	8	0.26179	0.050525	0.093544	525	4	-0.44356	0.97579	0.99347	1.0	772	0	0
SMAD1__P1P2	8	0.26655	0.051841	0.095797	526	4	-0.26872	0.93736	0.96515	1.0	711	0	0
CCNK__P2	11	0.26844	0.053008	0.097399	527	5	-0.31712	0.60974	0.34211	0.931467	407	0	0
LNPEP__P1P2	8	0.26903	0.052514	0.096856	528	5	-0.30244	0.36981	0.12202	0.534282	218	0	0
CTIF__P1P2	8	0.26958	0.052652	0.096928	529	5	-0.27061	0.58979	0.42694	1.0	389	0	0
NPY4R__P1P2	8	0.2723	0.053592	0.098286	530	2	-0.3538	0.35814	0.10169	0.464044	210	0	0
GTDC1__P1P2	8	0.27542	0.054601	0.099832	531	3	-0.29838	0.49466	0.26137	0.788984	320	0	0
HOXC4__ENST00000430889.2	8	0.27668	0.054641	0.099832	532	5	-0.023312	0.49511	0.26137	0.788984	321	0	0
DHRSX__P1P2	8	0.27779	0.055155	0.100583	533	4	-0.27229	0.81755	0.79497	1.0	586	0	0
PFDN5__P1P2	8	0.27912	0.055293	0.100646	534	5	-0.34932	0.90639	0.9289	1.0	677	0	0
FCGR1A__149755456	8	0.28546	0.058103	0.105366	535	5	-0.059409	0.7567	0.7062	1.0	523	0	0
CCDC77__P2	8	0.28896	0.058954	0.106709	536	5	-0.17845	0.72588	0.6514	1.0	492	0	0
AJUBA__P1P2	8	0.29267	0.059804	0.108048	537	2	-0.12651	0.27355	0.053058	0.33059	156	0	0
GNE__P1P2	11	0.29315	0.056441	0.102543	538	6	-0.407	0.84864	0.79485	1.0	619	0	0
PRSS40A__131328218	8	0.29394	0.060368	0.108864	539	5	-0.083773	0.69463	0.59889	1.0	469	0	0
CCR6__ENST00000400926.2	8	0.2951	0.061011	0.10982	540	3	-0.3105	0.8026	0.76879	1.0	569	0	0
CAP1__P1P2	8	0.29582	0.061417	0.110346	541	5	-0.054008	0.5178	0.29694	0.844635	339	0	0
CD99L2__P1P2	8	0.29693	0.061872	0.110958	542	3	-0.26571	0.0037088	4.9462e-06	0.000192	21	1	0
USP10__P1P2	8	0.29885	0.062277	0.11148	543	4	-0.12254	0.52301	0.29979	0.844635	344	0	0
FAF1__P1P2	8	0.29974	0.062564	0.111706	544	4	-0.065512	0.72879	0.65641	1.0	497	0	0
PRCP__P1	8	0.30021	0.062634	0.111706	545	5	-0.045213	0.64659	0.51479	1.0	436	0	0
SUPT3H__P1P2	8	0.30379	0.067867	0.120597	546	5	-0.2958	0.97378	0.99232	1.0	768	0	0
TM9SF2__P1P2	8	0.30506	0.068539	0.121366	547	5	-0.037913	0.50635	0.27821	0.816974	330	0	0
EIF4B__P1P2	8	0.30532	0.068549	0.121366	548	4	-0.0951	0.38454	0.13419	0.572052	227	0	0
PURB__P1P2	8	0.30591	0.068747	0.121495	549	5	-0.088536	0.90387	0.92656	1.0	671	0	0
DCP1A__P1P2	8	0.30739	0.069895	0.123145	550	5	-0.0261	0.38238	0.13418	0.572052	224	0	0
CHEK2__P1P2	8	0.30756	0.069934	0.123145	551	3	-0.091605	0.18281	0.008453	0.077513	107	0	0
ICMT__P1P2	8	0.3125	0.072506	0.127443	552	5	-0.14124	0.92678	0.95259	1.0	701	0	0
PCNXL3__P1P2	8	0.31485	0.073466	0.128896	553	5	-0.088858	0.47007	0.21805	0.697194	303	0	0
CWC25__P1P2	8	0.31862	0.074524	0.130283	554	5	-0.18642	0.86536	0.86716	1.0	638	0	0
ILF3__P1P2	8	0.32	0.075217	0.131258	555	5	-0.055804	0.72667	0.65325	1.0	494	0	0
OPRD1__P1P2	8	0.32141	0.075622	0.131493	556	3	-0.35334	0.43249	0.18563	0.661611	267	0	0
MIR205HG__P2	8	0.32151	0.075622	0.131493	557	5	-0.17576	0.90732	0.92939	1.0	681	0	0
WDR7__P1P2	8	0.32727	0.07952	0.138024	558	4	-0.20192	0.96864	0.9891	1.0	756	0	0
TPI1__P1P2	8	0.32842	0.079866	0.138378	559	4	-0.06138	0.82088	0.79727	1.0	591	0	0
UFC1__P1P2	8	0.33119	0.084783	0.146391	560	3	-0.13295	0.60064	0.43255	1.0	398	0	0
MLLT1__P1P2	8	0.33151	0.084792	0.146391	561	5	-0.1177	0.65318	0.52802	1.0	441	0	0
NUDT22__P1P2	8	0.33369	0.086187	0.148536	562	5	-0.13227	0.7437	0.681	1.0	506	0	0
TTC3__P1P2	8	0.33655	0.087325	0.150083	563	5	0.025908	0.12286	0.0084431	0.077513	68	0	0
MMAB__P1P2	8	0.33699	0.087394	0.150083	564	5	-0.075016	0.94404	0.96968	1.0	722	0	0
PIH1D1__P1P2	8	0.33761	0.088156	0.151124	565	4	-0.19429	0.97592	0.99357	1.0	773	0	0
DEDD__P1P2	8	0.33784	0.088571	0.151569	566	4	-0.29773	0.56732	0.38596	1.0	367	0	0
MRE11A__P1P2	8	0.33828	0.089155	0.1523	567	3	-0.38677	0.78617	0.74346	1.0	554	0	0
MAGED2__P2	8	0.34115	0.090698	0.154664	568	2	-0.35489	0.43047	0.18209	0.661611	264	0	0
CYFIP2__P1P2	8	0.34229	0.091964	0.156292	569	4	-0.35771	0.1258	0.0084431	0.077513	69	0	0
FAM98A__P1P2	8	0.34272	0.091974	0.156292	570	5	-0.34843	0.72105	0.63809	1.0	489	0	0
KLHL5__P1P2	11	0.34331	0.066739	0.11881	571	3	-0.29136	0.74084	0.59369	1.0	502	0	0
ITGB3__P1P2	8	0.3436	0.092598	0.157076	572	5	-0.14714	0.94113	0.96803	1.0	717	0	0
TMTC2__P1P2	8	0.34804	0.094497	0.160019	573	5	-0.068964	0.88597	0.89666	1.0	655	0	0
LCOR__P1P2	8	0.34913	0.095605	0.161614	574	4	-0.29247	0.33424	0.081548	0.406484	190	0	0
SLC38A10__P1P2	8	0.34969	0.095921	0.161867	575	3	-0.3482	0.77366	0.72948	1.0	541	0	0
CTNNB1__P1P2	8	0.35289	0.097484	0.16422	576	4	-0.24993	0.47385	0.22457	0.708744	306	0	0
NOSIP__P1P2	8	0.35384	0.098305	0.165316	577	5	-0.021748	0.49055	0.25172	0.774267	316	0	0
CLK3__P2	8	0.35478	0.099136	0.166426	578	1	-0.18788	0.23066	0.024825	0.181499	128	0	0
DOT1L__P1P2	8	0.35702	0.10086	0.168608	579	1	-0.045339	0.19927	0.016664	0.136191	115	0	0
USF1__P1P2	8	0.35743	0.10095	0.168608	580	5	-0.081428	0.86057	0.85999	1.0	632	0	0
FBXL14__P1P2	8	0.35758	0.10096	0.168608	581	4	-0.39377	0.79334	0.74886	1.0	558	0	0
ASPM__P1P2	8	0.35847	0.10138	0.169028	582	4	-0.096321	0.75138	0.69218	1.0	518	0	0
HCN2__P1P2	8	0.35977	0.1025	0.170357	583	3	-0.027638	0.44395	0.19263	0.664919	277	0	0
CNKSR3__P1P2	8	0.36058	0.10253	0.170357	584	5	-0.24745	0.81493	0.79237	1.0	582	0	0
HLA-DMA__P2	8	0.36193	0.1036	0.171676	585	5	-0.10929	0.88986	0.90263	1.0	660	0	0
HIGD2A__P1P2	8	0.3626	0.10368	0.171676	586	5	-0.11718	0.74645	0.68439	1.0	508	0	0
ASUN__P1P2	8	0.36431	0.10459	0.172434	587	3	-0.30524	0.33885	0.086069	0.420395	195	0	0
ARRDC4__P1P2	8	0.36539	0.10465	0.172434	588	3	-0.31308	0.67694	0.5705	1.0	457	0	0
DPP9__P1	8	0.36724	0.10484	0.172434	589	4	-0.36733	0.78723	0.74493	1.0	555	0	0
SUPT20H__P1P2	8	0.3676	0.10484	0.172434	590	1	0.49937	7.2244e-16	4.9462e-06	0.000192	1	7	0
AEN__P1P2	8	0.3739	0.10542	0.173085	591	4	-0.11123	0.9054	0.92805	1.0	674	0	0
TRABD__P1	8	0.37784	0.10913	0.178573	592	4	-0.084421	0.33943	0.086069	0.420395	196	0	0
EVX2__P1P2	11	0.37954	0.07398	0.129565	593	6	-0.31742	0.83105	0.76503	1.0	599	0	0
LSM12__P1P2	8	0.37966	0.10954	0.178951	594	3	-0.13901	0.17098	0.008453	0.077513	96	0	0
PATL1__P1P2	8	0.38422	0.11011	0.179286	595	4	-0.15924	0.74794	0.68606	1.0	511	0	0
KIFAP3__P1P2	8	0.38454	0.11012	0.179286	596	1	0.12889	0.050445	0.0040608	0.077513	32	1	0
RYR3__P1P2	8	0.39206	0.11402	0.185337	597	3	-0.32596	0.61876	0.46843	1.0	412	0	0
SCYL1__P1P2	8	0.39541	0.11437	0.185361	598	4	-0.098827	0.51211	0.29106	0.84262	334	0	0
IFT88__P1P2	8	0.39685	0.11442	0.185361	599	2	-0.11776	0.24691	0.032907	0.222189	139	0	0
MED12__P1P2	8	0.4016	0.11518	0.186284	600	2	-0.19644	0.6635	0.53936	1.0	448	0	0
NOTCH2NL__145208892	8	0.40894	0.12011	0.193929	601	3	-0.27889	0.84288	0.83914	1.0	612	0	0
DET1__P1P2	8	0.4105	0.12056	0.194109	602	1	-0.14041	0.34799	0.089887	0.426196	200	0	0
LRRC40__P1P2	8	0.4141	0.12085	0.194109	603	4	-0.27254	0.8279	0.80933	1.0	595	0	0
ZEB2__P1	8	0.41413	0.12085	0.194109	604	3	-0.30407	0.84074	0.83546	1.0	610	0	0
AKAP10__P1P2	8	0.41438	0.12102	0.194109	605	4	-0.26615	0.82984	0.81562	1.0	598	0	0
C20orf196__P1P2	8	0.41722	0.12164	0.194787	606	4	-0.089423	0.72347	0.6415	1.0	491	0	0
CCDC64__ENST00000397558.2	8	0.41859	0.12526	0.200255	607	3	-0.22428	0.45034	0.19633	0.664919	284	0	0
PRMT7__P1P2	8	0.42184	0.12584	0.200842	608	4	-0.27788	0.31669	0.077522	0.400854	178	0	0
PKNOX1__P1P2	9	0.42471	0.10617	0.174025	609	5	-0.11925	0.51638	0.25277	0.77507	337	0	0
GNA13__P1P2	8	0.43063	0.12696	0.202292	610	3	-0.09179	0.43299	0.18563	0.661611	268	0	0
SPINT1__P1P2	8	0.43386	0.12725	0.202292	611	4	-0.1172	0.65805	0.5325	1.0	445	0	0
ACTA2__P2	8	0.43799	0.12758	0.202292	612	4	-0.3178	0.77478	0.72949	1.0	542	0	0
TTLL10__P1	8	0.43857	0.12758	0.202292	613	3	-0.23491	0.81643	0.79354	1.0	584	0	0
GGCT__P1P2	8	0.44328	0.12835	0.203184	614	4	-0.33337	0.79725	0.7563	1.0	564	0	0
HIST2H2BE__149857437	8	0.44543	0.12904	0.203948	615	4	-0.30771	0.77679	0.73232	1.0	545	0	0
AK2__P1P2	8	0.44934	0.13021	0.205459	616	4	-0.019945	0.71368	0.63064	1.0	483	0	0
UBE2Q1__P1P2	8	0.45618	0.13196	0.207884	617	3	-0.20755	0.34856	0.089887	0.426196	201	0	0
TRIP6__P1P2	8	0.45715	0.1324	0.208248	618	1	-0.14427	0.38723	0.13826	0.575418	230	0	0
CHRNA7__32322509	8	0.4634	0.13331	0.20934	619	2	-0.1601	0.29874	0.065097	0.3722	170	0	0
OXR1__ENST00000312046.6	8	0.46533	0.13426	0.210492	620	4	-0.039376	0.17865	0.008453	0.077513	102	0	0
HAX1__P1P2	8	0.46581	0.13449	0.210509	621	4	0.0092158	0.51693	0.29694	0.844635	338	0	0
CCDC94__P1P2	8	0.4692	0.13865	0.216663	622	3	-0.35042	0.64692	0.51479	1.0	437	0	0
HMGCS1__P1P2	8	0.47163	0.13951	0.217666	623	4	-0.020428	0.82124	0.79727	1.0	592	0	0
ARHGAP11A__32907502	8	0.47382	0.14076	0.219266	624	4	-0.023371	0.41979	0.16399	0.622652	254	0	0
KIAA1429__P1P2	8	0.47494	0.14106	0.219377	625	3	-0.075815	0.27914	0.056955	0.343914	160	0	0
RIC8A__P2	8	0.47692	0.14157	0.219825	626	3	-0.12888	0.49828	0.26791	0.793958	322	0	0
FAM115C__143317820	8	0.47938	0.14233	0.22064	627	2	-0.14735	0.51998	0.29978	0.844635	341	0	0
ADAMTS16__P2	8	0.48226	0.14354	0.222172	628	3	-0.219	0.67479	0.56626	1.0	455	0	0
ZNF444__P1P2	8	0.48948	0.14675	0.226772	629	2	-0.10927	0.36816	0.12202	0.534282	215	0	0
ARHGEF5__144052240	8	0.49147	0.1473	0.227028	630	4	-0.064615	0.090703	0.0084431	0.077513	52	0	0
GPR137__P2	8	0.49238	0.14738	0.227028	631	3	-0.22541	0.89616	0.91295	1.0	665	0	0
TM9SF3__P1P2	8	0.4942	0.14847	0.228343	632	1	-0.091844	0.26287	0.045164	0.290786	149	0	0
KLF5__P1P2	8	0.49515	0.14882	0.228513	633	4	0.040798	0.10877	0.0084431	0.077513	61	0	0
NDUFS4__P1P2	8	0.50217	0.15225	0.233063	634	4	-0.064267	0.3867	0.13826	0.575418	229	0	0
CCS__P1P2	8	0.50314	0.15226	0.233063	635	4	-0.045116	0.83791	0.82919	1.0	607	0	0
FUT7__P1P2	8	0.50749	0.15472	0.236461	636	4	-0.34325	0.89188	0.90651	1.0	662	0	0
CHAF1A__P1P2	8	0.51295	0.15817	0.241358	637	3	-0.05296	0.44838	0.19632	0.664919	280	0	0
RPUSD4__P1P2	8	0.51498	0.15912	0.242047	638	4	-0.1643	0.45375	0.20031	0.667589	287	0	0
SRSF11__P2	8	0.51606	0.15912	0.242047	639	3	-0.06846	0.22076	0.020818	0.1606	125	0	0
UBE2E2__P1P2	8	0.5186	0.15958	0.24236	640	4	-0.17359	0.96502	0.98665	1.0	749	0	0
ACAT2__P1P2	8	0.52414	0.16506	0.250293	641	4	-0.12057	0.89696	0.91399	1.0	666	0	0
MLLT3__P1P2	8	0.52979	0.16939	0.256463	642	4	-0.028504	0.082314	0.0040707	0.077513	48	0	0
SLC11A2__P1	8	0.5316	0.17039	0.257574	643	4	-0.022402	0.20063	0.016674	0.136191	116	0	0
CORIN__P1P2	8	0.53258	0.17127	0.258503	644	4	-0.039779	0.59431	0.42695	1.0	394	0	0
OCLN__68788394	8	0.53616	0.17306	0.260801	645	4	0.022427	0.77071	0.72559	1.0	538	0	0
SF1__P1P2	8	0.5375	0.17462	0.262734	646	3	-0.11997	0.54955	0.35373	0.939405	363	0	0
STRADA__P1P2	8	0.54085	0.17687	0.265716	647	1	0.12952	0.10053	0.0084431	0.077513	55	0	0
BBC3__P1P2	8	0.54245	0.17729	0.265929	648	3	-0.29638	0.92483	0.94996	1.0	700	0	0
USP44__P1	8	0.54294	0.17782	0.266319	649	2	-0.099391	0.42693	0.17844	0.657033	260	0	0
ANAPC7__P1P2	8	0.54336	0.17829	0.266605	650	2	-0.20412	0.71588	0.63249	1.0	485	0	0
FAM83H__P1P2	8	0.54575	0.17995	0.268677	651	4	-0.055453	0.47102	0.2212	0.702662	304	0	0
SNAP29__P1P2	8	0.54957	0.18378	0.273972	652	4	-0.12189	0.85118	0.84944	1.0	620	0	0
AES__P1P2	8	0.55811	0.18848	0.280562	653	2	-0.056648	0.53582	0.3333	0.917752	352	0	0
PTPN20A__46639859	8	0.56029	0.19036	0.282494	654	4	-0.046232	0.40528	0.14563	0.575418	241	0	0
DCUN1D1__P1P2	8	0.56172	0.1916	0.283478	655	4	-0.023466	0.42744	0.17845	0.657033	261	0	0
WNT3A__P1P2	8	0.56213	0.19161	0.283478	656	2	-0.14546	0.47243	0.22121	0.702662	305	0	0
ARHGEF18__P1P2	8	0.56291	0.19229	0.284056	657	4	-0.036233	0.63955	0.50775	1.0	428	0	0
NCF1__74188108	8	0.56362	0.19291	0.284529	658	4	-0.10424	0.6223	0.47357	1.0	416	0	0
GPR89B__147400326	8	0.56732	0.19725	0.290154	659	3	-0.16147	0.41258	0.15313	0.592993	249	0	0
CSDE1__P1P2	8	0.57025	0.19761	0.290154	660	4	-0.19403	0.58903	0.42694	1.0	387	0	0
FAM179B__P1P2	8	0.57048	0.19761	0.290154	661	1	0.0012843	0.2181	0.020818	0.1606	124	0	0
FZR1__P1P2	8	0.57245	0.20013	0.292532	662	2	0.043151	0.17517	0.008453	0.077513	101	0	0
KMT2D__P1P2	8	0.57259	0.20013	0.292532	663	3	-0.13195	0.8474	0.84359	1.0	618	0	0
SFPQ__P1P2	8	0.5735	0.20014	0.292532	664	2	-0.12596	0.50857	0.28476	0.831182	332	0	0
FOXK1__P1P2	8	0.57875	0.2067	0.301665	665	4	0.039813	0.35478	0.10168	0.464044	206	0	0
LYPLA2__P1P2	8	0.5824	0.20966	0.305537	666	4	-0.108	0.95375	0.97785	1.0	738	0	0
PORCN__P2	8	0.58533	0.21332	0.310406	667	4	-0.13875	0.8841	0.89417	1.0	652	0	0
ZFAT__P1	8	0.58561	0.21389	0.310761	668	4	-0.27292	0.75429	0.7031	1.0	519	0	0
GET4__P1P2	8	0.58768	0.21473	0.311253	669	4	-0.1111	0.5744	0.39435	1.0	372	0	0
ZC3H7B__P1P2	8	0.58815	0.21487	0.311253	670	4	-0.020078	0.70357	0.61076	1.0	474	0	0
ZNF740__P1P2	8	0.59055	0.2169	0.313723	671	3	-0.18634	0.81662	0.79354	1.0	585	0	0
CEP128__P1P2	8	0.59142	0.21858	0.315686	672	4	-0.064987	0.91254	0.93657	1.0	687	0	0
ZNF608__P2	8	0.59394	0.22196	0.320097	673	1	-0.061597	0.13602	0.0084431	0.077513	73	0	0
KCTD3__P1P2	8	0.59692	0.22715	0.327101	674	2	0.064711	0.19723	0.016664	0.136191	114	0	0
HNRNPUL1__P1P2	11	0.59922	0.19031	0.282494	675	5	-0.012203	0.35254	0.070132	0.38732	205	0	0
SMG7__P1P2	8	0.60237	0.23619	0.339604	676	4	-0.061238	0.28655	0.060883	0.360841	163	0	0
BOLA2__29465484	8	0.60654	0.24126	0.345524	677	4	-0.054006	0.42337	0.17134	0.640588	255	0	0
EMD__P1P2	8	0.60677	0.24126	0.345524	678	4	-0.10584	0.42997	0.18209	0.661611	263	0	0
XKR8__P1P2	8	0.60725	0.24137	0.345524	679	2	-0.065092	0.32493	0.077531	0.400854	184	0	0
C14orf169__P1P2	8	0.60793	0.24307	0.347448	680	4	-0.059279	0.85602	0.85547	1.0	625	0	0
MTCH2__P1P2	8	0.60942	0.24398	0.348236	681	3	-0.020124	0.28716	0.060883	0.360841	164	0	0
MID1IP1__P1P2	8	0.6106	0.24621	0.350384	682	3	-0.030308	0.65643	0.53017	1.0	444	0	0
FRMPD2__49481953	8	0.62335	0.26664	0.378915	683	3	-0.057638	0.8808	0.89121	1.0	648	0	0
TSPYL1__P1P2	8	0.62457	0.27029	0.383125	684	2	0.044211	0.2616	0.045164	0.290786	148	0	0
PHC1__P1P2	8	0.62483	0.2704	0.383125	685	2	0.035944	0.16606	0.008453	0.077513	92	0	0
SPECC1L__P1P2	8	0.62606	0.27079	0.383125	686	4	-0.0057083	0.69287	0.59332	1.0	468	0	0
CSTF2__P1P2	8	0.62697	0.27255	0.385056	687	4	-0.10172	0.54791	0.35372	0.939405	361	0	0
ZNF286A__15602675	8	0.62993	0.27775	0.391837	688	4	-0.043146	0.3354	0.081548	0.406484	192	0	0
APEX2__P1P2	8	0.63061	0.27849	0.392315	689	4	-0.1017	0.968	0.98869	1.0	754	0	0
NIPBL__P1P2	8	0.63204	0.28032	0.394307	690	2	-0.17555	0.48365	0.24147	0.745131	313	0	0
MESDC2__P1P2	8	0.63423	0.28463	0.399796	691	4	-0.10013	0.94398	0.96967	1.0	721	0	0
ZCCHC11__P1P2	8	0.63479	0.28574	0.400773	692	2	-0.048982	0.40842	0.14921	0.582503	245	0	0
HSPA4__P1P2	8	0.63649	0.2889	0.40377	693	1	0.12966	0.10803	0.0084431	0.077513	60	0	0
NOTCH2__120611488	8	0.6373	0.28973	0.40377	694	3	-0.016989	0.81941	0.79613	1.0	589	0	0
RPS4Y1__P1P2	8	0.63853	0.28974	0.40377	695	3	-0.0023801	0.24304	0.032907	0.222189	135	0	0
PRKCI__P1P2	8	0.63983	0.29017	0.40377	696	3	-0.027711	0.78978	0.74494	1.0	557	0	0
NUDT15__P1P2	8	0.64006	0.29017	0.40377	697	3	-0.10041	0.41102	0.14922	0.582503	247	0	0
LDB3__P1P2	8	0.64459	0.29037	0.40377	698	2	-0.10128	0.54127	0.34195	0.931467	355	0	0
C21orf58__P1	8	0.65055	0.29127	0.404444	699	3	-0.15435	0.83622	0.82819	1.0	605	0	0
PSMG3__P2	8	0.65643	0.29396	0.406452	700	1	-0.12442	0.64758	0.51705	1.0	438	0	0
PRC1__P1P2	8	0.65729	0.29397	0.406452	701	3	-0.14824	0.75646	0.70619	1.0	522	0	0
BEND2__P1P2	8	0.65754	0.29397	0.406452	702	3	-0.14042	0.60834	0.44782	1.0	406	0	0
GAL__P1P2	8	0.66091	0.29489	0.407145	703	3	0.083794	0.25205	0.032917	0.222189	142	0	0
TCTN2__P1P2	8	0.66413	0.29614	0.408299	704	2	0.036335	0.15828	0.008453	0.077513	87	0	0
PARN__P1P2	11	0.67192	0.24474	0.348811	705	4	0.025256	0.47445	0.16497	0.623934	307	0	0
SMURF2__P1P2	8	0.67286	0.29862	0.409386	706	3	-0.020761	0.75909	0.71096	1.0	525	0	0
ZNF787__P1P2	8	0.67293	0.29862	0.409386	707	2	-0.038268	0.43799	0.18922	0.661611	273	0	0
GDF7__P1P2	8	0.67353	0.29862	0.409386	708	3	-0.06473	0.50053	0.26792	0.793958	325	0	0
USP3__P1P2	8	0.67382	0.29862	0.409386	709	2	-0.053374	0.88423	0.89417	1.0	653	0	0
MAU2__P1P2	8	0.68333	0.30717	0.419933	710	3	0.010731	0.37036	0.12202	0.534282	219	0	0
FAM3B__P1P2	8	0.68754	0.31349	0.427601	711	3	-0.13629	0.60027	0.43254	1.0	397	0	0
BRD2__P1	8	0.68798	0.31366	0.427601	712	3	-0.022275	0.4586	0.20399	0.667589	294	0	0
FAM60A__P1P2	8	0.69106	0.31709	0.430339	713	3	-0.07363	0.63921	0.50774	1.0	427	0	0
ADD1__P1P2	8	0.6911	0.31709	0.430339	714	3	-0.086777	0.479	0.23821	0.742157	310	0	0
ATP6AP2__P1P2	8	0.6917	0.3171	0.430339	715	3	0.061268	0.48504	0.24148	0.745131	315	0	0
SLC4A1AP__P1P2	8	0.69257	0.31744	0.430339	716	2	-0.11895	0.81303	0.78667	1.0	580	0	0
CCNC__P1P2	8	0.69933	0.32056	0.433782	717	3	-0.076086	0.87423	0.88363	1.0	644	0	0
ROR1__P1P2	8	0.7008	0.32087	0.433782	718	3	0.076373	0.34458	0.089877	0.426196	198	0	0
G0S2__P1P2	8	0.71312	0.32615	0.440298	719	2	-0.035512	0.16887	0.008453	0.077513	94	0	0
CXorf56__P1P2	11	0.71332	0.30046	0.411329	720	1	0.024072	0.43725	0.12479	0.543916	272	0	0
ZSCAN18__P2	8	0.71423	0.32878	0.443235	721	2	-0.059553	0.4677	0.21804	0.697194	299	0	0
GLCE__P1P2	8	0.71533	0.32952	0.443619	722	1	0.1527	0.061434	0.0040608	0.077513	35	1	0
CFC1B__131278628	8	0.71938	0.33168	0.445905	723	3	-0.025114	0.84515	0.84099	1.0	615	0	0
PTPRF__P1P2	8	0.72487	0.33785	0.452591	724	2	0.13159	0.14685	0.008453	0.077513	79	0	0
KAT7__P1P2	8	0.72573	0.33827	0.452591	725	2	-0.039399	0.86945	0.87625	1.0	641	0	0
FNIP1__P1P2	8	0.72604	0.33828	0.452591	726	3	0.029559	0.43899	0.18923	0.661611	275	0	0
KRTCAP3__P1P2	8	0.72641	0.33851	0.452591	727	2	-0.068665	0.66126	0.53492	1.0	446	0	0
EVI5__P1P2	8	0.73733	0.34811	0.464781	728	2	0.01323	0.52474	0.306	0.859618	345	0	0
TMX2__P1P2	8	0.74064	0.35077	0.467692	729	3	-0.083029	0.81829	0.79498	1.0	587	0	0
MCTS1__P1P2	8	0.74354	0.3532	0.47024	730	3	-0.060544	0.9447	0.9698	1.0	724	0	0
GTF2H2C__68855815	8	0.74433	0.35365	0.47024	731	3	-0.046247	0.70894	0.62367	1.0	478	0	0
SLX1B__29465621	8	0.74566	0.35417	0.470293	732	3	-0.054065	0.8015	0.76878	1.0	567	0	0
ZNF43__P1	8	0.74987	0.35872	0.475686	733	3	-0.036932	0.75454	0.70311	1.0	520	0	0
CACHD1__P1P2	8	0.7504	0.35926	0.475745	734	3	0.036708	0.15757	0.008453	0.077513	86	0	0
HIST1H2AB__P1P2	8	0.75385	0.36319	0.480305	735	3	-0.041463	0.8973	0.914	1.0	668	0	0
CD8B__87088218	8	0.76058	0.37285	0.492022	736	3	0.071818	0.40108	0.14562	0.575418	237	0	0
B4GALT7__P1P2	8	0.76145	0.37307	0.492022	737	2	0.17365	0.13311	0.0084431	0.077513	72	0	0
PPP2R5E__P1P2	8	0.76483	0.37751	0.497205	738	3	0.00026988	0.21075	0.020809	0.1606	121	0	0
ATRN__P1P2	8	0.76575	0.3795	0.498486	739	3	0.0022542	0.85442	0.85467	1.0	622	0	0
ARHGAP21__P1P2	8	0.76593	0.37951	0.498486	740	2	0.00086145	0.52085	0.29979	0.844635	342	0	0
GPX3__P1P2	8	0.76866	0.38342	0.502952	741	3	-0.0974	0.42896	0.18208	0.661611	262	0	0
ERCC1__P1P2	8	0.77089	0.38887	0.509415	742	2	0.020742	0.48411	0.24148	0.745131	314	0	0
SIN3B__P1P2	8	0.77165	0.39031	0.510605	743	3	-0.083532	0.72747	0.65492	1.0	495	0	0
HNRNPA2B1__P1P2	8	0.77429	0.39338	0.513261	744	2	-0.003605	0.81112	0.78565	1.0	577	0	0
EYA3__P1P2	8	0.7757	0.39339	0.513261	745	3	-0.086357	0.9398	0.96722	1.0	716	0	0
AMOTL1__P1P2	8	0.7782	0.39583	0.514378	746	2	0.071243	0.25843	0.041286	0.274862	146	0	0
KIDINS220__P1P2	8	0.77838	0.39583	0.514378	747	3	0.0034105	0.77162	0.7256	1.0	539	0	0
SLC25A46__P1P2	8	0.77891	0.39584	0.514378	748	3	-0.014227	0.60542	0.44036	1.0	403	0	0
PLA2G7__P1P2	8	0.7866	0.40779	0.529199	749	2	0.0088989	0.62335	0.47358	1.0	418	0	0
ING5__P1P2	8	0.788	0.41079	0.532378	750	3	-0.00095828	0.52774	0.31524	0.877962	347	0	0
NAIP__70315936	8	0.79271	0.41811	0.540424	751	3	-0.069517	0.76473	0.72001	1.0	529	0	0
PDLIM7__P1	8	0.79315	0.41811	0.540424	752	3	-0.011406	0.69783	0.60081	1.0	471	0	0
CNOT11__P1P2	8	0.79684	0.42335	0.546474	753	1	0.10624	0.048075	0.0040608	0.077513	30	1	0
GPR137__P1	8	0.80055	0.43062	0.555123	754	3	0.0031542	0.60249	0.43507	1.0	400	0	0
CTXN1__P1P2	8	0.8025	0.43406	0.55808	755	2	0.045731	0.50188	0.26792	0.793958	327	0	0
PKDCC__P1P2	8	0.80271	0.43406	0.55808	756	3	0.051113	0.435	0.18922	0.661611	270	0	0
MYO9B__P1P2	8	0.80568	0.44001	0.564977	757	1	0.27231	0.071538	0.0040707	0.077513	41	1	0
AP3B1__P1P2	8	0.81676	0.46246	0.593027	758	3	0.054431	0.23589	0.024835	0.181499	131	0	0
MED25__P1P2	8	0.81771	0.46628	0.597136	759	3	-0.030604	0.88157	0.89226	1.0	649	0	0
ASXL2__P1P2	8	0.81811	0.4671	0.5974	760	2	0.063571	0.25141	0.032917	0.222189	141	0	0
STX4__P1P2	8	0.81893	0.46828	0.598119	761	2	0.05002	0.31135	0.077522	0.400854	177	0	0
PTPN20A__46640202	8	0.82014	0.47165	0.601637	762	2	-0.032731	0.64625	0.51479	1.0	435	0	0
SPRR2G__P1P2	8	0.82239	0.47829	0.608519	763	3	-0.056194	0.6619	0.53715	1.0	447	0	0
ACADS__P1P2	8	0.82252	0.4783	0.608519	764	2	-0.036426	0.80607	0.77481	1.0	572	0	0
SERPINB9__P1P2	8	0.82378	0.48102	0.61118	765	3	0.086967	0.36926	0.12202	0.534282	217	0	0
PLCG1__P1P2	8	0.82867	0.49197	0.624278	766	3	0.038106	0.4105	0.14922	0.582503	246	0	0
MED19__P1P2	8	0.82929	0.4939	0.625909	767	2	-0.065478	0.60579	0.44036	1.0	404	0	0
RTKN2__P1P2	8	0.83242	0.50365	0.637426	768	3	0.10608	0.41825	0.16019	0.610615	253	0	0
COPE__P1P2	8	0.8346	0.50855	0.642799	769	3	0.026713	0.35646	0.10169	0.464044	207	0	0
LHFP__P1P2	8	0.84067	0.52757	0.665978	770	2	0.1298	0.077709	0.0040707	0.077513	43	0	0
PCDHGA12__P1P2	8	0.84136	0.5287	0.666536	771	3	0.088527	0.32376	0.077531	0.400854	183	0	0
SERF1B__69320873	8	0.84672	0.54241	0.682935	772	2	0.020263	0.4474	0.19632	0.664919	279	0	0
C11orf71__P1P2	8	0.84817	0.54599	0.685465	773	3	-0.059799	0.91419	0.93949	1.0	690	0	0
ATM__P1P2	8	0.84914	0.54654	0.685465	774	2	0.014002	0.54543	0.35372	0.939405	358	0	0
RSPH3__P1P2	8	0.84915	0.54654	0.685465	775	3	0.094599	0.20266	0.016674	0.136191	117	0	0
JMJD1C__P1P2	8	0.85109	0.555	0.695176	776	3	-0.0089299	0.71943	0.63627	1.0	488	0	0
TICAM2__P2	8	0.85211	0.556	0.695531	777	1	0.002214	0.50768	0.28178	0.824968	331	0	0
CLDN3__P1P2	8	0.85247	0.55747	0.696479	778	3	0.049543	0.21744	0.020818	0.1606	123	0	0
ARAP3__P1P2	8	0.8535	0.56073	0.699658	779	1	0.032695	0.41774	0.16019	0.610615	252	0	0
TMEM81__ENST00000367167.3	8	0.8595	0.57001	0.710324	780	2	0.06103	0.57048	0.39152	1.0	369	0	0
MED16__P1P2	8	0.86621	0.57591	0.715836	781	2	-0.01048	0.59916	0.42983	1.0	396	0	0
G3BP2__P1P2	8	0.8665	0.57591	0.715836	782	1	0.020005	0.68784	0.58503	1.0	463	0	0
MNT__P1P2	8	0.86721	0.57702	0.716187	783	1	0.72386	3.2839e-14	4.9462e-06	0.000192	2	6	0
RANBP2__109335729	8	0.87185	0.5784	0.716187	784	2	0.0018004	0.79561	0.75386	1.0	561	0	0
PPFIBP1__P1P2	8	0.87206	0.5784	0.716187	785	2	-0.10838	0.73479	0.66295	1.0	501	0	0
LOC643037__P1P2	8	0.87663	0.58073	0.718151	786	1	0.18822	0.0012376	4.9462e-06	0.000192	15	1	0
NEUROD1__P1P2	8	0.88758	0.5931	0.732522	787	2	-0.045315	0.96561	0.98706	1.0	750	0	0
EHBP1__P1P2	8	0.89141	0.59586	0.734997	788	1	0.37668	0.11324	0.0084431	0.077513	64	0	0
CNR1__P1P2	8	0.89211	0.59674	0.73515	789	2	0.015236	0.57519	0.39709	1.0	373	0	0
ZSCAN10__P1P2	8	0.89525	0.60409	0.743263	790	1	0.43793	1.8096e-07	4.9462e-06	0.000192	10	4	0
KLLN__P1P2	8	0.89696	0.60675	0.744652	791	1	0.020988	0.42388	0.17135	0.640588	256	0	0
UBE3A__P1P2	8	0.89704	0.60675	0.744652	792	2	0.072597	0.45472	0.20398	0.667589	288	0	0
HRAS__P1	8	0.89853	0.60881	0.746235	793	1	0.17168	0.036949	0.0040608	0.077513	26	1	0
USP22__P1P2	8	0.90321	0.61358	0.750187	794	2	0.13214	0.30237	0.069212	0.386632	173	0	0
BRPF1__P1P2	8	0.9054	0.61534	0.750452	795	2	0.049165	0.35702	0.10169	0.464044	208	0	0
C11orf73__P1P2	8	0.90608	0.61534	0.750452	796	2	0.050539	0.54584	0.35372	0.939405	359	0	0
KAT6B__P1P2	8	0.90936	0.62035	0.755609	797	2	0.059536	0.6237	0.47358	1.0	419	0	0
C1orf101__P1P2	8	0.90994	0.62222	0.756938	798	2	0.043782	0.384	0.13419	0.572052	226	0	0
ZNF286B__18584835	8	0.91505	0.63188	0.767734	799	2	0.035356	0.16957	0.008453	0.077513	95	0	0
DNASE1L1__P1	8	0.91649	0.63279	0.76788	800	2	0.017512	0.62945	0.49015	1.0	424	0	0
C6orf62__P1	11	0.91689	0.6104	0.747245	801	3	0.067018	0.012976	4.9462e-06	0.000192	23	1	0
WDR37__P1P2	8	0.91704	0.63396	0.768338	802	2	0.016109	0.64258	0.5125	1.0	432	0	0
PPP1R16B__P1P2	8	0.91741	0.63548	0.769225	803	2	-0.062127	0.91962	0.94434	1.0	696	0	0
LTN1__P1P2	8	0.91879	0.63944	0.773052	804	2	0.027245	0.71229	0.63063	1.0	482	0	0
HDAC8__P1P2	8	0.91971	0.64141	0.774468	805	1	-0.027305	0.5396	0.3364	0.921059	354	0	0
AGO2__141644983	8	0.92274	0.64755	0.780916	806	2	0.062315	0.66698	0.55297	1.0	449	0	0
UBE2R2__P1P2	8	0.92711	0.65966	0.794532	807	2	0.14292	0.16041	0.008453	0.077513	89	0	0
S100A16__P1P2	8	0.92831	0.66518	0.798783	808	2	0.12064	0.1125	0.0084431	0.077513	63	0	0
PTBP3__P1P2	8	0.92844	0.66519	0.798783	809	2	0.083013	0.36871	0.12202	0.534282	216	0	0
PTPN20A__46619211	8	0.92863	0.66565	0.798783	810	2	0.020567	0.49375	0.26136	0.788984	319	0	0
ATP2C1__P1P2	8	0.92996	0.6711	0.804331	811	2	0.088871	0.2951	0.065097	0.3722	167	0	0
ZNF296__P1P2	8	0.93205	0.6792	0.813027	812	1	0.1487	0.45715	0.20398	0.667589	291	0	0
GOLGA7B__P1P2	8	0.93242	0.68034	0.813399	813	2	-0.00031874	0.77634	0.73097	1.0	544	0	0
PRAMEF12__ENST00000357726.4	8	0.93295	0.6816	0.8139	814	2	-0.020694	0.74942	0.69076	1.0	514	0	0
HIVEP1__P1P2	8	0.9346	0.68798	0.820153	815	2	0.024942	0.14542	0.008453	0.077513	78	0	0
INPPL1__P1P2	8	0.93577	0.68852	0.820153	816	2	0.094814	0.41619	0.16018	0.610615	250	0	0
CAPZA1__P1P2	8	0.93664	0.69122	0.821369	817	2	0.033084	0.19382	0.016664	0.136191	111	0	0
CALU__P1P2	8	0.9367	0.69123	0.821369	818	1	0.11185	0.30176	0.069212	0.386632	172	0	0
KDM3A__P1P2	8	0.93729	0.6934	0.822937	819	2	0.12195	0.31847	0.077522	0.400854	179	0	0
CSK__P1P2	8	0.93779	0.69645	0.825545	820	2	0.062693	0.68724	0.58503	1.0	462	0	0
FAM115A__143598483	8	0.93899	0.70097	0.829892	821	2	0.0084656	0.6955	0.5989	1.0	470	0	0
PTPN20B__48826780	8	0.9392	0.7025	0.830696	822	2	0.038067	0.69956	0.60482	1.0	472	0	0
UBE2O__P1P2	8	0.94099	0.70832	0.836556	823	2	0.011323	0.33482	0.081548	0.406484	191	0	0
PTPN20B__48806138	8	0.9438	0.71736	0.846206	824	2	-0.020791	0.59243	0.42695	1.0	393	0	0
PYGO2__P1P2	8	0.94542	0.72566	0.854959	825	2	0.12221	0.45763	0.20398	0.667589	292	0	0
UBE2G2__P1P2	8	0.94769	0.73278	0.862306	826	2	0.038309	0.76843	0.72432	1.0	533	0	0
BAD__P1P2	8	0.95113	0.74682	0.877761	827	2	0.012049	0.32552	0.077531	0.400854	185	0	0
ING1__P1	8	0.95264	0.75335	0.884366	828	2	0.067828	0.33192	0.081538	0.406484	188	0	0
HES1__P1P2	8	0.95391	0.75955	0.890571	829	1	0.12113	0.2779	0.056955	0.343914	159	0	0
TMEM229B__P1	8	0.95533	0.76577	0.896785	830	2	0.067537	0.58178	0.41083	1.0	378	0	0
KCTD10__P1P2	8	0.95604	0.76904	0.899524	831	2	0.10968	0.25077	0.032917	0.222189	140	0	0
GPRIN2__46993345	8	0.95668	0.7742	0.904476	832	2	0.075608	0.58254	0.41341	1.0	379	0	0
BRMS1__P1P2	8	0.95784	0.77883	0.907399	833	2	0.062614	0.4696	0.21805	0.697194	302	0	0
CISD1__P1P2	8	0.95789	0.77884	0.907399	834	2	0.059671	0.63101	0.49134	1.0	425	0	0
TCTN1__P1P2	8	0.9581	0.7795	0.907399	835	2	0.19731	0.073857	0.0040707	0.077513	42	1	0
CSPP1__P1P2	8	0.96142	0.80134	0.931697	836	1	0.32219	0.10128	0.0084431	0.077513	56	0	0
ELK3__P1P2	8	0.96258	0.80875	0.939189	837	2	0.029049	0.8115	0.78666	1.0	578	0	0
ATP6V0E1__P1P2	8	0.96407	0.81838	0.949244	838	1	0.090441	0.39419	0.14191	0.575418	233	0	0
GTF2IRD2__74267046	8	0.96939	0.83117	0.962931	839	1	0.055253	0.79499	0.75234	1.0	560	0	0
ZBTB7B__P1P2	8	0.97096	0.83345	0.963282	840	1	0.25828	0.11769	0.0084431	0.077513	65	0	0
SNRK__P1P2	8	0.97107	0.83346	0.963282	841	1	0.015896	0.71643	0.63249	1.0	486	0	0
PHYH__P1P2	8	0.97188	0.83454	0.963383	842	1	0.073512	0.39896	0.14562	0.575418	234	0	0
PMAIP1__57567020	8	0.97361	0.83762	0.965799	843	1	0.068297	0.30116	0.069202	0.386632	171	0	0
ZNF655__P1P2	8	0.97857	0.8484	0.975944	844	1	0.094239	0.21008	0.020809	0.1606	120	0	0
ATF7IP__P1	8	0.97908	0.84921	0.975944	845	1	0.14647	0.30297	0.069212	0.386632	174	0	0
FBXO42__P1P2	8	0.97922	0.84943	0.975944	846	1	0.21414	0.19039	0.012548	0.112936	108	0	0
FAM72A__ENST00000367128.3	8	0.98022	0.85332	0.976748	847	1	0.052631	0.82737	0.80932	1.0	594	0	0
SRGAP2__206636520	8	0.98038	0.85359	0.976748	848	1	0.045113	0.37912	0.1261	0.547197	222	0	0
C17orf49__P2	8	0.98062	0.85415	0.976748	849	1	0.052518	0.74818	0.68607	1.0	512	0	0
COG5__P1P2	8	0.98109	0.85546	0.977091	850	1	0.080008	0.40423	0.14563	0.575418	239	0	0
SSBP3__P1P2	8	0.98167	0.85782	0.978642	851	1	0.062006	0.49284	0.25819	0.786698	318	0	0
SYT14__P1P2	8	0.98309	0.86025	0.980256	852	1	0.051282	0.058305	0.0040608	0.077513	33	1	0
ZMIZ1__P1P2	11	0.98427	0.85272	0.976748	853	2	0.085841	0.35101	0.070132	0.38732	204	0	0
NBPF14__148025047	8	0.98501	0.86982	0.98654	854	1	-0.0028593	0.59842	0.42983	1.0	395	0	0
DMRT3__P1P2	8	0.98503	0.86983	0.98654	855	1	0.042353	0.8564	0.85547	1.0	627	0	0
BAK1__33547269	8	0.98534	0.87123	0.98654	856	1	0.046252	0.69051	0.59133	1.0	465	0	0
SAP30__P1P2	8	0.9855	0.87184	0.98654	857	1	0.061497	0.71916	0.63627	1.0	487	0	0
PINK1__P1P2	8	0.98561	0.87184	0.98654	858	1	0.010924	0.7682	0.72432	1.0	532	0	0
RUNX1T1__P2	8	0.98577	0.87185	0.98654	859	1	0.023041	0.45811	0.20399	0.667589	293	0	0
BTBD9__P1P2	8	0.98766	0.87998	0.994583	860	1	0.051893	0.57946	0.40811	1.0	374	0	0
TMED2__P1P2	8	0.98824	0.88273	0.996532	861	1	0.16599	0.24563	0.032907	0.222189	137	0	0
DUSP22__292259	8	0.98893	0.88642	0.999126	862	1	-0.011905	0.9054	0.92805	1.0	675	0	0
CDK10__P1P2	8	0.98917	0.88787	0.999126	863	1	0.13462	0.15401	0.008453	0.077513	83	0	0
ADAM18__P1P2	8	0.9892	0.88811	0.999126	864	1	0.13223	0.38992	0.13827	0.575418	231	0	0
FAM222B__P1	11	0.98985	0.89124	1.0	865	2	0.086613	0.17261	0.012044	0.109409	97	0	0
DHRS3__P1P2	8	0.99082	0.89973	1.0	866	1	0.064061	0.4557	0.20398	0.667589	290	0	0
PCGF2__P1	8	0.99098	0.90111	1.0	867	1	0.17713	0.06999	0.0040707	0.077513	40	1	0
CREBBP__P1P2	8	0.99101	0.90139	1.0	868	1	0.14523	0.25269	0.032917	0.222189	143	0	0
GOLGA7__P1P2	8	0.99142	0.90335	1.0	869	1	0.29112	0.17308	0.008453	0.077513	98	0	0
PICALM__P1P2	8	0.99181	0.90673	1.0	870	1	0.074479	0.54336	0.35071	0.939405	356	0	0
SPRY4__P1P2	8	0.99186	0.90674	1.0	871	1	0.39278	0.037748	0.0040608	0.077513	27	1	0
RNF146__P1P2	8	0.99192	0.90741	1.0	872	1	0.10312	0.51955	0.29978	0.844635	340	0	0
NSG1__NM_001040101_NM_014392	8	0.99322	0.91918	1.0	873	1	0.025973	0.7457	0.68278	1.0	507	0	0
SERF1A__70196291	8	0.99344	0.92079	1.0	874	1	0.072615	0.50457	0.2782	0.816974	328	0	0
TULP3__P2	8	0.99368	0.92347	1.0	875	1	0.22715	0.26917	0.048943	0.310929	153	0	0
ATP6AP1__P1P2	8	0.9939	0.92467	1.0	876	1	0.06554	0.6522	0.52597	1.0	440	0	0
TADA2B__P1P2	8	0.99413	0.92723	1.0	877	1	0.28962	0.00031071	4.9462e-06	0.000192	13	2	0
RFWD2__P1P2	8	0.99423	0.92815	1.0	878	1	0.14176	0.27728	0.056955	0.343914	158	0	0
ZNF121__P1P2	8	0.99428	0.92881	1.0	879	1	0.17562	0.18212	0.008453	0.077513	106	0	0
VGLL3__P1P2	8	0.9945	0.9313	1.0	880	1	0.20123	0.079246	0.0040707	0.077513	45	0	0
FBXO28__P1P2	8	0.99539	0.94282	1.0	881	1	0.065066	0.33134	0.081538	0.406484	187	0	0
MARCKS__P1P2	8	0.9955	0.94438	1.0	882	1	0.18834	0.19518	0.016664	0.136191	112	0	0
GTF2IRD2B__74508172	8	0.99551	0.94439	1.0	883	1	0.054257	0.46817	0.21804	0.697194	300	0	0
L3MBTL2__P1P2	8	0.99559	0.9455	1.0	884	1	0.14823	0.32024	0.077531	0.400854	181	0	0
TCF3__P1P2	8	0.9956	0.9455	1.0	885	1	0.10772	0.40737	0.14563	0.575418	244	0	0
PDZK1__145727481	8	0.99564	0.94551	1.0	886	1	0.12331	0.23655	0.024835	0.181499	132	0	0
GMPR2__P1P2	8	0.99575	0.94754	1.0	887	1	0.089021	0.41206	0.15312	0.592993	248	0	0
TTC23L__P1P2	8	0.99586	0.94936	1.0	888	1	0.051942	0.27666	0.056955	0.343914	157	0	0
BCLAF1__P1P2	8	0.996	0.95129	1.0	889	1	0.18085	0.28162	0.056965	0.343914	161	0	0
B3GAT3__P1P2	8	0.99627	0.95568	1.0	890	0	0.25225	0.10578	0.0084431	0.077513	58	0	0
GATA3__P1P2	8	0.99635	0.95623	1.0	891	0	0.040054	0.7432	0.68099	1.0	505	0	0
CORO1B__67206891	8	0.9964	0.9568	1.0	892	0	0.03257	0.623	0.47357	1.0	417	0	0
ATP1A1__P1P2	8	0.99648	0.95785	1.0	893	0	0.10129	0.49918	0.26791	0.793958	324	0	0
NAIP__70319713	8	0.99653	0.95859	1.0	894	0	0.050188	0.55079	0.35373	0.939405	364	0	0
RBM15__110881839	8	0.99673	0.96159	1.0	895	0	0.22392	0.083079	0.0040707	0.077513	49	0	0
RNF126__P1P2	8	0.99688	0.9631	1.0	896	0	0.056839	0.5354	0.3333	0.917752	351	0	0
JPH3__P1P2	8	0.99706	0.96484	1.0	897	0	0.12707	0.322	0.077531	0.400854	182	0	0
SALL2__P1P2	8	0.99727	0.96746	1.0	898	0	0.36843	0.024902	4.9462e-06	0.000192	24	1	0
IBTK__P1	8	0.99758	0.97245	1.0	899	0	0.051609	0.54708	0.35372	0.939405	360	0	0
KATNA1__P1P2	8	0.99782	0.97647	1.0	900	0	0.11446	0.37256	0.12203	0.534282	220	0	0
HIST1H1E__P1P2	8	0.99783	0.97647	1.0	901	0	0.19759	0.17935	0.008453	0.077513	103	0	0
MAP4K3__P1P2	8	0.99787	0.97696	1.0	902	0	0.092564	0.36094	0.10589	0.480971	213	0	0
NR2E3__P1P2	8	0.99797	0.97848	1.0	903	0	0.084401	0.58694	0.42565	1.0	384	0	0
SUFU__104263513	8	0.99801	0.97916	1.0	904	0	0.5482	3.3275e-09	4.9462e-06	0.000192	7	4	0
PPM1F__P1P2	8	0.99805	0.97978	1.0	905	0	0.17211	0.29814	0.065097	0.3722	169	0	0
SERTAD1__P1P2	8	0.99821	0.98202	1.0	906	0	0.11375	0.60212	0.43506	1.0	399	0	0
GLYR1__P1P2	8	0.9983	0.98319	1.0	907	0	0.089498	0.46293	0.20721	0.673608	297	0	0
RASA2__P1P2	8	0.99841	0.984	1.0	908	0	0.20428	0.19313	0.016664	0.136191	110	0	0
FAM64A__P1P2	8	0.99848	0.98461	1.0	909	0	0.27664	0.039343	0.0040608	0.077513	28	1	0
AHR__P1P2	11	0.99853	0.96339	1.0	910	1	0.099978	0.38027	0.092044	0.434303	223	0	0
TRIP12__P1P2	8	0.9986	0.98643	1.0	911	0	0.40407	0.00025632	4.9462e-06	0.000192	12	2	0
PAPPA__P1P2	8	0.99873	0.98761	1.0	912	0	0.065572	0.34913	0.089887	0.426196	202	0	0
SHC1__P2	8	0.99883	0.98929	1.0	913	0	0.11895	0.52817	0.31524	0.877962	348	0	0
ZNF90__P1P2	8	0.99885	0.98971	1.0	914	0	0.10797	0.47994	0.23822	0.742157	311	0	0
CHST15__P2	8	0.99887	0.98996	1.0	915	0	0.17837	0.34743	0.089887	0.426196	199	0	0
PTPN14__P1P2	8	0.99887	0.98996	1.0	916	0	0.17603	0.16394	0.008453	0.077513	91	0	0
UHMK1__P1P2	8	0.99891	0.99036	1.0	917	0	0.11556	0.49873	0.26791	0.793958	323	0	0
KAT6A__P1P2	8	0.99896	0.99059	1.0	918	0	0.19638	0.23459	0.024835	0.181499	129	0	0
IFT46__P1P2	8	0.99899	0.99091	1.0	919	0	0.2266	0.29753	0.065097	0.3722	168	0	0
FAM203A__ENST00000347708.4	8	0.99903	0.99163	1.0	920	0	0.081154	0.51387	0.29693	0.844635	335	0	0
SHCBP1__P1P2	8	0.99911	0.99256	1.0	921	0	0.3679	0.011907	4.9462e-06	0.000192	22	1	0
IFT52__P1P2	8	0.99913	0.99276	1.0	922	0	0.2949	0.10952	0.0084431	0.077513	62	0	0
HEXIM1__P1P2	8	0.99922	0.99397	1.0	923	0	0.20939	0.13165	0.0084431	0.077513	71	0	0
INPP4A__P1P2	8	0.99924	0.99402	1.0	924	0	0.086541	0.73402	0.66295	1.0	500	0	0
RALGAPA1__P1P2	8	0.99926	0.99437	1.0	925	0	0.23907	0.11843	0.0084431	0.077513	66	0	0
VEZF1__P1P2	8	0.99927	0.99438	1.0	926	0	0.21168	0.13675	0.0084431	0.077513	74	0	0
KIRREL__P1P2	8	0.99927	0.99438	1.0	927	0	0.21201	0.33308	0.081548	0.406484	189	0	0
CSNK2A1__P1P2	8	0.99927	0.99438	1.0	928	0	0.50956	0.001245	4.9462e-06	0.000192	16	2	0
RBM5__P1P2	8	0.99932	0.99479	1.0	929	0	0.47606	0.059088	0.0040608	0.077513	34	1	0
IFT57__P1P2	8	0.99935	0.99511	1.0	930	0	0.17538	0.22473	0.020818	0.1606	126	0	0
MED24__P1P2	8	0.99937	0.99528	1.0	931	0	0.35006	0.032146	4.9462e-06	0.000192	25	1	0
FCGR1B__120935150	8	0.99941	0.99581	1.0	932	0	0.097072	0.58485	0.41912	1.0	382	0	0
C19orf43__P1P2	8	0.99955	0.99688	1.0	933	0	0.25855	0.1382	0.0084431	0.077513	75	0	0
DCUN1D3__P1P2	8	0.99962	0.99771	1.0	934	0	0.18086	0.43849	0.18923	0.661611	274	0	0
FOXK2__P1P2	8	0.99963	0.99785	1.0	935	0	0.20565	0.29328	0.065087	0.3722	166	0	0
ZDHHC17__P1P2	8	0.99977	0.99895	1.0	936	0	0.2172	0.3587	0.10169	0.464044	211	0	0
MED13L__P1P2	8	0.99978	0.999	1.0	937	0	0.30604	0.064553	0.0040707	0.077513	38	1	0
STMND1__P1P2	8	0.99979	0.99908	1.0	938	0	0.21046	0.10653	0.0084431	0.077513	59	0	0
ZNRF3__P1P2	8	0.99982	0.99923	1.0	939	0	0.17928	0.4762	0.22799	0.717186	309	0	0
DOCK2__P1P2	8	0.99983	0.9993	1.0	940	0	0.23166	0.11991	0.0084431	0.077513	67	0	0
PDS5A__P1P2	8	0.99984	0.99937	1.0	941	0	0.17198	0.4804	0.23822	0.742157	312	0	0
BCR__P1P2	8	0.99984	0.99938	1.0	942	0	0.2563	0.19655	0.016664	0.136191	113	0	0
TCF7L1__P1P2	8	0.99989	0.99955	1.0	943	0	0.26381	0.24369	0.032907	0.222189	136	0	0
KDM5C__P1P2	8	0.99991	0.99969	1.0	944	0	0.55213	1.4749e-09	4.9462e-06	0.000192	5	5	0
CTNND1__P1P2	8	0.99994	0.99981	1.0	945	0	0.31692	0.12726	0.0084431	0.077513	70	0	0
SND1__P1P2	8	0.99995	0.99983	1.0	946	0	0.29747	0.14037	0.008453	0.077513	77	0	0
MBD6__P1P2	8	0.99995	0.99983	1.0	947	0	0.23309	0.066887	0.0040707	0.077513	39	1	0
RBL1__P1P2	8	0.99995	0.99985	1.0	948	0	0.27501	0.078478	0.0040707	0.077513	44	0	0
SETDB1__P1P2	8	0.99996	0.99987	1.0	949	0	0.68612	1.5501e-08	4.9462e-06	0.000192	9	4	0
MED13__P1P2	8	0.99997	0.9999	1.0	950	0	0.33794	0.14757	0.008453	0.077513	80	0	0
MTF2__P1P2	8	0.99997	0.99993	1.0	951	0	0.29936	0.13892	0.008453	0.077513	76	0	0
RNF2__P1P2	8	0.99999	1.0	1.0	952	0	0.20369	0.30777	0.073565	0.400854	175	0	0
ZIC2__P1P2	8	1.0	1.0	1.0	953	0	0.27421	0.26476	0.045174	0.290786	151	0	0
UBE2M__P1P2	8	1.0	1.0	1.0	954	0	0.30907	0.26097	0.045164	0.290786	147	0	0
TP53BP1__P1	8	1.0	1.0	1.0	955	0	0.4231	0.099778	0.0084431	0.077513	54	0	0
MED23__P1P2	8	1.0	1.0	1.0	956	0	0.43995	0.0021524	4.9462e-06	0.000192	18	2	0
IFT172__P1P2	8	1.0	1.0	1.0	957	0	0.30976	0.25716	0.03724	0.249635	145	0	0
ZNF532__P1	8	1.0	1.0	1.0	958	0	0.30834	0.2372	0.024835	0.181499	133	0	0
TFAP4__P1P2	8	1.0	1.0	1.0	959	0	0.39935	0.10354	0.0084431	0.077513	57	0	0
CABIN1__P1P2	8	1.0	1.0	1.0	960	0	0.48874	0.0026678	4.9462e-06	0.000192	20	2	0
SGK223__P1P2	8	1.0	1.0	1.0	961	0	0.71514	1.0503e-11	4.9462e-06	0.000192	4	6	0
CCDC6__P1P2	8	1.0	1.0	1.0	962	0	0.28017	0.15544	0.008453	0.077513	84	0	0
ARHGAP12__P1P2	8	1.0	1.0	1.0	963	0	0.2869	0.096762	0.0084431	0.077513	53	0	0
NF2__29999349	8	1.0	1.0	1.0	964	0	0.42126	0.08766	0.0040707	0.077513	51	0	0
EXT1__P1P2	8	1.0	1.0	1.0	965	0	0.4533	0.0011711	4.9462e-06	0.000192	14	2	0
ARL14EP__P1P2	8	1.0	1.0	1.0	966	0	0.51834	0.0016473	4.9462e-06	0.000192	17	2	0
CYP51A1__P1P2	8	1.0	1.0	1.0	967	0	0.46387	0.063774	0.0040707	0.077513	37	1	0
TP53__P1P2	8	1.0	1.0	1.0	968	0	0.35556	0.046493	0.0040608	0.077513	29	1	0
MPHOSPH8__P1	8	1.0	1.0	1.0	969	0	0.63972	4.5697e-09	4.9462e-06	0.000192	8	5	0
SOX4__P1	8	1.0	1.0	1.0	970	0	0.62999	1.9137e-09	4.9462e-06	0.000192	6	5	0
USP28__P1P2	8	1.0	1.0	1.0	971	0	0.61986	5.3071e-14	4.9462e-06	0.000192	3	7	0
