id	num	neg|score	neg|p-value	neg|fdr	neg|rank	neg|goodsgrna	neg|lfc	pos|score	pos|p-value	pos|fdr	pos|rank	pos|goodsgrna	pos|lfc
AATF__P1P2	8	3.4722e-13	4.9462e-06	3e-05	1	8	-4.1906	1.0	1.0	1.0	971	0	0
RPS14__P1P2	8	1.1395e-12	4.9462e-06	3e-05	2	8	-3.2521	1.0	1.0	1.0	970	0	0
RPL34__P1P2	8	2.3227e-12	4.9462e-06	3e-05	3	8	-3.6472	1.0	1.0	1.0	969	0	0
ANAPC13__P1P2	8	7.5899e-11	4.9462e-06	3e-05	4	8	-3.6446	1.0	1.0	1.0	968	0	0
MYSM1__P1P2	8	3.5956e-10	4.9462e-06	3e-05	5	8	-2.095	1.0	1.0	1.0	967	0	0
DDX10__P1P2	8	4.4213e-10	4.9462e-06	3e-05	6	7	-3.7345	0.94714	0.96619	1.0	734	0	0
PIGY__P1P2	8	2.5894e-09	4.9462e-06	3e-05	7	8	-2.0545	1.0	1.0	1.0	966	0	0
CEP63__P1P2	8	3.2851e-09	4.9462e-06	3e-05	8	7	-3.4621	0.94175	0.96078	1.0	726	0	0
RPL9__P1P2	8	5.7198e-09	4.9462e-06	3e-05	9	7	-2.6483	0.37803	0.11405	0.510923	210	0	0
RPS13__P1P2	8	7.6966e-09	4.9462e-06	3e-05	10	7	-2.7923	0.94371	0.9626	1.0	728	0	0
CDK2__P1P2	8	8.35e-09	4.9462e-06	3e-05	11	8	-1.4291	1.0	1.0	1.0	965	0	0
NDUFS8__P1P2	8	1.4086e-08	4.9462e-06	3e-05	12	8	-2.0951	1.0	1.0	1.0	964	0	0
TMEM68__P1P2	8	1.6681e-08	4.9462e-06	3e-05	13	7	-2.8811	0.9319	0.94837	1.0	712	0	0
MINOS1-NBL1__P1P2	8	1.9064e-08	4.9462e-06	3e-05	14	8	-1.2956	1.0	1.0	1.0	963	0	0
MAD2L1BP__P1P2	8	2.184e-08	4.9462e-06	3e-05	15	8	-3.2084	1.0	1.0	1.0	962	0	0
DROSHA__31531421	8	2.4055e-08	4.9462e-06	3e-05	16	7	-3.2004	0.9044	0.91476	1.0	674	0	0
BUB1__P1P2	8	6.0846e-08	4.9462e-06	3e-05	17	8	-1.8119	1.0	1.0	1.0	961	0	0
IPO7__P1P2	8	6.7283e-08	4.9462e-06	3e-05	18	8	-3.1112	1.0	1.0	1.0	953	0	0
NKRF__P1P2	8	6.7562e-08	4.9462e-06	3e-05	19	8	-1.0324	1.0	1.0	1.0	960	0	0
WDR89__P1P2	8	7.5001e-08	4.9462e-06	3e-05	20	7	-2.4962	0.98248	0.99453	1.0	814	0	0
RNF8__P1P2	8	8.5632e-08	4.9462e-06	3e-05	21	8	-1.5861	1.0	1.0	1.0	959	0	0
PPM1G__P1	8	1.0136e-07	4.9462e-06	3e-05	22	8	-1.1679	1.0	1.0	1.0	958	0	0
FNBP4__P1P2	8	1.1895e-07	4.9462e-06	3e-05	23	8	-2.288	1.0	1.0	1.0	942	0	0
MLF1IP__P1P2	8	1.1956e-07	4.9462e-06	3e-05	24	8	-1.3576	1.0	1.0	1.0	957	0	0
RPL36A__P1P2	8	1.223e-07	4.9462e-06	3e-05	25	8	-2.5698	0.99929	0.99999	1.0	910	0	0
BTAF1__P1P2	8	1.3287e-07	4.9462e-06	3e-05	26	7	-1.8943	0.63513	0.46954	1.0	422	0	0
PDS5B__P1P2	8	1.4737e-07	4.9462e-06	3e-05	27	8	-0.989	1.0	1.0	1.0	956	0	0
CENPF__P1P2	8	2.1031e-07	4.9462e-06	3e-05	28	8	-2.472	0.99992	1.0	1.0	926	0	0
NRF1__P1P2	8	2.8134e-07	4.9462e-06	3e-05	29	8	-2.6606	0.99724	0.99991	1.0	884	0	0
PALB2__P1P2	8	3.211e-07	4.9462e-06	3e-05	30	7	-2.4306	0.95748	0.97761	1.0	752	0	0
UBE2S__P1P2	8	4.014e-07	4.9462e-06	3e-05	31	8	-1.0924	1.0	1.0	1.0	955	0	0
MDM2__P1P2	8	4.0145e-07	4.9462e-06	3e-05	32	7	-2.3479	0.96939	0.9864	1.0	777	0	0
SMN2__69345238	8	4.3176e-07	4.9462e-06	3e-05	33	7	-2.7746	0.98431	0.99569	1.0	820	0	0
PDSS1__P1P2	11	5.3524e-07	4.9462e-06	3e-05	34	11	-1.2011	1.0	1.0	1.0	950	0	0
HUS1__P1P2	8	5.6791e-07	4.9462e-06	3e-05	35	7	-2.816	0.98109	0.99392	1.0	807	0	0
ORC5__P1P2	8	9.1421e-07	4.9462e-06	3e-05	36	8	-2.9118	0.99741	0.99992	1.0	887	0	0
SPTLC2__P1P2	8	1.0008e-06	4.9462e-06	3e-05	37	8	-0.74042	1.0	1.0	1.0	954	0	0
LIAS__P1P2	8	1.0617e-06	4.9462e-06	3e-05	38	8	-2.1451	0.99975	1.0	1.0	921	0	0
CYLD__P1P2	8	1.0714e-06	4.9462e-06	3e-05	39	8	-1.2105	0.99999	1.0	1.0	939	0	0
FECH__P1P2	8	1.095e-06	4.9462e-06	3e-05	40	7	-2.3189	0.9872	0.99721	1.0	830	0	0
DCP2__P1P2	8	1.3419e-06	4.9462e-06	3e-05	41	8	-1.9667	1.0	1.0	1.0	944	0	0
METTL15__P2	8	1.4197e-06	4.9462e-06	3e-05	42	8	-1.3354	1.0	1.0	1.0	952	0	0
NABP2__P1	8	1.5073e-06	4.9462e-06	3e-05	43	7	-1.1261	0.85024	0.8391	1.0	619	0	0
PARL__P1P2	8	1.5171e-06	4.9462e-06	3e-05	44	8	-0.90218	1.0	1.0	1.0	951	0	0
TLN1__P1P2	8	1.7073e-06	4.9462e-06	3e-05	45	8	-0.65877	1.0	1.0	1.0	949	0	0
FDX1__P1P2	8	1.8454e-06	4.9462e-06	3e-05	46	8	-1.0057	1.0	1.0	1.0	948	0	0
LUZP1__P1P2	8	1.9678e-06	4.9462e-06	3e-05	47	8	-0.69993	1.0	1.0	1.0	947	0	0
MIEF1__P1P2	8	2.3297e-06	4.9462e-06	3e-05	48	8	-1.7849	1.0	1.0	1.0	946	0	0
TRIP13__P1P2	8	2.3346e-06	4.9462e-06	3e-05	49	5	-2.0565	0.74942	0.66019	1.0	523	0	0
DICER1__P1P2	8	2.3591e-06	4.9462e-06	3e-05	50	8	-1.864	1.0	1.0	1.0	945	0	0
INO80C__P1P2	8	2.7146e-06	4.9462e-06	3e-05	51	8	-0.92849	0.99999	1.0	1.0	936	0	0
BMS1__P1P2	8	2.9143e-06	4.9462e-06	3e-05	52	7	-2.0806	0.41774	0.13724	0.53147	247	0	0
NDUFAF6__P1P2	8	3.4192e-06	4.9462e-06	3e-05	53	8	-1.5247	0.9987	0.99996	1.0	902	0	0
U2SURP__P1P2	8	3.6644e-06	4.9462e-06	3e-05	54	7	-2.319	0.98243	0.99452	1.0	813	0	0
AGPS__P1P2	8	3.6851e-06	4.9462e-06	3e-05	55	8	-0.57356	1.0	1.0	1.0	943	0	0
ZAR1L__P1P2	8	4.5496e-06	4.9462e-06	3e-05	56	7	-2.6337	0.74645	0.65326	1.0	521	0	0
KIAA0020__P1	8	4.7154e-06	4.9462e-06	3e-05	57	7	-2.5665	0.59394	0.41297	1.0	380	0	0
KIF18B__P1P2	8	4.8158e-06	4.9462e-06	3e-05	58	8	-0.61202	1.0	1.0	1.0	941	0	0
CCNE1__P1P2	8	5.0407e-06	4.9462e-06	3e-05	59	8	-0.66183	0.99999	1.0	1.0	940	0	0
UBE2C__P1P2	8	5.3067e-06	4.9462e-06	3e-05	60	8	-2.0868	0.99803	0.99995	1.0	894	0	0
NPLOC4__P1P2	8	5.5927e-06	4.9462e-06	3e-05	61	7	-1.8469	0.64659	0.4837	1.0	433	0	0
DUSP12__P1P2	8	5.6028e-06	4.9462e-06	3e-05	62	7	-1.9994	0.9824	0.99452	1.0	812	0	0
H2AFZ__P1P2	8	5.8226e-06	4.9462e-06	3e-05	63	8	-1.6567	0.99878	0.99997	1.0	903	0	0
CMC1__P1P2	8	5.8634e-06	4.9462e-06	3e-05	64	7	-0.86971	0.98538	0.99627	1.0	826	0	0
RNF168__P1P2	8	6.6749e-06	4.9462e-06	3e-05	65	8	-1.1314	0.99862	0.99996	1.0	901	0	0
ZFC3H1__P1P2	8	7.2428e-06	4.9462e-06	3e-05	66	7	-1.3303	0.79582	0.73425	1.0	578	0	0
PRKDC__P1P2	8	7.6798e-06	4.9462e-06	3e-05	67	8	-1.2117	0.99999	1.0	1.0	938	0	0
EAF1__P1P2	8	7.9702e-06	4.9462e-06	3e-05	68	7	-1.068	0.99518	0.99959	1.0	869	0	0
BRAP__P1P2	8	8.1402e-06	4.9462e-06	3e-05	69	6	-1.6689	0.87743	0.87686	1.0	645	0	0
EMC1__P1P2	8	8.2586e-06	4.9462e-06	3e-05	70	6	-2.4064	0.32785	0.05832	0.320268	175	0	0
RAD9A__P1P2	8	8.2663e-06	4.9462e-06	3e-05	71	6	-2.3731	0.41361	0.13723	0.53147	244	0	0
TGFBR2__P1P2	8	8.3358e-06	4.9462e-06	3e-05	72	8	-1.3702	0.99883	0.99998	1.0	904	0	0
SEC62__P1P2	8	8.6404e-06	4.9462e-06	3e-05	73	8	-0.53925	0.99999	1.0	1.0	937	0	0
USMG5__P1P2	8	1.0568e-05	4.9462e-06	3e-05	74	6	-2.0058	0.91629	0.93067	1.0	686	0	0
ILK__P1P2	8	1.1018e-05	4.9462e-06	3e-05	75	7	-1.3237	0.89975	0.91069	1.0	671	0	0
MBIP__P1P2	8	1.1035e-05	4.9462e-06	3e-05	76	7	-2.1956	0.9479	0.96798	1.0	736	0	0
AUNIP__P1P2	8	1.2035e-05	4.9462e-06	3e-05	77	7	-0.79713	0.62685	0.45371	1.0	411	0	0
VWA9__P1P2	8	1.3626e-05	4.9462e-06	3e-05	78	7	-2.0489	0.99593	0.99974	1.0	873	0	0
ARHGAP4__P1	8	1.6705e-05	4.9462e-06	3e-05	79	7	-1.9565	0.46436	0.17861	0.611305	283	0	0
CDC26__P1P2	8	1.7798e-05	4.9462e-06	3e-05	80	6	-2.3642	0.98766	0.99737	1.0	834	0	0
ANKRD17__P1P2	8	2.0938e-05	4.9462e-06	3e-05	81	8	-0.73235	0.99998	1.0	1.0	935	0	0
POLE4__P1P2	8	2.2873e-05	4.9462e-06	3e-05	82	8	-0.5918	0.99998	1.0	1.0	934	0	0
NAA15__P1P2	8	2.2909e-05	4.9462e-06	3e-05	83	6	-1.85	0.62997	0.45864	1.0	416	0	0
PRPF40A__P1P2	8	2.3607e-05	4.9462e-06	3e-05	84	8	-2.0188	0.99935	1.0	1.0	911	0	0
NUTF2__P1P2	8	2.7404e-05	4.9462e-06	3e-05	85	7	-2.0559	0.95557	0.97577	1.0	750	0	0
UBA3__P1P2	8	2.8297e-05	4.9462e-06	3e-05	86	7	-1.8405	0.79375	0.73151	1.0	574	0	0
HEATR3__P1P2	8	3.6245e-05	4.9462e-06	3e-05	87	7	-1.9203	0.3615	0.094101	0.457332	198	0	0
MKI67__P1P2	8	3.701e-05	4.9462e-06	3e-05	88	8	-0.52979	0.99996	1.0	1.0	933	0	0
UQCRC2__P1P2	11	3.8461e-05	4.9462e-06	3e-05	89	11	-1.2977	0.9998	1.0	1.0	923	0	0
C1QTNF9B-AS1__P1P2	8	3.9713e-05	4.9462e-06	3e-05	90	6	-1.4286	0.92026	0.93755	1.0	694	0	0
LIMS1__P1P2	8	4.1016e-05	4.9462e-06	3e-05	91	8	-0.9663	0.99996	1.0	1.0	932	0	0
MDM4__P1P2	8	4.226e-05	4.9462e-06	3e-05	92	7	-1.4796	0.99084	0.99853	1.0	848	0	0
C7orf26__P1P2	8	4.4106e-05	4.9462e-06	3e-05	93	8	-1.5739	0.99996	1.0	1.0	931	0	0
MUT__P1P2	11	4.5195e-05	4.9462e-06	3e-05	94	9	-0.73834	0.99653	0.99942	1.0	876	0	0
CHEK1__P1P2	8	4.765e-05	4.9462e-06	3e-05	95	6	-1.8478	0.51387	0.26321	0.809655	311	0	0
ANKRA2__P1P2	8	4.9176e-05	4.9462e-06	3e-05	96	7	-1.9019	0.49557	0.24264	0.783526	299	0	0
KAT5__P1P2	8	4.9196e-05	4.9462e-06	3e-05	97	7	-1.7686	0.99608	0.99974	1.0	874	0	0
STAG2__P1	8	5.1032e-05	4.9462e-06	3e-05	98	8	-1.3066	0.99629	0.9998	1.0	875	0	0
UBA5__P1P2	8	5.1483e-05	4.9462e-06	3e-05	99	8	-0.63842	0.99995	1.0	1.0	930	0	0
RBM7__P1P2	8	6.2811e-05	4.9462e-06	3e-05	100	8	-0.82138	0.99994	1.0	1.0	929	0	0
RPL14__P1P2	8	6.3752e-05	4.9462e-06	3e-05	101	5	-1.9158	0.94001	0.95905	1.0	721	0	0
NEK2__P1P2	8	6.6372e-05	4.9462e-06	3e-05	102	8	-0.42911	0.99993	1.0	1.0	928	0	0
SPAG9__P1P2	8	6.9302e-05	4.9462e-06	3e-05	103	8	-1.1465	0.9999	1.0	1.0	925	0	0
SNAI1__P1P2	8	7.3229e-05	4.9462e-06	3e-05	104	8	-0.46217	0.99993	1.0	1.0	927	0	0
HMBS__P1	8	7.9249e-05	4.9462e-06	3e-05	105	6	-1.9193	0.89421	0.90397	1.0	661	0	0
TIMM17B__P1P2	8	8.3684e-05	4.9462e-06	3e-05	106	7	-1.0861	0.97805	0.99226	1.0	804	0	0
SAE1__P1P2	8	8.4418e-05	4.9462e-06	3e-05	107	6	-1.6342	0.75622	0.67052	1.0	532	0	0
NRBP1__P1P2	8	8.788e-05	4.9462e-06	3e-05	108	7	-1.5055	0.56533	0.35634	0.956005	356	0	0
TAF11__P1P2	8	9.4506e-05	4.9462e-06	3e-05	109	7	-1.3751	0.7579	0.67222	1.0	536	0	0
CHTF18__P1P2	8	9.9835e-05	4.9462e-06	3e-05	110	7	-1.1994	0.65773	0.50371	1.0	443	0	0
HELLS__P1P2	8	0.00010977	4.9462e-06	3e-05	111	7	-0.421	0.98513	0.99622	1.0	824	0	0
MRRF__P1P2	8	0.00011205	4.9462e-06	3e-05	112	8	-0.9186	0.99964	1.0	1.0	919	0	0
C1D__P1P2	8	0.00011428	4.9462e-06	3e-05	113	7	-0.82126	0.86522	0.85969	1.0	630	0	0
MOSPD2__P1P2	8	0.00011774	4.9462e-06	3e-05	114	6	-0.96838	0.84946	0.83909	1.0	617	0	0
MMAB__P1P2	8	0.00012382	4.9462e-06	3e-05	115	8	-0.32002	0.99988	1.0	1.0	924	0	0
DDRGK1__P1P2	8	0.00013098	4.9462e-06	3e-05	116	7	-0.74205	0.8263	0.79877	1.0	601	0	0
USP42__P1P2	8	0.00015045	4.9462e-06	3e-05	117	8	-0.47962	0.9998	1.0	1.0	922	0	0
MYH9__P1P2	8	0.00017189	4.9462e-06	3e-05	118	7	-0.65217	0.98902	0.99793	1.0	841	0	0
TOP1__P1P2	8	0.00017669	4.9462e-06	3e-05	119	7	-1.3102	0.91342	0.92851	1.0	682	0	0
DCLRE1B__P1P2	8	0.00018128	4.9462e-06	3e-05	120	7	-0.82862	0.98745	0.99731	1.0	833	0	0
CCDC130__P1	8	0.00018677	4.9462e-06	3e-05	121	7	-1.4341	0.99172	0.99887	1.0	852	0	0
GTF3A__P1P2	8	0.00018898	4.9462e-06	3e-05	122	7	-1.6418	0.60249	0.42923	1.0	386	0	0
PPIL1__P1P2	8	0.00018933	4.9462e-06	3e-05	123	7	-0.91229	0.99499	0.99957	1.0	868	0	0
INTS10__P1P2	8	0.00019232	4.9462e-06	3e-05	124	7	-1.2753	0.64392	0.47878	1.0	431	0	0
SKP2__P1P2	8	0.00023287	4.9462e-06	3e-05	125	7	-0.37284	0.9863	0.99699	1.0	829	0	0
USP1__P1P2	8	0.00023651	4.9462e-06	3e-05	126	6	-1.0148	0.82808	0.79993	1.0	602	0	0
CPNE1__P1P2	8	0.00023839	4.9462e-06	3e-05	127	6	-0.82888	0.75015	0.66189	1.0	525	0	0
GTF2H2__ENST00000274400.5_ENST00000330280.7	8	0.00024287	4.9462e-06	3e-05	128	6	-1.9262	0.89582	0.90562	1.0	665	0	0
PFDN1__P1P2	8	0.00025281	4.9462e-06	3e-05	129	8	-1.3382	0.99945	1.0	1.0	913	0	0
PAN2__P1P2	8	0.00025295	4.9462e-06	3e-05	130	8	-0.76121	0.99975	1.0	1.0	920	0	0
NSDHL__P1P2	8	0.00025978	4.9462e-06	3e-05	131	6	-1.0102	0.98725	0.99722	1.0	831	0	0
POLR1B__P1P2	8	0.00026587	4.9462e-06	3e-05	132	8	-2.0459	0.99928	0.99999	1.0	909	0	0
CCS__P1P2	8	0.00026846	4.9462e-06	3e-05	133	7	-0.43039	0.98486	0.996	1.0	823	0	0
PHF6__P1P2	8	0.00028294	4.9462e-06	3e-05	134	7	-0.81474	0.97281	0.98879	1.0	787	0	0
EIF3F__P1P2	11	0.00029238	4.9462e-06	3e-05	135	7	-1.163	0.61118	0.31991	0.911897	395	0	0
ANLN__P1P2	8	0.0002955	4.9462e-06	3e-05	136	7	-0.34643	0.99143	0.99873	1.0	850	0	0
NXT1__P1P2	8	0.00030152	4.9462e-06	3e-05	137	7	-1.1422	0.97122	0.98752	1.0	784	0	0
DBF4__P1P2	8	0.00030495	4.9462e-06	3e-05	138	7	-0.93255	0.87315	0.87284	1.0	638	0	0
BCKDHA__P1	8	0.0003418	4.9462e-06	3e-05	139	6	-1.5089	0.26602	0.021353	0.142222	141	0	0
GPI__P1P2	8	0.00036304	4.9462e-06	3e-05	140	8	-0.36527	0.99964	1.0	1.0	918	0	0
C8orf59__P1P2	8	0.00039714	4.9462e-06	3e-05	141	6	-0.60158	0.90742	0.92075	1.0	676	0	0
PTBP1__P1P2	8	0.00040064	4.9462e-06	3e-05	142	7	-0.87119	0.92449	0.94107	1.0	699	0	0
GHITM__P1P2	8	0.00041075	4.9462e-06	3e-05	143	8	-0.305	0.99959	1.0	1.0	917	0	0
ZBTB4__P1	8	0.00041303	4.9462e-06	3e-05	144	7	-1.2648	0.94733	0.96667	1.0	735	0	0
SLC25A33__P1P2	8	0.00041597	4.9462e-06	3e-05	145	8	-0.70773	0.99937	1.0	1.0	912	0	0
SETDB1__P1P2	8	0.00042721	4.9462e-06	3e-05	146	8	-0.41053	0.99957	1.0	1.0	916	0	0
CMC2__P1P2	8	0.0004306	4.9462e-06	3e-05	147	5	-1.5565	0.74245	0.64794	1.0	515	0	0
PMVK__P1P2	8	0.00043254	4.9462e-06	3e-05	148	7	-0.45796	0.99283	0.99917	1.0	857	0	0
PTK2__P1P2	8	0.00048568	4.9462e-06	3e-05	149	7	-0.634	0.99419	0.99943	1.0	866	0	0
ELOVL6__P1P2	8	0.00048735	4.9462e-06	3e-05	150	8	-0.27398	0.99951	1.0	1.0	915	0	0
KDM5A__P1P2	8	0.00048828	4.9462e-06	3e-05	151	8	-0.50665	0.99664	0.99985	1.0	878	0	0
CDK4__P1P2	8	0.00053026	4.9462e-06	3e-05	152	8	-0.45202	0.99892	0.99998	1.0	905	0	0
CENPQ__P1P2	11	0.00053052	1.4839e-05	8.6e-05	153	10	-0.46244	0.99802	0.99979	1.0	893	0	0
SMARCC1__P1P2	8	0.0005329	4.9462e-06	3e-05	154	7	-0.70117	0.98951	0.99805	1.0	843	0	0
SMARCAL1__P1P2	8	0.00054896	4.9462e-06	3e-05	155	8	-0.41241	0.99945	1.0	1.0	914	0	0
EXOC5__P1P2	8	0.00057676	4.9462e-06	3e-05	156	7	-0.4611	0.72614	0.60734	1.0	503	0	0
RAD17__P1P2	8	0.0006215	4.9462e-06	3e-05	157	5	-1.4508	0.97229	0.9883	1.0	786	0	0
GTF3C4__P1P2	8	0.00064846	4.9462e-06	3e-05	158	7	-1.6308	0.52731	0.28253	0.844473	322	0	0
CNOT3__P1P2	8	0.0006666	4.9462e-06	3e-05	159	6	-0.96161	0.5337	0.29166	0.851337	330	0	0
NSMCE4A__P1P2	8	0.00067749	4.9462e-06	3e-05	160	8	-0.95872	0.99775	0.99994	1.0	889	0	0
WEE1__P1P2	8	0.00081761	1.4839e-05	8.6e-05	161	6	-1.6854	0.80469	0.74886	1.0	581	0	0
HES1__P1P2	8	0.00084556	1.4839e-05	8.6e-05	162	8	-0.27067	0.99913	0.99999	1.0	908	0	0
MON2__P1P2	8	0.00087487	1.4839e-05	8.6e-05	163	7	-0.45446	0.67633	0.52887	1.0	455	0	0
DNAJC2__P1P2	8	0.00091174	1.4839e-05	8.6e-05	164	8	-0.94331	0.99797	0.99994	1.0	892	0	0
HUWE1__P1P2	8	0.00093875	1.4839e-05	8.6e-05	165	8	-0.85905	0.99906	0.99999	1.0	906	0	0
RPS11__P1P2	8	0.0010047	1.4839e-05	8.6e-05	166	7	-1.3323	0.47432	0.19629	0.657941	289	0	0
RBM34__P1P2	8	0.0010213	1.4839e-05	8.6e-05	167	6	-0.67227	0.66413	0.5085	1.0	448	0	0
COL4A3BP__P1P2	8	0.0010523	1.4839e-05	8.6e-05	168	7	-0.39	0.9529	0.97305	1.0	745	0	0
TSSC1__P1P2	8	0.0011159	2.4731e-05	0.000142	169	7	-0.69523	0.98768	0.99738	1.0	835	0	0
RRNAD1__P1P2	8	0.0011841	3.4623e-05	0.000198	170	6	-1.5608	0.66318	0.5085	1.0	446	0	0
FAM122A__P1P2	8	0.0012499	4.4516e-05	0.000242	171	6	-1.0319	0.75064	0.6619	1.0	527	0	0
WDR48__P1P2	8	0.0012793	4.4516e-05	0.000242	172	7	-0.90767	0.99264	0.99915	1.0	856	0	0
CENPL__P1P2	8	0.0013851	4.4516e-05	0.000242	173	7	-1.2392	0.99495	0.99956	1.0	867	0	0
ATG16L1__P1P2	8	0.0014624	4.4516e-05	0.000242	174	8	-0.20051	0.99854	0.99996	1.0	900	0	0
ZC3H7A__P1P2	8	0.0014817	4.4516e-05	0.000242	175	7	-0.35951	0.98411	0.99563	1.0	819	0	0
MEAF6__P1P2	8	0.0014983	4.4516e-05	0.000242	176	8	-1.1712	0.9985	0.99996	1.0	899	0	0
ESYT1__P2	8	0.0015151	4.4516e-05	0.000242	177	8	-0.27255	0.99848	0.99996	1.0	898	0	0
ANKRD49__P1P2	8	0.0015154	4.4516e-05	0.000242	178	5	-1.4263	0.79989	0.74128	1.0	580	0	0
MTF1__P1P2	8	0.0015207	4.4516e-05	0.000242	179	8	-0.22716	0.99848	0.99996	1.0	897	0	0
ANP32B__P1P2	8	0.0015636	5.4408e-05	0.000283	180	8	-0.67865	0.99844	0.99995	1.0	896	0	0
DGCR8__P1P2	8	0.0015916	5.4408e-05	0.000283	181	7	-1.3847	0.78163	0.71611	1.0	562	0	0
CCDC12__P1	8	0.0016166	5.4408e-05	0.000283	182	7	-1.4807	0.67602	0.52887	1.0	454	0	0
UFM1__P1P2	8	0.0017344	5.4408e-05	0.000283	183	7	-0.63479	0.98857	0.99772	1.0	839	0	0
DUSP11__P1P2	8	0.0017364	5.4408e-05	0.000283	184	8	-0.78168	0.99826	0.99995	1.0	895	0	0
CHERP__P1P2	8	0.0017714	5.4408e-05	0.000283	185	7	-1.6014	0.79209	0.73006	1.0	572	0	0
FGD1__P1P2	8	0.0018099	5.4408e-05	0.000283	186	8	-0.29481	0.99767	0.99994	1.0	888	0	0
TAF9__P1P2	8	0.0019627	5.4408e-05	0.000283	187	6	-1.3057	0.69375	0.55553	1.0	471	0	0
HDAC7__P1P2	8	0.0020619	6.43e-05	0.000321	188	6	-0.80695	0.9829	0.99492	1.0	816	0	0
GRWD1__P1P2	8	0.0021272	6.43e-05	0.000321	189	6	-0.81589	0.97952	0.99321	1.0	805	0	0
RAB1A__P1P2	8	0.0021634	6.43e-05	0.000321	190	8	-0.35121	0.99784	0.99994	1.0	891	0	0
TAF4__P1P2	8	0.0021866	6.43e-05	0.000321	191	8	-0.44879	0.99781	0.99994	1.0	890	0	0
RPS8__P1P2	8	0.002195	6.43e-05	0.000321	192	7	-1.5433	0.91205	0.92765	1.0	680	0	0
KAT2A__P1P2	8	0.002267	6.43e-05	0.000321	193	6	-0.76586	0.74295	0.64977	1.0	516	0	0
ATPAF2__P1P2	8	0.0022821	6.43e-05	0.000321	194	6	-0.93448	0.94683	0.96595	1.0	733	0	0
SIN3B__P1P2	8	0.002329	6.43e-05	0.000321	195	7	-0.58498	0.99108	0.9986	1.0	849	0	0
PPP4R2__P1P2	8	0.002398	7.4193e-05	0.000362	196	7	-0.74553	0.98573	0.99654	1.0	827	0	0
CHAMP1__P1P2	8	0.002488	7.4193e-05	0.000362	197	7	-0.2219	0.96638	0.9841	1.0	771	0	0
TINF2__P1P2	8	0.0024938	7.4193e-05	0.000362	198	5	-1.3475	0.95758	0.97761	1.0	753	0	0
CFDP1__P1	8	0.0025171	7.4193e-05	0.000362	199	6	-1.158	0.69985	0.56838	1.0	477	0	0
TIMM10__P1P2	8	0.0026042	8.4085e-05	0.000405	200	7	-1.3106	0.86791	0.86337	1.0	632	0	0
ELMO3__P1P2	8	0.0026153	8.4085e-05	0.000405	201	8	-0.24494	0.99738	0.99992	1.0	886	0	0
GDI2__P1	8	0.0027357	8.4085e-05	0.000405	202	8	-0.53044	0.99726	0.99992	1.0	885	0	0
PPP6C__P1P2	8	0.002755	9.3978e-05	0.000448	203	6	-0.61957	0.89842	0.90836	1.0	670	0	0
MSI1__P1P2	8	0.0027881	9.3978e-05	0.000448	204	8	-0.46515	0.99721	0.99991	1.0	883	0	0
FAM178A__P1P2	8	0.0029055	0.00010387	0.000492	205	8	-0.6142	0.99709	0.9999	1.0	882	0	0
MDC1__P1P2	8	0.0029688	0.00011376	0.000529	206	7	-0.43362	0.83106	0.80401	1.0	605	0	0
TUBA1C__P1P2	8	0.002981	0.00011376	0.000529	207	8	-0.17201	0.99702	0.99989	1.0	881	0	0
SREBF1__P1	8	0.0029963	0.00011376	0.000529	208	8	-0.39332	0.997	0.99989	1.0	880	0	0
NCSTN__P1P2	8	0.0030195	0.00011376	0.000529	209	6	-0.57931	0.53708	0.29856	0.863682	334	0	0
RHOG__P1P2	8	0.0032838	0.00014344	0.000664	210	8	-0.19724	0.99672	0.99986	1.0	879	0	0
SLX1A__30205037	8	0.003446	0.00017312	0.000794	211	7	-0.20098	0.98441	0.99573	1.0	822	0	0
RIF1__P1P2	8	0.0034622	0.00017312	0.000794	212	5	-0.76385	0.70272	0.56839	1.0	482	0	0
NPM1__P1P2	8	0.003504	0.00018301	0.000827	213	7	-1.0606	0.80803	0.75638	1.0	584	0	0
NAE1__P1P2	8	0.003525	0.00018301	0.000827	214	3	-1.0918	0.38075	0.11406	0.510923	213	0	0
MGEA5__P1P2	8	0.003525	0.00018301	0.000827	215	7	-0.5198	0.95491	0.97518	1.0	749	0	0
TRAPPC6B__P1P2	8	0.0038041	0.00022258	0.000997	216	7	-0.41092	0.87083	0.86933	1.0	635	0	0
SREK1IP1__P1P2	8	0.0039053	0.00025226	0.00112	217	7	-0.16491	0.64157	0.47877	1.0	429	0	0
ZCCHC8__P1P2	8	0.0042434	0.00025226	0.00112	218	7	-0.40944	0.72213	0.60335	1.0	501	0	0
PHF8__P1P2	11	0.0042697	0.0001929	0.000868	219	10	-0.37167	0.9991	0.99996	1.0	907	0	0
GMEB1__P1P2	8	0.004369	0.00026215	0.001132	220	7	-0.45992	0.89662	0.90672	1.0	666	0	0
PPP1CB__P1P2	8	0.004435	0.00026215	0.001132	221	6	-0.92275	0.60615	0.4349	1.0	389	0	0
RAD51AP1__P1P2	8	0.0044474	0.00026215	0.001132	222	7	-0.28396	0.92371	0.94106	1.0	698	0	0
IMMT__P1P2	8	0.0045313	0.00026215	0.001132	223	6	-1.1766	0.98219	0.99442	1.0	811	0	0
DNMT1__P1P2	8	0.004955	0.00026215	0.001132	224	4	-1.0168	0.87716	0.87685	1.0	644	0	0
TRIM24__P1P2	8	0.0050508	0.00026215	0.001132	225	7	-0.27159	0.9208	0.93755	1.0	696	0	0
FAR1__P1P2	8	0.0051862	0.00027204	0.00116	226	7	-0.40596	0.94078	0.96013	1.0	723	0	0
KDM4A__P1P2	8	0.005295	0.00027204	0.00116	227	7	-0.3713	0.94796	0.96799	1.0	737	0	0
ATRIP__P1P2	8	0.0054966	0.00027204	0.00116	228	5	-1.1032	0.31788	0.050258	0.284073	169	0	0
SDF2__P1P2	8	0.0056138	0.00028193	0.001197	229	6	-0.74603	0.39791	0.12574	0.53147	226	0	0
XRCC1__P1P2	11	0.005706	0.00029182	0.001217	230	10	-0.51763	0.99661	0.99944	1.0	877	0	0
NUFIP1__P1P2	8	0.0060232	0.00029182	0.001217	231	7	-0.93594	0.97096	0.98749	1.0	782	0	0
LYRM7__P1P2	8	0.0060338	0.00029182	0.001217	232	7	-0.17715	0.99537	0.99965	1.0	870	0	0
FKBPL__P1P2	8	0.0061631	0.00029182	0.001217	233	7	-0.64393	0.85242	0.84262	1.0	621	0	0
CWC27__P1P2	8	0.0065076	0.00030172	0.001243	234	7	-0.20028	0.38292	0.11406	0.510923	215	0	0
DDX31__P1P2	8	0.006602	0.00030172	0.001243	235	5	-0.98935	0.97709	0.99164	1.0	801	0	0
UBE2L3__P1P2	8	0.0066202	0.00030172	0.001243	236	6	-0.39478	0.89775	0.90722	1.0	668	0	0
PPP1R10__P1P2	8	0.0074755	0.0003215	0.001313	237	6	-0.6581	0.83072	0.80297	1.0	604	0	0
ACLY__P1P2	8	0.0075865	0.0003215	0.001313	238	7	-0.56184	0.96279	0.98229	1.0	763	0	0
RASAL2__P1P2	8	0.0078048	0.00033139	0.001337	239	2	-0.68567	0.089943	0.0041301	0.038693	38	0	0
TAF5L__P1P2	8	0.0078972	0.00033139	0.001337	240	5	-0.87949	0.27167	0.021363	0.142222	146	0	0
ACTR5__P1P2	8	0.0079014	0.00033139	0.001337	241	7	-0.4447	0.97319	0.98922	1.0	788	0	0
GNPNAT1__P1P2	8	0.0083521	0.00035118	0.001411	242	7	-0.34779	0.92737	0.94472	1.0	701	0	0
HAUS8__P1P2	8	0.0084259	0.00036107	0.001438	243	4	-0.80075	0.36317	0.09793	0.47357	199	0	0
CCDC137__P1P2	8	0.0084647	0.00036107	0.001438	244	7	-0.66668	0.91751	0.93229	1.0	690	0	0
VPS51__P1P2	8	0.0091808	0.00038086	0.001505	245	5	-0.78409	0.4804	0.20779	0.689338	293	0	0
HSPA14__P1P2	8	0.0095176	0.00038086	0.001505	246	7	-0.65743	0.98984	0.99822	1.0	844	0	0
RPL29__P1P2	8	0.0096264	0.00040064	0.00157	247	7	-0.30319	0.99383	0.99939	1.0	863	0	0
UFL1__P1P2	8	0.0097659	0.00040064	0.00157	248	6	-0.49789	0.98204	0.99435	1.0	810	0	0
IBA57__P1P2	8	0.010026	0.00041053	0.00159	249	7	-0.63329	0.95856	0.9784	1.0	756	0	0
NFYB__P1P2	8	0.010101	0.00041053	0.00159	250	7	-1.2524	0.51431	0.26321	0.809655	312	0	0
WDR70__P1P2	8	0.010134	0.00041053	0.00159	251	4	-1.2716	0.81398	0.77018	1.0	590	0	0
ZRSR2__P1P2	8	0.010249	0.00044021	0.001698	252	7	-0.59731	0.94548	0.96403	1.0	730	0	0
CTDSPL2__P1P2	8	0.01071	0.00046989	0.001791	253	6	-0.29153	0.64056	0.47653	1.0	428	0	0
PPME1__P1P2	8	0.010798	0.00046989	0.001791	254	7	-0.35355	0.97429	0.98989	1.0	793	0	0
XPO5__P1P2	8	0.010849	0.00047978	0.001815	255	7	-0.9112	0.96352	0.98266	1.0	764	0	0
CCNC__P1P2	8	0.010866	0.00047978	0.001815	256	7	-0.2032	0.92178	0.93756	1.0	697	0	0
LSR__P1P2	8	0.011129	0.00049956	0.001875	257	7	-0.69088	0.27914	0.025606	0.161682	151	0	0
SNRPB2__P1P2	8	0.011218	0.00049956	0.001875	258	7	-0.19031	0.97361	0.98952	1.0	790	0	0
RPL28__P1P2	8	0.011519	0.00050946	0.001897	259	4	-0.60798	0.98779	0.99738	1.0	836	0	0
HMGCS1__P1P2	8	0.01156	0.00050946	0.001897	260	7	-0.25431	0.96442	0.98298	1.0	767	0	0
RBX1__P1P2	8	0.011926	0.00053913	0.001993	261	6	-1.0842	0.88986	0.89563	1.0	656	0	0
COG6__P1P2	8	0.012016	0.00053913	0.001993	262	6	-0.54611	0.76889	0.69083	1.0	546	0	0
NEDD8-MDP1__P1P2	8	0.012109	0.00056881	0.002094	263	3	-1.0494	0.40842	0.13368	0.53147	238	0	0
FDXR__P1P2	11	0.012258	0.0004501	0.001729	264	8	-0.72234	0.99241	0.99785	1.0	854	0	0
TAF6__P1P2	8	0.012701	0.00061827	0.002259	265	7	-1.1521	0.99393	0.9994	1.0	864	0	0
RBM14-RBM4__P2	8	0.012719	0.00061827	0.002259	266	7	-0.38721	0.94619	0.96465	1.0	732	0	0
PPP2R5C__P1P2	8	0.012998	0.00062817	0.002278	267	7	-0.33352	0.99359	0.99931	1.0	862	0	0
DOCK1__P1P2	8	0.013137	0.00062817	0.002278	268	7	-0.4961	0.91136	0.92724	1.0	677	0	0
XPC__P1	8	0.013217	0.00063806	0.002306	269	6	-0.95413	0.98818	0.99756	1.0	837	0	0
CHCHD3__P1P2	8	0.013381	0.00064795	0.002324	270	7	-0.29962	0.99353	0.99929	1.0	861	0	0
ACTR8__P1P2	8	0.013508	0.00064795	0.002324	271	6	-0.87634	0.9678	0.98489	1.0	775	0	0
PFDN4__P1P2	8	0.01428	0.00067763	0.002422	272	5	-1.0085	0.4365	0.14891	0.550362	262	0	0
TACC3__P1	8	0.014471	0.00069741	0.002474	273	6	-0.9802	0.98437	0.99572	1.0	821	0	0
INTS6__P1P2	8	0.014492	0.00069741	0.002474	274	7	-0.22637	0.99298	0.99919	1.0	859	0	0
PPP2CA__P1P2	8	0.014647	0.0007172	0.002535	275	5	-1.0698	0.69228	0.55336	1.0	468	0	0
POC1A__P1P2	8	0.014919	0.00078644	0.00277	276	7	-0.36639	0.95261	0.97269	1.0	744	0	0
PPP6R3__P1P2	8	0.015209	0.00083591	0.002923	277	7	-0.49421	0.99016	0.99831	1.0	845	0	0
NCOA6__P1P2	8	0.015255	0.00083591	0.002923	278	7	-0.16446	0.99202	0.99903	1.0	853	0	0
SNRNP40__P1P2	8	0.015327	0.0008458	0.002926	279	6	-0.55407	0.44296	0.15647	0.571808	265	0	0
PRKRIR__P1P2	8	0.015364	0.0008458	0.002926	280	6	-1.1043	0.46149	0.1786	0.611305	280	0	0
NUP188__P1P2	8	0.01547	0.0008458	0.002926	281	6	-0.48325	0.67694	0.52887	1.0	456	0	0
ACAT2__P1P2	8	0.016171	0.00086558	0.002983	282	7	-0.20662	0.98174	0.99416	1.0	809	0	0
THAP2__P1	8	0.016464	0.00088537	0.003041	283	7	-0.23581	0.92901	0.94635	1.0	703	0	0
PNKP__P1P2	8	0.016607	0.00093483	0.003199	284	5	-0.72984	0.70043	0.56838	1.0	478	0	0
PRR14L__P1P2	8	0.016911	0.0009744	0.003323	285	6	-0.24391	0.94161	0.96077	1.0	725	0	0
EIF4A1__P1P2	8	0.016991	0.00098429	0.003345	286	5	-0.6635	0.52172	0.27575	0.832433	316	0	0
GTF2I__74071821	8	0.017207	0.00099418	0.003367	287	7	-0.2059	0.97778	0.9922	1.0	802	0	0
ASUN__P1P2	8	0.017348	0.0010041	0.003389	288	5	-1.0207	0.6499	0.48885	1.0	437	0	0
TBCC__P1P2	8	0.017823	0.0010733	0.003597	289	7	-0.83275	0.6987	0.56838	1.0	475	0	0
OBFC1__P1P2	8	0.017927	0.0010733	0.003597	290	7	-0.52669	0.99057	0.99845	1.0	847	0	0
SRSF6__P1	8	0.01804	0.0010832	0.003618	291	6	-0.38866	0.53497	0.29529	0.856817	332	0	0
GART__P1P2	8	0.018459	0.0011327	0.003758	292	6	-0.35688	0.97009	0.98685	1.0	779	0	0
AKAP10__P1P2	8	0.018564	0.0011327	0.003758	293	7	-0.10463	0.60064	0.42096	1.0	384	0	0
UNC45A__P1	8	0.018573	0.0011426	0.003777	294	7	-0.90218	0.98926	0.99798	1.0	842	0	0
GTF3C2__P1P2	8	0.018962	0.0012019	0.00396	295	6	-1.0665	0.85273	0.84338	1.0	622	0	0
LRP6__P1P2	8	0.01933	0.0012514	0.004109	296	7	-0.21736	0.88756	0.89328	1.0	652	0	0
RBPMS2__P1P2	8	0.019779	0.0012613	0.004114	297	7	-0.16347	0.79929	0.74127	1.0	579	0	0
TAF3__P1P2	8	0.019826	0.0012613	0.004114	298	6	-0.59846	0.92958	0.9466	1.0	705	0	0
DNAJC3__P1P2	8	0.020324	0.0013305	0.004325	299	7	-0.15314	0.99548	0.99967	1.0	871	0	0
HSPA13__P1P2	8	0.021034	0.0013503	0.004375	300	6	-0.20205	0.96166	0.98083	1.0	761	0	0
NAA30__P1P2	8	0.021143	0.0013602	0.004392	301	6	-0.4882	0.40685	0.13367	0.53147	236	0	0
ZFYVE9__P1P2	8	0.021299	0.00138	0.004442	302	7	-0.18844	0.97598	0.99109	1.0	796	0	0
RNPS1__P1P2	8	0.021876	0.0014097	0.004522	303	4	-0.78254	0.7952	0.73293	1.0	576	0	0
ILF3__P1P2	8	0.023007	0.0015284	0.004887	304	7	-0.098072	0.99581	0.99973	1.0	872	0	0
ATF6__P1P2	8	0.023525	0.0015877	0.00506	305	7	-0.28369	0.4878	0.22501	0.738874	294	0	0
GNB1__P1P2	8	0.02375	0.0016372	0.0052	306	5	-0.19555	0.93103	0.9476	1.0	709	0	0
DR1__P1P2	8	0.023826	0.0016471	0.005215	307	4	-0.61978	0.69169	0.55335	1.0	467	0	0
CAP1__P1P2	8	0.024218	0.0017361	0.005479	308	7	-0.10714	0.97673	0.9915	1.0	800	0	0
PLEKHG2__P1P2	8	0.024622	0.0017559	0.005523	309	7	-0.20638	0.99245	0.99912	1.0	855	0	0
GNB2L1__P1P2	8	0.02477	0.0017757	0.005568	310	6	-0.61767	0.42235	0.13724	0.53147	250	0	0
HLA-DMA__P2	8	0.025203	0.0018845	0.005871	311	7	-0.15175	0.99416	0.99942	1.0	865	0	0
OCIAD1__P1P2	8	0.025227	0.0018845	0.005871	312	6	-0.29957	0.99289	0.99918	1.0	858	0	0
IPO5__P1P2	8	0.025448	0.001934	0.006006	313	5	-0.49814	0.88385	0.88647	1.0	650	0	0
MCM7__P1P2	8	0.02571	0.0019735	0.006109	314	5	-0.67318	0.75284	0.66544	1.0	530	0	0
AKAP3__P1	8	0.025839	0.0020131	0.006192	315	7	-0.57624	0.60396	0.4322	1.0	388	0	0
ZNF460__P1P2	8	0.025886	0.0020131	0.006192	316	6	-0.15692	0.76866	0.69083	1.0	545	0	0
TMEM258__P1P2	8	0.026024	0.0020329	0.006233	317	6	-0.87577	0.986	0.99669	1.0	828	0	0
FAF1__P1P2	8	0.02716	0.0023	0.00703	318	7	-0.18633	0.9626	0.98229	1.0	762	0	0
EYA3__P1P2	8	0.027603	0.0023593	0.007189	319	7	-0.12156	0.88106	0.88259	1.0	646	0	0
PAXIP1__P1P2	8	0.027752	0.0024187	0.007347	320	7	-0.13288	0.94483	0.96402	1.0	729	0	0
RAC1__P1P2	8	0.027862	0.0024583	0.007444	321	6	-0.46276	0.93384	0.9514	1.0	713	0	0
USF2__P1P2	8	0.028506	0.0026264	0.007928	322	7	-0.22872	0.89081	0.89858	1.0	657	0	0
ARHGEF2__P1P2	8	0.029747	0.0027352	0.008206	323	7	-0.26259	0.94613	0.96464	1.0	731	0	0
ARID1A__P1P2	8	0.029767	0.0027352	0.008206	324	7	-0.26239	0.92974	0.9466	1.0	706	0	0
MLLT4__P1P2	8	0.030144	0.0028045	0.008388	325	7	-0.13537	0.99168	0.99887	1.0	851	0	0
UBE3A__P1P2	8	0.030585	0.0028935	0.008601	326	7	-0.08165	0.6535	0.49626	1.0	440	0	0
SUB1__P1	8	0.030609	0.0028935	0.008601	327	5	-0.27534	0.46052	0.1786	0.611305	279	0	0
SLTM__P1P2	8	0.030991	0.0030023	0.008897	328	7	-0.21221	0.95151	0.97157	1.0	742	0	0
LAMC1__P1P2	8	0.031138	0.0030221	0.008929	329	6	-0.2891	0.62018	0.4483	1.0	403	0	0
ERC1__P1P2	8	0.031391	0.0030617	0.009018	330	6	-0.17561	0.968	0.98503	1.0	776	0	0
TBC1D31__P1P2	8	0.032557	0.0033881	0.009949	331	6	-0.27043	0.95238	0.97268	1.0	743	0	0
CEP128__P1P2	8	0.033128	0.0035464	0.010383	332	7	-0.15875	0.8616	0.85466	1.0	627	0	0
SMARCA5__P1P2	8	0.033672	0.0036453	0.010637	333	5	-0.39079	0.7759	0.70458	1.0	557	0	0
UHRF1__P1P2	8	0.033749	0.0036552	0.010637	334	4	-0.62527	0.7389	0.63699	1.0	512	0	0
GPALPP1__P1P2	8	0.034376	0.0037739	0.010914	335	7	-0.46849	0.95952	0.97919	1.0	757	0	0
GPR89A__ENST00000313835.9	8	0.034431	0.0037739	0.010914	336	5	-0.57321	0.54791	0.32955	0.923558	340	0	0
ABCB10__P1P2	8	0.03455	0.0037838	0.010914	337	4	-0.59474	0.71588	0.59315	1.0	495	0	0
TRAPPC13__P1P2	8	0.035156	0.0040608	0.011678	338	7	-0.21976	0.40476	0.12987	0.53147	234	0	0
KIFC1__P1P2	8	0.037004	0.0041202	0.011814	339	6	-0.19714	0.98036	0.9935	1.0	806	0	0
ISCA1__P1P2	8	0.037578	0.00414	0.011835	340	6	-0.67621	0.34913	0.07858	0.397862	188	0	0
ASXL2__P1P2	8	0.038396	0.0041696	0.011851	341	6	-0.19561	0.84772	0.83723	1.0	615	0	0
BRD1__P1P2	8	0.038513	0.0041696	0.011851	342	6	-0.29297	0.98865	0.99775	1.0	840	0	0
RAD1__P1P2	8	0.03925	0.0041894	0.011859	343	5	-0.3263	0.95296	0.97306	1.0	746	0	0
SMN1__70220656	8	0.039343	0.0041993	0.011859	344	5	-0.81584	0.65252	0.49625	1.0	438	0	0
KANSL1__P1P2	8	0.039868	0.0042092	0.011859	345	6	-0.27885	0.96001	0.97962	1.0	759	0	0
RAD21__P1P2	8	0.040723	0.0042488	0.011895	346	6	-0.69552	0.89294	0.90151	1.0	659	0	0
DCPS__P1P2	8	0.041213	0.0042587	0.011895	347	5	-0.24735	0.74194	0.64606	1.0	514	0	0
ZZZ3__P1P2	8	0.041315	0.0042587	0.011895	348	6	-0.52745	0.94284	0.96242	1.0	727	0	0
SRCAP__P1P2	8	0.04206	0.0042883	0.011937	349	6	-0.18709	0.97452	0.99002	1.0	794	0	0
FLII__18161284	8	0.042393	0.0042982	0.011937	350	5	-0.62739	0.62335	0.4537	1.0	406	0	0
PRKCI__P1P2	8	0.043488	0.0043576	0.012067	351	6	-0.14589	0.39844	0.12574	0.53147	227	0	0
MED15__P1	8	0.044665	0.0044169	0.012189	352	5	-0.4962	0.71834	0.60151	1.0	498	0	0
PABPC4__P1P2	8	0.044908	0.0044268	0.012189	353	3	-0.52748	0.69841	0.56838	1.0	474	0	0
NDE1__P1	8	0.046358	0.0045554	0.012465	354	6	-0.50659	0.88435	0.88773	1.0	651	0	0
TRIM52__P1P2	8	0.046493	0.0045653	0.012465	355	4	-0.56387	0.7109	0.58108	1.0	490	0	0
CHAF1A__P1P2	8	0.048668	0.0048324	0.013147	356	3	-0.33208	0.63204	0.45865	1.0	420	0	0
WDR82__P1P2	8	0.048784	0.0048423	0.013147	357	4	-0.51612	0.87437	0.8735	1.0	641	0	0
BPTF__P1P2	8	0.049311	0.004872	0.013191	358	6	-0.20411	0.94894	0.96903	1.0	739	0	0
MEX3A__P1P2	8	0.05019	0.0049215	0.013231	359	2	-0.58592	0.39152	0.12573	0.53147	223	0	0
GPBP1__P1P2	8	0.050198	0.0049215	0.013231	360	6	-0.23091	0.91176	0.92724	1.0	679	0	0
TNRC6A__P1P2	8	0.050471	0.0049313	0.013231	361	6	-0.52259	0.81922	0.78227	1.0	594	0	0
MAGOHB__P1P2	8	0.050803	0.0049412	0.013231	362	6	-0.43217	0.98834	0.99759	1.0	838	0	0
SPIN1__P1P2	8	0.054711	0.0051984	0.013882	363	6	-0.27322	0.42896	0.14517	0.550362	255	0	0
SUGP1__P1P2	8	0.055181	0.0052578	0.013951	364	4	-0.53273	0.2482	0.013112	0.095113	130	0	0
MTCH2__P1P2	8	0.055676	0.0052578	0.013951	365	6	-0.11321	0.53116	0.28584	0.844473	327	0	0
DPF2__P1	8	0.056121	0.0052677	0.013951	366	6	-0.30611	0.98321	0.99513	1.0	818	0	0
TMEM86A__P1P2	8	0.056738	0.0053468	0.014123	367	2	-0.3985	0.22935	0.013102	0.095113	111	0	0
OXR1__ENST00000312046.6	8	0.057288	0.0054458	0.014268	368	6	-0.086027	0.81093	0.76379	1.0	588	0	0
SNF8__P1P2	8	0.057489	0.0054458	0.014268	369	5	-0.61739	0.98743	0.99731	1.0	832	0	0
TGDS__P1P2	8	0.057522	0.0054458	0.014268	370	2	-0.53486	0.61591	0.44046	1.0	399	0	0
SURF2__P1P2	11	0.060508	0.0044862	0.012318	371	7	-0.21944	0.97626	0.98391	1.0	798	0	0
PLEKHH2__P1P2	8	0.061659	0.005881	0.015367	372	5	-0.39831	0.73583	0.62785	1.0	509	0	0
HMGCR__P1P2	8	0.062995	0.0060096	0.01566	373	5	-0.64486	0.96595	0.9838	1.0	769	0	0
COG5__P1P2	8	0.064001	0.0061382	0.015953	374	6	-0.13669	0.97118	0.98751	1.0	783	0	0
CD99L2__P1P2	8	0.067663	0.0066229	0.017167	375	1	-0.41354	0.16041	0.00414	0.038693	69	0	0
LNP1__P1P2	8	0.068614	0.0067021	0.017326	376	5	-0.28969	0.93174	0.94814	1.0	711	0	0
ZNF236__P1P2	8	0.070958	0.0070186	0.018096	377	2	-0.5017	0.39099	0.12573	0.53147	222	0	0
COPS8__237994319	8	0.071538	0.0070483	0.018124	378	6	-0.62931	0.8934	0.90207	1.0	660	0	0
PSPC1__P1P2	8	0.072283	0.007078	0.018153	379	5	-0.25484	0.93422	0.95141	1.0	715	0	0
ERCC1__P1P2	8	0.074213	0.0074737	0.019117	380	6	-0.085042	0.96759	0.98469	1.0	774	0	0
POLE3__P1P2	8	0.075293	0.0076715	0.019571	381	4	-0.24343	0.54626	0.32954	0.923558	339	0	0
DCAF4__P1P2	8	0.078287	0.0082948	0.021051	382	6	-0.15423	0.53918	0.30848	0.884516	335	0	0
SGK3__ENST00000396596.1_ENST00000522398.1	8	0.078478	0.0082948	0.021051	383	5	-0.51328	0.13311	0.00414	0.038693	60	0	0
CSDE1__P1P2	8	0.079567	0.0084629	0.021422	384	6	-0.16328	0.7504	0.66189	1.0	526	0	0
CTNNB1__P1P2	8	0.079735	0.0085124	0.021491	385	6	-0.15429	0.96986	0.98661	1.0	778	0	0
ARHGAP11B__30918117	8	0.081548	0.0087399	0.022008	386	1	-0.39682	0.4634	0.17861	0.611305	281	0	0
STX4__P1P2	8	0.083019	0.009007	0.022622	387	6	-0.11311	0.84222	0.82453	1.0	612	0	0
CSNK1A1__P1P2	8	0.083841	0.0091158	0.022686	388	4	-0.48795	0.35982	0.090085	0.440013	197	0	0
AP1B1__P1P2	8	0.083948	0.0091158	0.022686	389	6	-0.11702	0.75357	0.66545	1.0	531	0	0
NDC1__P1P2	8	0.084041	0.0091158	0.022686	390	6	-0.31072	0.97793	0.99225	1.0	803	0	0
EPC1__P1P2	8	0.084509	0.0091257	0.022686	391	6	-0.10729	0.97412	0.98977	1.0	792	0	0
TNKS2__P1P2	8	0.087545	0.0095511	0.023683	392	6	-0.10996	0.97047	0.98723	1.0	780	0	0
C19orf70__P1P2	8	0.088309	0.0096104	0.023733	393	5	-0.28667	0.9734	0.98942	1.0	789	0	0
ARF1__P1P2	8	0.088681	0.0096203	0.023733	394	5	-0.1945	0.79417	0.73292	1.0	575	0	0
STMND1__P1P2	8	0.090362	0.010016	0.024647	395	6	0.020604	0.089183	0.0041301	0.038693	37	0	0
C7orf49__P1P2	8	0.092221	0.010827	0.026576	396	4	-0.41039	0.074628	0.0041301	0.038693	31	1	0
SSR1__P1P2	8	0.092541	0.010936	0.026775	397	6	-0.16838	0.93399	0.95141	1.0	714	0	0
ENY2__P1P2	8	0.094059	0.011055	0.026998	398	5	-0.47362	0.83622	0.81581	1.0	609	0	0
C6orf47__P1P2	8	0.09496	0.011084	0.027003	399	6	-0.53022	0.79125	0.72862	1.0	571	0	0
CUL3__P1P2	8	0.095777	0.011154	0.027103	400	6	-0.26622	0.34058	0.066739	0.35065	183	0	0
POLG__P1P2	8	0.098141	0.011638	0.028141	401	5	-0.44067	0.90301	0.9142	1.0	673	0	0
USP3__P1P2	8	0.098463	0.011638	0.028141	402	6	-0.00115	0.2141	0.00414	0.038693	105	0	0
UBE2E3__P1P2	8	0.09909	0.011915	0.028739	403	6	-0.083125	0.90649	0.91779	1.0	675	0	0
ACAD11__P1P2	8	0.1009	0.012351	0.029715	404	4	-0.33295	0.94141	0.96063	1.0	724	0	0
SUPT3H__P1P2	8	0.10152	0.012578	0.030188	405	6	-0.28122	0.55446	0.3384	0.934454	346	0	0
TPR__P1P2	8	0.10173	0.012667	0.030326	406	6	-0.43981	0.45132	0.16789	0.593444	272	0	0
SERBP1__P1P2	8	0.102	0.012736	0.030417	407	4	-0.45823	0.37639	0.11405	0.510923	208	0	0
PEX7__P1P2	8	0.10263	0.013013	0.031003	408	5	-0.12333	0.61555	0.44046	1.0	398	0	0
NDUFC1__P2	8	0.10324	0.01329	0.031585	409	6	-0.2508	0.85102	0.8391	1.0	620	0	0
ZWILCH__P1P2	8	0.10443	0.013676	0.032289	410	5	-0.31849	0.80764	0.75512	1.0	583	0	0
TMEM110__P1P2	8	0.10454	0.013686	0.032289	411	6	-0.17682	0.35646	0.090075	0.440013	191	0	0
CYFIP2__P1P2	8	0.10457	0.013686	0.032289	412	4	-0.15926	0.54955	0.33255	0.923558	342	0	0
PCGF1__P1P2	8	0.10497	0.013844	0.032583	413	6	-0.11225	0.80861	0.75887	1.0	585	0	0
MPHOSPH8__P1	8	0.10563	0.014141	0.033201	414	6	-0.10832	0.96672	0.98425	1.0	772	0	0
SMG7__P1P2	8	0.10658	0.014576	0.034058	415	3	-0.39506	0.67848	0.53134	1.0	459	0	0
KDSR__P1P2	8	0.10662	0.014576	0.034058	416	6	-0.1706	0.37749	0.11405	0.510923	209	0	0
KPNA2__P1P2	8	0.10787	0.014982	0.034922	417	5	-0.21014	0.82523	0.7967	1.0	600	0	0
MAPRE1__P1P2	8	0.10903	0.015467	0.035966	418	3	-0.2505	0.093737	0.0041301	0.038693	41	0	0
PAN3__P1P2	8	0.1103	0.015922	0.036935	419	6	-0.18769	0.99327	0.99923	1.0	860	0	0
NPDC1__P1P2	8	0.11086	0.01605	0.037145	420	6	-0.18655	0.5573	0.34457	0.935553	351	0	0
CSTF2__P1P2	8	0.11143	0.0161	0.037171	421	6	-0.13529	0.76728	0.68755	1.0	543	0	0
HYDIN__71263838	8	0.11621	0.017999	0.041458	422	1	-0.43049	0.69927	0.56838	1.0	476	0	0
PLEKHA5__P1P2	8	0.11634	0.018157	0.041723	423	5	-0.36474	0.97459	0.99003	1.0	795	0	0
ATL3__P1P2	8	0.11799	0.01887	0.043258	424	5	-0.24049	0.5693	0.36194	0.956005	361	0	0
FUBP3__P1P2	8	0.11991	0.019513	0.044627	425	3	-0.38867	0.32082	0.050268	0.284073	171	0	0
HCN2__P1P2	8	0.12018	0.019622	0.04477	426	6	-0.058432	0.31016	0.042621	0.251078	165	0	0
SAP30BP__P1P2	8	0.12119	0.020037	0.045611	427	4	-0.44882	0.65611	0.50093	1.0	441	0	0
C11orf58__P1P2	8	0.12138	0.020225	0.045931	428	5	-0.50991	0.53243	0.28878	0.850597	328	0	0
TRAPPC2L__P1P2	8	0.12193	0.020433	0.046295	429	5	-0.26718	0.77162	0.69707	1.0	549	0	0
UNC13B__P1P2	8	0.12223	0.020482	0.046299	430	5	-0.47557	0.64874	0.48758	1.0	436	0	0
RBM47__P1P2	8	0.12262	0.020789	0.046883	431	5	-0.16224	0.91284	0.92851	1.0	681	0	0
ATP12A__P1P2	8	0.12359	0.021115	0.047422	432	4	-0.34972	0.19176	0.00414	0.038693	86	0	0
POC1B__P1P2	8	0.12432	0.021125	0.047422	433	5	-0.089359	0.96409	0.98272	1.0	765	0	0
LCOR__P1P2	8	0.12817	0.022451	0.050281	434	5	-0.26208	0.87234	0.87157	1.0	637	0	0
CTIF__P1P2	8	0.1285	0.02252	0.050321	435	6	-0.17604	0.67786	0.53133	1.0	457	0	0
CNTD2__P1	8	0.13064	0.023133	0.051572	436	6	-0.21824	0.81379	0.77018	1.0	589	0	0
UBA2__P1P2	8	0.131	0.023381	0.052004	437	4	-0.20678	0.69287	0.55336	1.0	470	0	0
ZC3H4__P1	8	0.13193	0.023895	0.053027	438	5	-0.19966	0.42946	0.14518	0.550362	256	0	0
MAZ__P1P2	8	0.13239	0.024142	0.053454	439	5	-0.21096	0.87356	0.87349	1.0	639	0	0
GNA13__P1P2	8	0.13441	0.025349	0.055999	440	5	-0.11039	0.8535	0.84408	1.0	623	0	0
NONO__P1P2	8	0.13538	0.025933	0.057158	441	5	-0.16783	0.73864	0.63698	1.0	511	0	0
CCDC77__P2	8	0.13773	0.027466	0.060264	442	6	-0.20042	0.97657	0.9915	1.0	799	0	0
FAM102A__P1P2	8	0.13892	0.028248	0.061839	443	5	-0.48958	0.7825	0.71899	1.0	563	0	0
SMCHD1__P1P2	8	0.14011	0.028604	0.062306	444	6	-0.13921	0.95093	0.97059	1.0	741	0	0
DHRSX__P1P2	8	0.14074	0.028653	0.062306	445	5	-0.21363	0.9852	0.99623	1.0	825	0	0
STX7__P1P2	8	0.14077	0.028653	0.062306	446	6	-0.21199	0.98137	0.99402	1.0	808	0	0
XKR8__P1P2	8	0.14144	0.029237	0.063434	447	6	-0.11742	0.94008	0.95905	1.0	722	0	0
NR2E3__P1P2	8	0.14211	0.029316	0.063464	448	6	-0.072859	0.77834	0.71334	1.0	558	0	0
PDIA4__P1P2	8	0.14326	0.029939	0.064525	449	5	-0.46087	0.68634	0.54443	1.0	465	0	0
SLC11A2__P1	8	0.14332	0.029939	0.064525	450	6	-0.074532	0.75932	0.674	1.0	537	0	0
HIBADH__P1P2	8	0.14542	0.035162	0.075615	451	4	-0.10054	0.96152	0.98069	1.0	760	0	0
RPUSD4__P1P2	8	0.14738	0.03541	0.075919	452	5	-0.30398	0.49193	0.23515	0.764423	298	0	0
KIAA1429__P1P2	8	0.14803	0.035528	0.075919	453	4	-0.20152	0.16606	0.00414	0.038693	71	0	0
TATDN2__P1P2	8	0.14831	0.035538	0.075919	454	5	-0.29353	0.95972	0.97936	1.0	758	0	0
GAPVD1__P1P2	8	0.15095	0.040346	0.086001	455	5	-0.033206	0.23655	0.013102	0.095113	118	0	0
ZNF532__P2	8	0.15401	0.040771	0.086528	456	3	-0.40279	0.88335	0.88581	1.0	649	0	0
ARHGEF5__144052240	8	0.15406	0.040771	0.086528	457	5	-0.06985	0.4249	0.14106	0.539843	252	0	0
CORO1A__30194716	8	0.15858	0.041306	0.087471	458	5	-0.14381	0.87517	0.87479	1.0	642	0	0
ASPM__P1P2	8	0.16095	0.041523	0.087587	459	4	-0.10083	0.82143	0.78639	1.0	597	0	0
PIH1D1__P1P2	8	0.16224	0.041691	0.087587	460	5	-0.08364	0.73272	0.6187	1.0	507	0	0
FAM60A__P1P2	8	0.16378	0.041711	0.087587	461	5	-0.071277	0.78552	0.72323	1.0	566	0	0
ROCK1__18690984	8	0.16405	0.041721	0.087587	462	5	-0.17619	0.78337	0.72045	1.0	564	0	0
AGO2__141644983	8	0.16578	0.042018	0.08802	463	5	-0.10871	0.45908	0.17484	0.611305	278	0	0
CRLS1__P1P2	8	0.16729	0.042453	0.088741	464	4	-0.54448	0.8088	0.75888	1.0	586	0	0
C19orf53__P1P2	8	0.16846	0.042631	0.088922	465	5	-0.259	0.5569	0.34457	0.935553	350	0	0
DHX35__P1P2	8	0.16884	0.04273	0.088937	466	4	-0.20873	0.59017	0.405	1.0	376	0	0
PSPH__P2	8	0.1769	0.043581	0.090514	467	5	-0.62981	0.95769	0.97762	1.0	754	0	0
SAMD1__P1P2	8	0.17935	0.043769	0.090711	468	2	-0.34273	0.19586	0.00414	0.038693	90	0	0
DENND5A__P1P2	11	0.18161	0.026249	0.057725	469	7	-0.31129	0.9905	0.99665	1.0	846	0	0
C21orf58__P1	8	0.18232	0.043996	0.090988	470	5	-0.12031	0.9315	0.94781	1.0	710	0	0
BBC3__P1P2	8	0.18923	0.048873	0.100646	471	5	-0.029087	0.65934	0.50632	1.0	445	0	0
STK3__P1P2	8	0.19024	0.04914	0.100982	472	5	-0.2448	0.6223	0.4537	1.0	405	0	0
SUPT4H1__P1P2	8	0.19108	0.049289	0.101073	473	3	-0.38959	0.56093	0.34745	0.940741	355	0	0
TPI1__P1P2	8	0.19433	0.050219	0.102547	474	4	-0.090043	0.7954	0.73293	1.0	577	0	0
HNRNPLL__P1P2	8	0.19436	0.050219	0.102547	475	3	-0.30557	0.65676	0.50094	1.0	442	0	0
ISY1__P1P2	8	0.19655	0.050763	0.103431	476	3	-0.39338	0.77478	0.70321	1.0	554	0	0
NUDT15__P1P2	8	0.19828	0.050961	0.103431	477	5	-0.031367	0.701	0.56839	1.0	480	0	0
ISOC2__P1	8	0.19859	0.05097	0.103431	478	3	-0.38542	0.77298	0.7002	1.0	552	0	0
KIDINS220__P1P2	8	0.20012	0.051396	0.10386	479	5	-0.069701	0.87383	0.87349	1.0	640	0	0
PCDHGA12__P1P2	8	0.20029	0.051396	0.10386	480	5	-0.11235	0.84434	0.82852	1.0	614	0	0
ESYT2__P1P2	8	0.20266	0.05189	0.104445	481	4	-0.41461	0.45763	0.17122	0.600823	276	0	0
CAB39__P1P2	8	0.20342	0.0519	0.104445	482	5	-0.044661	0.54997	0.33255	0.923558	343	0	0
UBE2D3__P1P2	8	0.20639	0.052494	0.105422	483	5	-0.24998	0.68243	0.53798	1.0	462	0	0
DHH__P1P2	8	0.20873	0.053463	0.106927	484	3	-0.33414	0.47854	0.20778	0.689338	291	0	0
FAM192A__P1P2	8	0.20885	0.053463	0.106927	485	5	-0.051839	0.78119	0.71611	1.0	561	0	0
GNAI1__P1P2	8	0.21485	0.055036	0.10968	486	4	-0.45125	0.83383	0.81282	1.0	606	0	0
DYNC1LI1__P1P2	8	0.21508	0.055066	0.10968	487	5	-0.16942	0.56732	0.36193	0.956005	357	0	0
WDR7__P1P2	8	0.21616	0.055462	0.110243	488	5	-0.077829	0.93007	0.94692	1.0	708	0	0
CCNK__P2	11	0.21771	0.046034	0.095	489	7	-0.23199	0.66683	0.42422	1.0	450	0	0
DSCR3__P1P2	8	0.21869	0.055956	0.110999	490	5	-0.16201	0.86306	0.85888	1.0	629	0	0
PKNOX1__P1P2	9	0.219	0.059478	0.116557	491	5	-0.215	0.85502	0.81975	1.0	624	0	0
UBR5__P1P2	8	0.2195	0.056134	0.111125	492	4	-0.091637	0.062215	0.0041301	0.038693	28	1	0
HSPA4__P1P2	8	0.22086	0.05653	0.111681	493	5	-0.18114	0.95578	0.97578	1.0	751	0	0
ARHGEF18__P1P2	8	0.22494	0.05746	0.113059	494	5	-0.094211	0.88768	0.89328	1.0	653	0	0
TERF1__P1P2	8	0.22512	0.05746	0.113059	495	5	-0.15207	0.87624	0.87625	1.0	643	0	0
RAI14__P1P2	8	0.23132	0.059221	0.116288	496	5	-0.41195	0.96429	0.98288	1.0	766	0	0
SUPT7L__P1P2	8	0.23482	0.061318	0.119921	497	4	-0.23961	0.2385	0.013102	0.095113	121	0	0
EIF4H__P1P2	8	0.23734	0.062149	0.121303	498	5	-0.19578	0.54419	0.32353	0.91952	338	0	0
SF1__P1P2	8	0.23888	0.062307	0.121368	499	4	-0.094238	0.19382	0.00414	0.038693	88	0	0
FBXO8__P1	8	0.24019	0.062663	0.121817	500	4	-0.20794	0.30116	0.038536	0.234105	160	0	0
CCR6__ENST00000400926.2	8	0.24667	0.065008	0.126025	501	5	-0.053402	0.68544	0.54244	1.0	464	0	0
FAM115C__143317820	8	0.24737	0.065087	0.126025	502	5	-0.13472	0.81624	0.77513	1.0	592	0	0
SF3A2__P2	8	0.2507	0.066581	0.128501	503	4	-0.29871	0.70782	0.57471	1.0	486	0	0
REC8__P1P2	8	0.25205	0.06663	0.128501	504	1	-0.31184	0.74991	0.66189	1.0	524	0	0
USP15__P1P2	8	0.2548	0.067135	0.129217	505	5	-0.10493	0.9188	0.93478	1.0	693	0	0
SLC38A10__P1P2	8	0.26069	0.069163	0.132858	506	5	-0.33812	0.96578	0.98367	1.0	768	0	0
CLK3__P2	8	0.26186	0.07028	0.134739	507	5	-0.22107	0.19245	0.00414	0.038693	87	0	0
RSPRY1__P1P2	8	0.26246	0.070449	0.134795	508	5	-0.11353	0.89525	0.9051	1.0	663	0	0
TMSB10__P1P2	8	0.26374	0.070844	0.135286	509	4	-0.26152	0.97601	0.99109	1.0	797	0	0
AEN__P1P2	8	0.26644	0.072902	0.138942	510	5	-0.11659	0.91704	0.93156	1.0	689	0	0
UBE2O__P1P2	8	0.26783	0.074059	0.140872	511	4	-0.068268	0.42642	0.14107	0.539843	254	0	0
FAM216A__P1P2	8	0.27529	0.075761	0.143827	512	4	-0.34046	0.9717	0.98784	1.0	785	0	0
GFRA4__ENST00000290417.2_ENST00000319242.3	8	0.27604	0.076384	0.144727	513	3	-0.32272	0.53328	0.29165	0.851337	329	0	0
PARN__P1P2	11	0.27886	0.080648	0.152212	514	6	-0.028423	0.6263	0.33196	0.923558	410	0	0
BEND2__P1P2	8	0.27912	0.077541	0.146635	515	5	-0.17776	0.83908	0.8196	1.0	611	0	0
CLDN3__P1P2	8	0.28911	0.083427	0.157154	516	4	-0.023277	0.53413	0.29166	0.851337	331	0	0
LOC730183__NM_001256932	8	0.28962	0.083704	0.157371	517	3	-0.27455	0.45083	0.16789	0.593444	271	0	0
PIGB__P1P2	8	0.29041	0.084219	0.158032	518	5	-0.031094	0.88284	0.88516	1.0	647	0	0
DEGS1__P1P2	8	0.29145	0.085099	0.158571	519	3	-0.16273	0.34799	0.074732	0.384336	187	0	0
C20orf196__P1P2	8	0.29166	0.085149	0.158571	520	5	-0.12801	0.93772	0.95657	1.0	718	0	0
NIPBL__P1P2	8	0.2922	0.085158	0.158571	521	4	-0.121	0.25779	0.017336	0.122178	136	0	0
C11orf71__P1P2	8	0.29249	0.085435	0.158783	522	5	-0.048643	0.55932	0.34458	0.935553	354	0	0
MANSC1__P1P2	8	0.2945	0.0869	0.161195	523	3	-0.33874	0.40318	0.12987	0.53147	231	0	0
TRIM56__P1P2	8	0.29571	0.087711	0.16239	524	3	-0.30169	0.6751	0.52886	1.0	453	0	0
MCTS1__P1P2	8	0.29751	0.08866	0.163525	525	4	-0.040618	0.6272	0.45371	1.0	412	0	0
MLLT1__P1P2	8	0.29753	0.08866	0.163525	526	3	-0.020907	0.59055	0.405	1.0	377	0	0
CORO1B__67210174	8	0.30056	0.0905	0.166603	527	3	-0.19526	0.59243	0.41049	1.0	378	0	0
EXOSC1__P1P2	8	0.30147	0.091687	0.168423	528	5	-0.3123	0.57519	0.36489	0.956005	366	0	0
HEXIM2__P2	11	0.30271	0.085129	0.158571	529	2	-0.20968	0.57251	0.23687	0.767452	364	0	0
SCAF11__P1P2	8	0.3033	0.091836	0.168423	530	4	-0.18683	0.35814	0.090075	0.440013	194	0	0
TUFM__28856875	8	0.3035	0.092123	0.168631	531	2	-0.14592	0.61052	0.43746	1.0	394	0	0
G0S2__P1P2	8	0.30578	0.093211	0.170303	532	3	-0.081464	0.66698	0.51549	1.0	451	0	0
FCGR1A__149755456	8	0.30711	0.097376	0.177578	533	4	0.011443	0.5516	0.33256	0.923558	345	0	0
MED12__P1P2	8	0.30837	0.098513	0.179316	534	2	-0.21662	0.33482	0.062545	0.335874	178	0	0
LRRC28__P1P2	8	0.31135	0.10088	0.182934	535	3	-0.31234	0.7925	0.73007	1.0	573	0	0
TMEM81__ENST00000367167.3	8	0.31186	0.10139	0.183525	536	5	-0.016518	0.91852	0.93437	1.0	692	0	0
MRGBP__P1P2	8	0.31266	0.10194	0.184167	537	3	0.13441	0.054382	0.0041301	0.038693	26	1	0
ZSCAN18__P2	8	0.31463	0.1048	0.188999	538	5	-0.17964	0.35702	0.090075	0.440013	192	0	0
GTF2H2C__68855815	8	0.3157	0.10553	0.189948	539	5	-0.081506	0.72773	0.60735	1.0	506	0	0
PPP2R5E__P1P2	8	0.31613	0.10572	0.189953	540	5	0.053737	0.23394	0.013102	0.095113	116	0	0
TMX2__P1P2	8	0.31659	0.1061	0.190276	541	2	-0.26561	0.89559	0.90561	1.0	664	0	0
CCDC94__P1P2	8	0.32216	0.10967	0.196319	542	5	-0.12154	0.76682	0.68581	1.0	542	0	0
MAP3K7__P1P2	8	0.3261	0.11273	0.201419	543	3	-0.25797	0.52301	0.27575	0.832433	318	0	0
FAM3B__P1P2	8	0.32715	0.11321	0.201544	544	5	-0.020316	0.68122	0.53577	1.0	461	0	0
AJUBA__P1P2	8	0.32727	0.11321	0.201544	545	1	-0.072874	0.24304	0.013112	0.095113	126	0	0
SOS1__P1P2	8	0.32802	0.11399	0.202565	546	5	-0.026266	0.61662	0.44304	1.0	400	0	0
JMJD1C__P1P2	8	0.33063	0.11479	0.203599	547	5	-0.051852	0.91843	0.93437	1.0	691	0	0
PIP4K2C__P1P2	8	0.3325	0.11551	0.204506	548	1	-0.18379	0.37966	0.11406	0.510923	212	0	0
CCDC101__P1P2	8	0.33392	0.11637	0.205656	549	4	0.01087	0.4016	0.12986	0.53147	230	0	0
LDB3__P1P2	8	0.33691	0.11917	0.210221	550	4	-0.12333	0.7598	0.67401	1.0	538	0	0
UBE2Q1__P1P2	8	0.33875	0.12061	0.212383	551	5	-0.045712	0.098271	0.0041301	0.038693	43	0	0
PURB__P1P2	8	0.34073	0.1221	0.214237	552	5	-0.06342	0.86233	0.85724	1.0	628	0	0
VPS26A__P1P2	8	0.34095	0.12211	0.214237	553	5	-0.11948	0.479	0.20779	0.689338	292	0	0
STT3B__P1P2	8	0.34206	0.12304	0.21548	554	5	-0.09902	0.97088	0.98748	1.0	781	0	0
UFC1__P1P2	8	0.34709	0.12761	0.223082	555	4	-0.026641	0.35758	0.090075	0.440013	193	0	0
SNAP29__P1P2	8	0.34804	0.12885	0.224857	556	5	-0.18243	0.76957	0.69239	1.0	547	0	0
PGPEP1__P1P2	8	0.34849	0.12957	0.225694	557	4	-0.28763	0.39949	0.12986	0.53147	228	0	0
RABL5__P1P2	8	0.34963	0.1309	0.227613	558	3	-0.16742	0.8576	0.84984	1.0	625	0	0
PIGL__P1P2	8	0.35228	0.13445	0.233371	559	5	-0.078166	0.96734	0.98468	1.0	773	0	0
CD22__P1P2	11	0.3533	0.098701	0.179322	560	6	-0.31236	0.83551	0.72498	1.0	608	0	0
ZNHIT3__P1P2	8	0.35355	0.1351	0.234069	561	3	-0.1597	0.77253	0.70019	1.0	550	0	0
BIVM__P1	8	0.35875	0.13912	0.240205	562	4	-0.17504	0.78574	0.72323	1.0	567	0	0
FAM203A__ENST00000347708.4	8	0.359	0.13913	0.240205	563	5	-0.1043	0.77567	0.70457	1.0	556	0	0
RIC8A__P2	8	0.3626	0.14284	0.246173	564	5	-0.11113	0.87193	0.87156	1.0	636	0	0
KDM3A__P1P2	8	0.37097	0.14572	0.250689	565	4	-0.082638	0.89819	0.90775	1.0	669	0	0
ZEB2__P1	8	0.38075	0.14819	0.254418	566	2	-0.24078	0.7457	0.65325	1.0	520	0	0
HIF1AN__P1P2	8	0.38183	0.14841	0.254418	567	2	-0.18501	0.41671	0.13723	0.53147	246	0	0
NPY4R__P1P2	8	0.39259	0.15443	0.264279	568	3	-0.2758	0.90247	0.9142	1.0	672	0	0
WDR18__P1P2	8	0.39769	0.15674	0.267282	569	3	-0.23981	0.40946	0.13368	0.53147	240	0	0
MESDC2__P1P2	8	0.3978	0.15674	0.267282	570	4	-0.061759	0.70922	0.57472	1.0	489	0	0
PTRHD1__P1P2	8	0.399	0.15755	0.268195	571	4	-0.096198	0.69257	0.55336	1.0	469	0	0
FAM58A__P1P2	8	0.40059	0.15814	0.268301	572	2	-0.14889	0.50768	0.25636	0.798678	308	0	0
RRP8__P1P2	8	0.40306	0.15843	0.268301	573	4	-0.24785	0.30597	0.042611	0.251078	162	0	0
BCL2L13__P1P2	8	0.40359	0.15844	0.268301	574	4	-0.10921	0.384	0.1179	0.525692	217	0	0
IFT88__P1P2	8	0.40528	0.15893	0.268654	575	1	-0.01936	0.21477	0.00414	0.038693	106	0	0
PDS5A__P1P2	8	0.41194	0.16109	0.271581	576	4	-0.068317	0.95475	0.97498	1.0	748	0	0
ZCCHC11__P1P2	8	0.41386	0.16154	0.271581	577	4	-0.13909	0.6251	0.45371	1.0	407	0	0
DET1__P1P2	8	0.41626	0.16215	0.271581	578	4	-0.022433	0.49873	0.24602	0.786611	302	0	0
GAL__P1P2	8	0.41843	0.16256	0.271581	579	4	0.0099867	0.31432	0.046479	0.270526	167	0	0
OGFR__P1P2	8	0.41867	0.16256	0.271581	580	4	-0.023584	0.74345	0.64978	1.0	517	0	0
GTDC1__P1P2	8	0.41928	0.16257	0.271581	581	4	-0.15565	0.36816	0.1056	0.498296	202	0	0
ACTA2__P2	8	0.41979	0.16288	0.271581	582	3	-0.20356	0.72694	0.60735	1.0	504	0	0
SLC30A3__P1P2	8	0.42043	0.16289	0.271581	583	3	-0.12449	0.64725	0.4837	1.0	434	0	0
IRX1__P1P2	8	0.42337	0.16412	0.273158	584	3	-0.17544	0.58675	0.39071	1.0	374	0	0
GATA3__P1P2	8	0.42493	0.16476	0.273759	585	4	-0.059079	0.37146	0.10561	0.498296	204	0	0
CNKSR3__P1P2	8	0.4283	0.16581	0.275031	586	4	-0.11668	0.51998	0.27276	0.832433	315	0	0
PYGO2__P1P2	8	0.43482	0.16877	0.279361	587	4	0.00016019	0.60286	0.42924	1.0	387	0	0
ZNF710__P1P2	8	0.43542	0.169	0.279361	588	3	-0.069578	0.75089	0.6619	1.0	528	0	0
KLF5__P1P2	8	0.43603	0.16934	0.279458	589	4	-0.035489	0.83019	0.80296	1.0	603	0	0
TM9SF3__P1P2	8	0.44207	0.1711	0.281886	590	4	-0.048488	0.7682	0.69082	1.0	544	0	0
ZBTB2__P1P2	8	0.44513	0.17255	0.283784	591	4	-0.01793	0.30477	0.042611	0.251078	161	0	0
IL18R1__P1	8	0.44838	0.17703	0.290188	592	3	-0.22811	0.52646	0.28252	0.844473	321	0	0
FAM107A__P1P2	8	0.44936	0.17704	0.290188	593	1	-0.0736	0.13602	0.00414	0.038693	61	0	0
WNT7A__P1P2	8	0.45472	0.17958	0.29386	594	3	-0.10461	0.61124	0.43746	1.0	396	0	0
PTPN12__P1P2	8	0.45908	0.18391	0.29994	595	1	0.41907	6.8767e-08	4.9462e-06	0.000229	9	4	0
GNG4__P1P2	8	0.45927	0.18391	0.29994	596	4	-0.014774	0.59879	0.41584	1.0	383	0	0
SERPINB9__P1P2	8	0.46291	0.1849	0.301049	597	4	-0.010394	0.581	0.38233	0.993637	370	0	0
L3MBTL2__P1P2	8	0.46678	0.18763	0.304859	598	4	-0.046364	0.9343	0.95141	1.0	716	0	0
PHC1__P1P2	8	0.46751	0.18787	0.304859	599	4	0.030595	0.64791	0.4863	1.0	435	0	0
APEX2__P1P2	8	0.46999	0.18865	0.305617	600	4	-0.14935	0.93873	0.95784	1.0	720	0	0
HIGD2A__P1P2	8	0.47338	0.19075	0.306588	601	3	-0.14019	0.71697	0.5954	1.0	496	0	0
ESRP1__P1P2	8	0.47357	0.19083	0.306588	602	4	-0.073591	0.49738	0.24601	0.786611	300	0	0
SMURF2__P1P2	8	0.47382	0.19083	0.306588	603	4	-0.0020222	0.5354	0.2953	0.856817	333	0	0
CHEK2__P1P2	8	0.47384	0.19083	0.306588	604	2	-0.13057	0.23263	0.013102	0.095113	115	0	0
NUDT22__P1P2	8	0.4739	0.19083	0.306588	605	3	-0.0082901	0.22275	0.013102	0.095113	108	0	0
USP10__P1P2	8	0.47598	0.19147	0.307113	606	4	-0.049141	0.75646	0.67053	1.0	533	0	0
SMAD1__P1P2	8	0.47989	0.19304	0.309126	607	4	-0.092367	0.86805	0.86338	1.0	633	0	0
SENP2__P1P2	8	0.48182	0.19392	0.309516	608	4	-0.033951	0.89141	0.89859	1.0	658	0	0
GPRIN2__46993345	8	0.48255	0.19393	0.309516	609	4	0.051278	0.3587	0.090085	0.440013	195	0	0
ICMT__P1P2	8	0.48508	0.19692	0.313785	610	3	-0.0021878	0.39045	0.12573	0.53147	221	0	0
YPEL3__P1P2	8	0.48688	0.19819	0.315285	611	3	-0.14055	0.63785	0.47413	1.0	425	0	0
CST1__P1P2	8	0.48734	0.19853	0.31532	612	4	-0.15388	0.59805	0.41584	1.0	381	0	0
DOT1L__P1P2	8	0.4901	0.20021	0.317457	613	1	0.13141	0.0457	0.0041301	0.038693	23	1	0
WDR86__P1P2	8	0.49238	0.20244	0.320479	614	3	-0.15025	0.82106	0.78541	1.0	596	0	0
FERMT1__P1P2	8	0.50053	0.20773	0.328322	615	4	-0.20089	0.82161	0.7864	1.0	598	0	0
ZFAT__P1	8	0.5058	0.21159	0.333877	616	4	-0.21507	0.966	0.9838	1.0	770	0	0
CHRNA7__32322509	8	0.50749	0.21202	0.334006	617	4	-0.079476	0.88866	0.89443	1.0	655	0	0
SUPT20H__P1P2	8	0.51255	0.21592	0.339596	618	1	0.89795	7.3788e-19	4.9462e-06	0.000229	1	7	0
MAU2__P1P2	8	0.52037	0.22201	0.347493	619	3	-0.064882	0.50813	0.25636	0.798678	309	0	0
RYR3__P1P2	8	0.52041	0.22201	0.347493	620	3	-0.1875	0.85998	0.85217	1.0	626	0	0
MED25__P1P2	8	0.52269	0.22279	0.348156	621	4	0.056958	0.58903	0.40499	1.0	375	0	0
INPP4A__P1P2	8	0.52623	0.22554	0.350777	622	3	-0.012791	0.86636	0.86135	1.0	631	0	0
AGO1__36348590	8	0.52679	0.22555	0.350777	623	4	-0.034329	0.67878	0.53134	1.0	460	0	0
GPR89B__147400326	8	0.52689	0.22555	0.350777	624	3	-0.14245	0.50546	0.25305	0.798592	306	0	0
GPATCH8__P1P2	8	0.52817	0.22641	0.351553	625	1	0.22225	0.10429	0.0041301	0.038693	46	0	0
NAIP__70315936	8	0.53088	0.23111	0.357706	626	4	-0.038382	0.63066	0.45865	1.0	417	0	0
ZC3H14__P1P2	8	0.5328	0.23558	0.364047	627	4	-0.13811	0.98304	0.99506	1.0	817	0	0
MID1IP1__P1P2	8	0.53808	0.23761	0.366598	628	4	-0.011486	0.60761	0.43491	1.0	391	0	0
EVX2__P1P2	11	0.54054	0.2218	0.347493	629	4	-0.19721	0.97363	0.98134	1.0	791	0	0
PHYH__P1P2	8	0.541	0.23869	0.367678	630	4	-0.053222	0.70613	0.57258	1.0	484	0	0
ARRDC4__P1P2	8	0.54359	0.24397	0.375221	631	4	0.00044625	0.703	0.56839	1.0	483	0	0
ARL14EP__P1P2	8	0.54527	0.2467	0.378784	632	4	0.03114	0.58561	0.39071	1.0	373	0	0
FUT7__P1P2	8	0.54646	0.24707	0.378784	633	4	-0.039348	0.68962	0.54875	1.0	466	0	0
PTPN20A__46639859	8	0.54772	0.24865	0.38061	634	3	-0.045635	0.84914	0.83909	1.0	616	0	0
ATP2C1__P1P2	8	0.551	0.2496	0.381463	635	4	0.010818	0.48826	0.22501	0.738874	295	0	0
PCSK1N__P1P2	11	0.55652	0.22879	0.354673	636	4	-0.12638	0.63638	0.35228	0.951162	424	0	0
FRMPD2__49481953	8	0.56293	0.26672	0.406993	637	4	-0.018694	0.70866	0.57472	1.0	488	0	0
CCDC64__ENST00000397558.2	8	0.56642	0.27208	0.413875	638	3	0.021721	0.37311	0.11012	0.510923	205	0	0
TMEM198__P1P2	8	0.56652	0.27208	0.413875	639	2	-0.065213	0.57558	0.36489	0.956005	367	0	0
FAM98A__P1P2	8	0.56954	0.27545	0.417699	640	4	-0.050518	0.54914	0.33255	0.923558	341	0	0
PATL1__P1P2	8	0.56988	0.27546	0.417699	641	3	-0.055686	0.89514	0.9051	1.0	662	0	0
FAM69B__P1P2	8	0.57182	0.27851	0.421677	642	3	-0.028974	0.32493	0.054561	0.303049	174	0	0
PPFIBP1__P1P2	8	0.57262	0.27915	0.421978	643	4	-0.14542	0.66477	0.5085	1.0	449	0	0
TM9SF2__P1P2	8	0.57451	0.28112	0.423636	644	4	-0.12838	0.91695	0.93156	1.0	687	0	0
PKMYT1__P1P2	8	0.57462	0.28112	0.423636	645	2	-0.003864	0.16253	0.00414	0.038693	70	0	0
NOTCH2NL__145208892	8	0.57545	0.28199	0.42429	646	4	-0.070777	0.83452	0.81381	1.0	607	0	0
LOC643037__P1P2	8	0.57781	0.28453	0.427454	647	4	-0.0029755	0.31906	0.050268	0.284073	170	0	0
UBE2E2__P1P2	8	0.58387	0.29145	0.436507	648	4	-0.08494	0.84977	0.83909	1.0	618	0	0
GGCT__P1P2	8	0.58393	0.29145	0.436507	649	4	-0.10467	0.92983	0.9466	1.0	707	0	0
DEDD__P1P2	8	0.58533	0.29434	0.440155	650	3	-0.031952	0.84369	0.8274	1.0	613	0	0
MRE11A__P1P2	8	0.58561	0.29561	0.440708	651	3	-0.11094	0.71174	0.58109	1.0	492	0	0
SLC25A46__P1P2	8	0.58627	0.29562	0.440708	652	4	-0.074897	0.93506	0.95231	1.0	717	0	0
OPRD1__P1P2	8	0.58728	0.29727	0.441815	653	3	-0.036844	0.7652	0.6825	1.0	541	0	0
DPP9__P1	8	0.58752	0.29727	0.441815	654	1	-0.087272	0.73737	0.63337	1.0	510	0	0
DCP1A__P1P2	8	0.58862	0.29907	0.443812	655	4	-0.035267	0.57205	0.36489	0.956005	363	0	0
FAM115A__143579171	8	0.59165	0.3036	0.449849	656	3	-0.083749	0.23066	0.013102	0.095113	112	0	0
PRMT7__P1P2	8	0.59516	0.30954	0.457945	657	4	-0.015409	0.77275	0.70019	1.0	551	0	0
CNR1__P1P2	8	0.596	0.31033	0.458419	658	3	-0.036651	0.95425	0.97473	1.0	747	0	0
WNT3A__P1P2	8	0.59772	0.31355	0.46248	659	4	0.017625	0.52817	0.28253	0.844473	323	0	0
FAM115A__143598483	8	0.60144	0.31652	0.465302	660	4	0.013338	0.52344	0.27576	0.832433	319	0	0
GET4__P1P2	8	0.60178	0.31691	0.465302	661	2	-0.0079562	0.41154	0.13723	0.53147	242	0	0
ZNF444__P1P2	8	0.60214	0.31738	0.465302	662	4	-0.087679	0.6673	0.5155	1.0	452	0	0
PRSS40A__131328218	8	0.60249	0.31738	0.465302	663	4	0.013034	0.46579	0.18239	0.622048	285	0	0
AES__P1P2	8	0.60979	0.32604	0.476554	664	4	-0.070296	0.7437	0.64978	1.0	518	0	0
LNPEP__P1P2	8	0.61412	0.33107	0.483188	665	2	-0.092907	0.76098	0.67555	1.0	539	0	0
SRSF11__P2	8	0.61484	0.33209	0.483948	666	2	-0.0051364	0.28162	0.025606	0.161682	152	0	0
C17orf49__P2	8	0.61558	0.33304	0.484605	667	3	0.065549	0.26979	0.021363	0.142222	145	0	0
PLOD3__P1P2	8	0.61627	0.33384	0.485045	668	3	-0.1125	0.78402	0.72046	1.0	565	0	0
MAGED2__P2	8	0.62104	0.34355	0.4984	669	4	0.018175	0.28532	0.025616	0.161682	154	0	0
PMAIP1__57567020	8	0.63061	0.36049	0.521441	670	4	0.0075847	0.26476	0.021353	0.142222	139	0	0
ATXN2L__P1P2	8	0.63082	0.3605	0.521441	671	3	0.032639	0.29389	0.034015	0.210589	156	0	0
PDLIM7__P1	8	0.63174	0.36315	0.524496	672	4	0.0064749	0.82505	0.7967	1.0	599	0	0
USF1__P1P2	8	0.63333	0.36393	0.52483	673	4	-0.024362	0.4474	0.16038	0.579515	269	0	0
SYT14__P1P2	8	0.63423	0.36482	0.525335	674	4	0.031514	0.26728	0.021353	0.142222	143	0	0
ABHD16A__P1P2	8	0.63547	0.36766	0.528654	675	3	-0.16503	0.91563	0.92991	1.0	685	0	0
C14orf169__P1P2	8	0.64154	0.37364	0.536452	676	3	0.017597	0.32435	0.054551	0.303049	173	0	0
VPS9D1__P1P2	8	0.64625	0.37562	0.5381	677	2	-0.041206	0.43148	0.1489	0.550362	258	0	0
CNOT11__P1P2	8	0.64692	0.3759	0.5381	678	1	-0.031963	0.41877	0.13724	0.53147	248	0	0
KMT2D__P1P2	8	0.64919	0.37685	0.538681	679	3	-0.029441	0.6635	0.5085	1.0	447	0	0
GTF2IRD2B__74508172	8	0.65395	0.37944	0.541575	680	3	-0.034175	0.95789	0.97773	1.0	755	0	0
GPX3__P1P2	8	0.65934	0.38367	0.546815	681	2	-0.082701	0.92844	0.94546	1.0	702	0	0
CENPO__P1P2	8	0.66062	0.38433	0.546958	682	2	-0.10754	0.46484	0.17861	0.611305	284	0	0
CWC25__P1P2	8	0.66172	0.38499	0.547086	683	3	-0.0076262	0.83757	0.81681	1.0	610	0	0
GNE__P1P2	11	0.66239	0.31924	0.467324	684	5	-0.098491	0.95008	0.95224	1.0	740	0	0
ZNF286A__15602675	8	0.66489	0.3862	0.547566	685	3	-0.031538	0.62755	0.45371	1.0	413	0	0
HIST1H1E__P1P2	8	0.66647	0.387	0.547566	686	3	0.013923	0.24627	0.013112	0.095113	128	0	0
CORIN__P1P2	8	0.66692	0.38701	0.547566	687	3	0.03708	0.38831	0.12573	0.53147	219	0	0
NSG1__NM_001040101_NM_014392	8	0.66979	0.38866	0.548307	688	3	-0.045637	0.93801	0.9571	1.0	719	0	0
TSPYL1__P1P2	8	0.67094	0.38867	0.548307	689	3	0.04278	0.41309	0.13723	0.53147	243	0	0
AP1G1__P1P2	8	0.67397	0.39296	0.55356	690	3	-0.12257	0.55851	0.34458	0.935553	352	0	0
TXNDC16__P1P2	8	0.67571	0.39408	0.554332	691	2	-0.016855	0.37858	0.11405	0.510923	211	0	0
USP44__P1	8	0.68699	0.40219	0.564925	692	3	-0.057594	0.65902	0.50632	1.0	444	0	0
GDF7__P1P2	8	0.70185	0.4128	0.578997	693	3	0.012695	0.72186	0.60335	1.0	500	0	0
PTPN20A__46619211	8	0.70352	0.4135	0.579133	694	3	-0.022914	0.63239	0.45865	1.0	421	0	0
JPH3__P1P2	8	0.70781	0.41766	0.583138	695	3	0.013619	0.7145	0.58527	1.0	494	0	0
ITGB3__P1P2	8	0.70825	0.41816	0.583138	696	2	-0.054601	0.60798	0.43491	1.0	392	0	0
HAX1__P1P2	8	0.7107	0.42011	0.58503	697	3	-0.045503	0.88793	0.89376	1.0	654	0	0
KRTCAP3__P1P2	8	0.71505	0.42494	0.590906	698	2	-0.024188	0.56811	0.36193	0.956005	358	0	0
KLHL5__P1P2	11	0.72159	0.41648	0.582478	699	3	-0.068587	0.91702	0.90019	1.0	688	0	0
HNRNPA2B1__P1P2	8	0.72403	0.43057	0.597878	700	3	-0.032007	0.73992	0.63888	1.0	513	0	0
KIF22__P1	8	0.72563	0.43152	0.598342	701	3	-0.016905	0.6317	0.45865	1.0	419	0	0
HIST2H2BE__149857437	8	0.73041	0.43945	0.608474	702	2	-0.037868	0.80568	0.7502	1.0	582	0	0
CAPZA1__P1P2	8	0.73516	0.44281	0.612246	703	3	0.027139	0.60652	0.4349	1.0	390	0	0
ZNF740__P1P2	8	0.74017	0.44877	0.619612	704	3	-0.046943	0.81587	0.77512	1.0	591	0	0
LYPLA2__P1P2	8	0.74738	0.45719	0.63034	705	2	-0.064282	0.74868	0.6585	1.0	522	0	0
C1orf101__P1P2	8	0.75454	0.46795	0.644265	706	2	0.02414	0.2597	0.017346	0.122178	137	0	0
NAIP__70319713	8	0.75779	0.47422	0.651963	707	3	-0.060705	0.69812	0.56838	1.0	473	0	0
ATP6AP1__P1P2	8	0.75966	0.47528	0.652239	708	3	-0.029441	0.59356	0.41297	1.0	379	0	0
ZC3H7B__P1P2	8	0.75992	0.47576	0.652239	709	2	0.066	0.51474	0.26321	0.809655	313	0	0
SLC4A1AP__P1P2	8	0.76428	0.47995	0.657063	710	3	-0.035437	0.29753	0.038526	0.234105	158	0	0
DCUN1D1__P1P2	8	0.7674	0.48593	0.664307	711	3	0.065316	0.4518	0.16789	0.593444	273	0	0
AK2__P1P2	8	0.76813	0.48761	0.66567	712	3	-0.0073731	0.94888	0.96903	1.0	738	0	0
ELOF1__P1P2	8	0.77052	0.49081	0.668559	713	3	0.043882	0.24175	0.013112	0.095113	124	0	0
BAD__P1P2	8	0.77146	0.4911	0.668559	714	2	0.033302	0.27542	0.025606	0.161682	148	0	0
BOLA2__29465484	8	0.77427	0.49343	0.669847	715	3	-0.023975	0.5512	0.33256	0.923558	344	0	0
UBE2R2__P1P2	8	0.77429	0.49343	0.669847	716	2	0.097608	0.17656	0.00414	0.038693	77	0	0
OCLN__68788394	8	0.78023	0.50185	0.680339	717	3	0.03963	0.4345	0.1489	0.550362	261	0	0
C14orf119__P1P2	8	0.78516	0.51368	0.694427	718	3	-0.077315	0.86861	0.8648	1.0	634	0	0
ZNF787__P1P2	8	0.7911	0.52138	0.703866	719	3	0.092408	0.18833	0.00414	0.038693	83	0	0
G3BP2__P1P2	8	0.7923	0.52234	0.704184	720	2	0.11207	0.3377	0.066729	0.35065	180	0	0
PKDCC__P1P2	8	0.79433	0.52589	0.707989	721	3	-0.056099	0.91458	0.92897	1.0	684	0	0
CDC42EP5__P1P2	8	0.79754	0.53058	0.713314	722	3	-0.0065876	0.52388	0.27576	0.832433	320	0	0
EHBP1__P1P2	8	0.79908	0.53289	0.714296	723	1	0.24305	0.16957	0.00414	0.038693	72	0	0
HRAS__P1	8	0.80016	0.53424	0.714296	724	3	0.047336	0.58446	0.3907	1.0	372	0	0
RANBP2__109335729	8	0.80022	0.53424	0.714296	725	3	0.015035	0.62088	0.45086	1.0	404	0	0
SPINT1__P1P2	8	0.8007	0.53425	0.714296	726	2	0.012699	0.47054	0.18962	0.639974	287	0	0
GTF2IRD2__74267046	8	0.80155	0.53564	0.715164	727	3	0.025766	0.81643	0.77513	1.0	593	0	0
CORO1B__67206891	8	0.80273	0.53737	0.716129	728	2	-0.055199	0.71752	0.59747	1.0	497	0	0
AMOTL1__P1P2	8	0.8029	0.53783	0.716129	729	3	0.20296	0.18004	0.00414	0.038693	79	0	0
AP3B1__P1P2	8	0.80386	0.53959	0.717491	730	3	0.018156	0.20063	0.00414	0.038693	93	0	0
PRCP__P1	8	0.80528	0.54424	0.721698	731	1	0.044427	0.72561	0.60734	1.0	502	0	0
ZMYM4__P1P2	11	0.80556	0.51066	0.69131	732	2	0.047104	0.39193	0.057747	0.318919	224	0	0
SERF1B__69320873	8	0.80632	0.5464	0.723571	733	3	0.053039	0.44641	0.16038	0.579515	267	0	0
CISD1__P1P2	8	0.80679	0.5473	0.723777	734	3	0.017083	0.7081	0.57471	1.0	487	0	0
ARAP3__P1P2	8	0.80846	0.55122	0.727967	735	2	0.08237	0.58254	0.38508	0.998115	371	0	0
LTN1__P1P2	8	0.80876	0.55226	0.728349	736	3	0.031556	0.24949	0.013112	0.095113	131	0	0
PRC1__P1P2	8	0.8099	0.55587	0.73114	737	3	-0.055239	0.45521	0.1679	0.593444	275	0	0
BRMS1__P1P2	8	0.81013	0.55588	0.73114	738	2	0.01104	0.78914	0.72738	1.0	569	0	0
MED19__P1P2	8	0.81029	0.55668	0.731205	739	2	0.031413	0.54002	0.30849	0.884516	337	0	0
PPP2R1A__P1	8	0.8153	0.56858	0.745828	740	2	0.023658	0.25397	0.013112	0.095113	134	0	0
EVI5__P1P2	8	0.81636	0.57037	0.747169	741	2	0.042719	0.22407	0.013102	0.095113	109	0	0
SCYL1__P1P2	8	0.81724	0.57119	0.747237	742	3	-0.034512	0.88322	0.8858	1.0	648	0	0
CHST15__P2	8	0.81912	0.57568	0.750084	743	3	-0.038122	0.92926	0.94659	1.0	704	0	0
ATM__P1P2	8	0.81922	0.57568	0.750084	744	2	-0.028666	0.91146	0.92724	1.0	678	0	0
USP48__P1P2	8	0.81928	0.57568	0.750084	745	3	-0.0089807	0.78957	0.72738	1.0	570	0	0
TMED2__P1P2	8	0.81975	0.57724	0.750122	746	3	0.095018	0.2181	0.00414	0.038693	107	0	0
PINK1__P1P2	8	0.82037	0.57725	0.750122	747	2	0.057265	0.44691	0.16038	0.579515	268	0	0
KAT6B__P1P2	8	0.82124	0.58092	0.753429	748	1	0.11789	0.26539	0.021353	0.142222	140	0	0
FAM83H__P1P2	8	0.82143	0.58135	0.753429	749	2	0.11589	0.20671	0.00414	0.038693	98	0	0
ATP6V0E1__P1P2	8	0.82613	0.59743	0.773232	750	2	0.065259	0.51693	0.26322	0.809655	314	0	0
SOX2__P1P2	11	0.8281	0.54095	0.71831	751	2	0.03616	0.55543	0.21357	0.706093	348	0	0
FAM72A__ENST00000367128.3	8	0.83242	0.61429	0.792498	752	3	0.027479	0.64291	0.47878	1.0	430	0	0
EMD__P1P2	8	0.83249	0.61429	0.792498	753	2	0.098667	0.53031	0.28584	0.844473	325	0	0
ATRN__P1P2	8	0.83317	0.61476	0.792498	754	3	0.0084729	0.55609	0.34457	0.935553	349	0	0
PLCG1__P1P2	8	0.83435	0.6171	0.793428	755	1	0.058523	0.68334	0.54031	1.0	463	0	0
DHRS3__P1P2	8	0.8345	0.61711	0.793428	756	3	0.0047752	0.55487	0.3384	0.934454	347	0	0
GLYR1__P1P2	8	0.83583	0.61893	0.794717	757	3	0.044891	0.73402	0.62241	1.0	508	0	0
SPRR2G__P1P2	8	0.83846	0.62666	0.803556	758	3	-0.017139	0.27355	0.025606	0.161682	147	0	0
H2AFX__P1P2	8	0.83862	0.62747	0.803556	759	2	-0.035089	0.7567	0.67053	1.0	534	0	0
CFC1B__131278628	8	0.84308	0.63872	0.816884	760	3	0.0095414	0.58062	0.38233	0.993637	369	0	0
SERTAD1__P1P2	8	0.84601	0.64695	0.826323	761	2	0.0060369	0.7714	0.69707	1.0	548	0	0
ADD1__P1P2	8	0.84817	0.65358	0.833706	762	3	0.098381	0.14542	0.00414	0.038693	65	0	0
HOXC4__ENST00000430889.2	8	0.84957	0.65707	0.836985	763	3	0.068357	0.25652	0.017336	0.122178	135	0	0
UBE2M__P1P2	8	0.84977	0.65788	0.836985	764	1	0.24322	0.15686	0.00414	0.038693	67	0	0
ZNF286B__18584835	8	0.85082	0.66061	0.838754	765	3	0.022814	0.71118	0.58109	1.0	491	0	0
NDUFS4__P1P2	8	0.85107	0.66099	0.838754	766	2	0.0087463	0.55892	0.34458	0.935553	353	0	0
PORCN__P2	8	0.85329	0.66551	0.84339	767	3	-0.011944	0.92044	0.93755	1.0	695	0	0
KCTD3__P1P2	8	0.86262	0.68342	0.864953	768	1	0.064501	0.62545	0.45371	1.0	408	0	0
LHFP__P1P2	8	0.86449	0.68601	0.867104	769	2	0.042073	0.75766	0.67222	1.0	535	0	0
TTC23L__P1P2	8	0.87308	0.69435	0.876505	770	2	-0.0086158	0.77878	0.71334	1.0	560	0	0
NBPF14__148025047	8	0.87806	0.69793	0.879883	771	2	0.0087731	0.33424	0.062535	0.335874	177	0	0
SFPQ__P1P2	8	0.87973	0.69981	0.881109	772	2	0.090133	0.40371	0.12987	0.53147	232	0	0
HIST1H2AB__P1P2	8	0.88157	0.70365	0.884796	773	2	0.0099758	0.81977	0.78331	1.0	595	0	0
PTPN20B__48826780	8	0.88497	0.70681	0.886483	774	2	0.018197	0.33828	0.066729	0.35065	181	0	0
PLA2G7__P1P2	8	0.88634	0.70863	0.887608	775	2	0.058655	0.57048	0.36194	0.956005	362	0	0
GLCE__P1P2	8	0.88735	0.71017	0.888008	776	2	0.038021	0.50323	0.25305	0.798592	303	0	0
PAPPA__P1P2	8	0.88769	0.71077	0.888008	777	2	0.0066733	0.50679	0.25636	0.798678	307	0	0
CACHD1__P1P2	8	0.89046	0.71571	0.890602	778	1	0.24381	0.11917	0.0041301	0.038693	52	0	0
UBE2G2__P1P2	8	0.8908	0.71663	0.890602	779	2	0.010308	0.6258	0.45371	1.0	409	0	0
ANAPC7__P1P2	8	0.89129	0.71689	0.890602	780	2	0.041275	0.64022	0.47652	1.0	427	0	0
B3GAT3__P1P2	8	0.89152	0.71689	0.890602	781	1	0.18478	0.21142	0.00414	0.038693	103	0	0
GPR137__P1	8	0.89168	0.71743	0.890602	782	2	0.055998	0.6184	0.44593	1.0	401	0	0
RBL1__P1P2	8	0.89244	0.71858	0.890889	783	2	0.13021	0.092221	0.0041301	0.038693	39	0	0
TMTC2__P1P2	8	0.89471	0.72298	0.892529	784	2	0.030154	0.7732	0.7002	1.0	553	0	0
C11orf73__P1P2	8	0.89503	0.72299	0.892529	785	2	0.010353	0.5396	0.30848	0.884516	336	0	0
ATF7IP__P1	8	0.89567	0.72328	0.892529	786	2	0.14532	0.41516	0.13723	0.53147	245	0	0
FCGR1B__120935150	8	0.89673	0.72357	0.892529	787	2	-0.019148	0.89707	0.90721	1.0	667	0	0
BCLAF1__P1P2	8	0.89975	0.72635	0.894273	788	2	0.064918	0.46388	0.17861	0.611305	282	0	0
RSPH3__P1P2	8	0.90006	0.72683	0.894273	789	2	0.053144	0.58023	0.38232	0.993637	368	0	0
TTC3__P1P2	8	0.90161	0.72872	0.895465	790	1	0.068143	0.50501	0.25305	0.798592	305	0	0
TRABD__P1	8	0.90269	0.73164	0.897928	791	2	0.075669	0.4058	0.12987	0.53147	235	0	0
ZMIZ1__P1P2	11	0.90359	0.70478	0.885069	792	3	0.047914	0.72757	0.54531	1.0	505	0	0
MTF2__P1P2	8	0.90503	0.73555	0.901219	793	1	0.22934	0.1258	0.0041301	0.038693	54	0	0
KAT7__P1P2	8	0.90608	0.73645	0.901219	794	1	0.076677	0.32141	0.050268	0.284073	172	0	0
PTPN20B__48806138	8	0.9066	0.73766	0.901219	795	2	0.036284	0.63581	0.46955	1.0	423	0	0
SNRK__P1P2	8	0.9067	0.73804	0.901219	796	1	0.08332	0.34515	0.074722	0.384336	185	0	0
MIR205HG__P2	8	0.91303	0.74486	0.907672	797	1	0.065015	0.49101	0.23188	0.75634	297	0	0
TCTN2__P1P2	8	0.91342	0.74519	0.907672	798	1	0.10654	0.46912	0.18961	0.639974	286	0	0
CTXN1__P1P2	8	0.9172	0.75361	0.915877	799	2	0.049336	0.62893	0.45864	1.0	414	0	0
FBXO42__P1P2	8	0.91825	0.75522	0.915877	800	1	0.1563	0.20469	0.00414	0.038693	96	0	0
CDK10__P1P2	8	0.91844	0.75568	0.915877	801	2	0.052962	0.74396	0.64978	1.0	519	0	0
TMEM229B__P1	8	0.9187	0.75569	0.915877	802	2	0.092392	0.25077	0.013112	0.095113	132	0	0
PDZK1__145727481	8	0.92449	0.7663	0.927532	803	1	0.019364	0.44048	0.15279	0.562555	264	0	0
MBD6__P1P2	8	0.92499	0.76722	0.927532	804	2	0.14792	0.35309	0.07859	0.397862	190	0	0
PTPRF__P1P2	8	0.92589	0.76992	0.929012	805	2	0.19969	0.18073	0.00414	0.038693	80	0	0
S100A16__P1P2	8	0.92678	0.77333	0.929156	806	1	0.060653	0.70071	0.56839	1.0	479	0	0
COPE__P1P2	8	0.92687	0.77334	0.929156	807	2	0.0369	0.37421	0.11013	0.510923	206	0	0
TCF3__P1P2	8	0.92687	0.77334	0.929156	808	2	0.063361	0.44395	0.15648	0.571808	266	0	0
CAPG__P1	8	0.92743	0.77551	0.930609	809	2	-0.017954	0.71368	0.58323	1.0	493	0	0
CCDC6__P1P2	8	0.92942	0.77833	0.932841	810	1	0.41713	0.0023015	4.9462e-06	0.000229	20	2	0
PSMG3__P2	8	0.92991	0.78056	0.934224	811	2	-0.040646	0.92687	0.94407	1.0	700	0	0
ARHGAP11A__32907502	8	0.93051	0.7814	0.934224	812	2	0.067416	0.43098	0.1489	0.550362	257	0	0
ZIC2__P1P2	8	0.93166	0.78478	0.937104	813	1	0.12731	0.2945	0.034015	0.210589	157	0	0
MED16__P1P2	8	0.93252	0.78795	0.93859	814	1	0.089063	0.3676	0.1056	0.498296	201	0	0
SPRY4__P1P2	8	0.93268	0.78795	0.93859	815	1	0.12044	0.38992	0.12573	0.53147	220	0	0
FAM179B__P1P2	8	0.93384	0.78949	0.939265	816	1	0.16377	0.23915	0.013112	0.095113	122	0	0
CXorf56__P1P2	11	0.93463	0.77035	0.929012	817	2	0.22166	0.12758	0.0057227	0.052076	56	0	0
NCF1__74188108	8	0.93679	0.7957	0.944515	818	2	0.077341	0.71997	0.60334	1.0	499	0	0
USP22__P1P2	8	0.93736	0.79732	0.944515	819	1	0.09044	0.41928	0.13724	0.53147	249	0	0
TTLL10__P1	8	0.93758	0.79733	0.944515	820	2	0.027382	0.914	0.92852	1.0	683	0	0
ADAM18__P1P2	8	0.93765	0.79779	0.944515	821	1	0.018388	0.60212	0.42923	1.0	385	0	0
MLLT3__P1P2	8	0.93873	0.80152	0.947583	822	1	0.11174	0.40423	0.12987	0.53147	233	0	0
LRRC40__P1P2	8	0.93892	0.80233	0.947583	823	2	0.051471	0.5748	0.36489	0.956005	365	0	0
SAP30__P1P2	8	0.93945	0.8039	0.948288	824	1	0.1276	0.45811	0.17122	0.600823	277	0	0
SRGAP2__206636520	8	0.94281	0.8114	0.955973	825	2	0.056272	0.70215	0.56839	1.0	481	0	0
PTPN20A__46640202	8	0.94516	0.81744	0.961928	826	1	0.061911	0.48964	0.22836	0.747361	296	0	0
ACADS__P1P2	8	0.94568	0.81917	0.9628	827	2	0.10036	0.40737	0.13367	0.53147	237	0	0
KLLN__P1P2	8	0.94758	0.82556	0.968047	828	1	0.12627	0.20806	0.00414	0.038693	100	0	0
NOTCH2__120611488	8	0.94776	0.8261	0.968047	829	2	0.082469	0.3354	0.062545	0.335874	179	0	0
ROR1__P1P2	8	0.94807	0.82718	0.968047	830	2	0.10482	0.34458	0.074722	0.384336	184	0	0
BRPF1__P1P2	8	0.94814	0.82762	0.968047	831	1	0.32088	0.07617	0.0041301	0.038693	32	1	0
DMRT3__P1P2	8	0.94935	0.82979	0.968597	832	2	0.0072785	0.62963	0.45864	1.0	415	0	0
ZNF655__P1P2	8	0.94941	0.83008	0.968597	833	2	0.02563	0.67817	0.53133	1.0	458	0	0
ZNF532__P1	8	0.95163	0.83845	0.977189	834	2	0.016228	0.47149	0.18962	0.639974	288	0	0
RNF2__P1P2	8	0.95299	0.84312	0.981454	835	2	0.05261	0.52945	0.28583	0.844473	324	0	0
SSBP3__P1P2	8	0.95641	0.85751	0.996169	836	2	0.052218	0.59842	0.41584	1.0	382	0	0
ATP6AP2__P1P2	8	0.95648	0.85781	0.996169	837	1	0.037408	0.75235	0.66544	1.0	529	0	0
ADAMTS16__P2	8	0.95722	0.86001	0.997301	838	1	0.041796	0.78808	0.72462	1.0	568	0	0
PFDN5__P1P2	8	0.95753	0.86084	0.997301	839	2	-0.047629	0.98271	0.99477	1.0	815	0	0
TCTN1__P1P2	8	0.95836	0.86229	0.997796	840	2	0.16403	0.18212	0.00414	0.038693	81	0	0
FOXK2__P1P2	8	0.95927	0.86659	1.0	841	1	0.13658	0.34629	0.074732	0.384336	186	0	0
BRD2__P1	8	0.95949	0.86777	1.0	842	2	0.05933	0.52258	0.27575	0.832433	317	0	0
FNIP1__P1P2	8	0.95954	0.86777	1.0	843	2	0.069907	0.63955	0.47414	1.0	426	0	0
ING1__P1	8	0.96171	0.87564	1.0	844	2	0.02004	0.80938	0.76011	1.0	587	0	0
PCNXL3__P1P2	8	0.96191	0.87731	1.0	845	2	0.059188	0.61232	0.43747	1.0	397	0	0
NOSIP__P1P2	8	0.96195	0.87732	1.0	846	2	0.11866	0.24369	0.013112	0.095113	127	0	0
ZNF644__P1P2	8	0.96223	0.87896	1.0	847	1	0.10665	0.23589	0.013102	0.095113	117	0	0
GOLGA7B__P1P2	8	0.96229	0.87932	1.0	848	2	0.034073	0.61982	0.4483	1.0	402	0	0
TRIM28__P1P2	8	0.96311	0.88346	1.0	849	1	0.14866	0.27852	0.025606	0.161682	150	0	0
ARHGAP12__P1P2	8	0.96447	0.88757	1.0	850	1	0.23973	0.10728	0.0041301	0.038693	47	0	0
GPR137__P2	8	0.96482	0.89031	1.0	851	1	0.12474	0.28347	0.025616	0.161682	153	0	0
INPPL1__P1P2	8	0.96526	0.89043	1.0	852	1	0.15149	0.40108	0.12986	0.53147	229	0	0
TCF7L1__P1P2	8	0.96659	0.89262	1.0	853	1	0.22984	0.20941	0.00414	0.038693	101	0	0
RFWD2__P1P2	8	0.96904	0.89606	1.0	854	1	0.08962	0.64525	0.48143	1.0	432	0	0
HEXIM1__P1P2	8	0.97129	0.89838	1.0	855	1	0.13018	0.31314	0.046469	0.270526	166	0	0
SHC1__P2	8	0.97195	0.89944	1.0	856	1	0.17182	0.30897	0.042621	0.251078	163	0	0
C19orf43__P1P2	8	0.97267	0.90007	1.0	857	1	0.19605	0.095251	0.0041301	0.038693	42	0	0
MED13__P1P2	8	0.97485	0.90276	1.0	858	1	0.21986	0.13019	0.00414	0.038693	58	0	0
PRAMEF12__ENST00000357726.4	8	0.97713	0.90739	1.0	859	1	0.00037282	0.70641	0.57259	1.0	485	0	0
FAM222B__P1	11	0.97895	0.90349	1.0	860	2	0.07685	0.61022	0.31592	0.903153	393	0	0
SLX1B__29465621	8	0.97944	0.91069	1.0	861	1	0.12117	0.26854	0.021363	0.142222	144	0	0
HIVEP1__P1P2	8	0.98054	0.91289	1.0	862	1	0.08936	0.33308	0.062535	0.335874	176	0	0
FBXL14__P1P2	8	0.98172	0.91476	1.0	863	1	0.10058	0.38129	0.11406	0.510923	214	0	0
ZNRF3__P1P2	8	0.98452	0.92064	1.0	864	1	0.1198	0.23785	0.013102	0.095113	120	0	0
HNRNPUL1__P1P2	11	0.98484	0.92162	1.0	865	2	0.078747	0.38394	0.052118	0.292825	216	0	0
RTKN2__P1P2	8	0.98544	0.9226	1.0	866	1	0.14143	0.49828	0.24602	0.786611	301	0	0
KDM5C__P1P2	8	0.98563	0.92351	1.0	867	1	0.15791	0.17796	0.00414	0.038693	78	0	0
EIF4B__P1P2	8	0.98577	0.92367	1.0	868	1	0.10011	0.4105	0.13723	0.53147	241	0	0
ZDHHC17__P1P2	8	0.9862	0.92483	1.0	869	1	0.11084	0.23132	0.013102	0.095113	113	0	0
TMEM194A__P1P2	8	0.98628	0.92506	1.0	870	1	0.036638	0.65285	0.49625	1.0	439	0	0
ZSCAN10__P1P2	8	0.987	0.92605	1.0	871	1	0.31849	0.14253	0.00414	0.038693	63	0	0
VEZF1__P1P2	8	0.9872	0.92665	1.0	872	1	0.10289	0.38723	0.12186	0.53147	218	0	0
CALU__P1P2	8	0.98749	0.92769	1.0	873	1	0.08299	0.40894	0.13368	0.53147	239	0	0
RUNX1T1__P2	8	0.98774	0.92917	1.0	874	1	0.090709	0.20198	0.00414	0.038693	95	0	0
ZNF462__P1P2	8	0.98834	0.93066	1.0	875	1	0.12373	0.45034	0.16789	0.593444	270	0	0
CREBBP__P1P2	8	0.98896	0.93245	1.0	876	1	0.078776	0.11621	0.0041301	0.038693	51	0	0
DUSP22__292259	8	0.98904	0.93245	1.0	877	1	-0.0054724	0.35139	0.07859	0.397862	189	0	0
RPS4Y1__P1P2	8	0.98975	0.93499	1.0	878	1	0.079045	0.5689	0.36194	0.956005	360	0	0
C6orf62__P1	11	0.99132	0.951	1.0	879	1	0.091214	0.15816	0.0057227	0.052076	68	0	0
ARHGAP21__P1P2	8	0.99163	0.9413	1.0	880	1	0.32622	0.10279	0.0041301	0.038693	44	0	0
MNT__P1P2	8	0.99178	0.94237	1.0	881	1	0.71382	2.3066e-09	4.9462e-06	0.000229	5	5	0
ZNF296__P1P2	8	0.99218	0.94532	1.0	882	1	0.078758	0.45327	0.1679	0.593444	274	0	0
KIAA0247__P1P2	8	0.99219	0.94532	1.0	883	1	0.10774	0.6955	0.56174	1.0	472	0	0
ZNF43__P1	8	0.99245	0.94533	1.0	884	1	0.04024	0.63101	0.45865	1.0	418	0	0
ELK3__P1P2	8	0.99288	0.94677	1.0	885	1	0.13885	0.24239	0.013112	0.095113	125	0	0
IBTK__P1	8	0.99295	0.94696	1.0	886	1	0.10964	0.51167	0.25637	0.798678	310	0	0
SERF1A__70196291	8	0.99297	0.94697	1.0	887	1	0.081018	0.77856	0.71334	1.0	559	0	0
UHMK1__P1P2	8	0.99316	0.94764	1.0	888	1	0.021006	0.56851	0.36193	0.956005	359	0	0
FAM64A__P1P2	8	0.99319	0.94781	1.0	889	1	0.16126	0.39419	0.12574	0.53147	225	0	0
IFT46__P1P2	8	0.99326	0.9486	1.0	890	1	0.09081	0.47479	0.1963	0.657941	290	0	0
DNASE1L1__P1	8	0.99336	0.94954	1.0	891	1	0.055914	0.77523	0.70321	1.0	555	0	0
MARCKS__P1P2	8	0.99379	0.95185	1.0	892	1	0.24143	0.10354	0.0041301	0.038693	45	0	0
RBM15__110881839	8	0.99443	0.95698	1.0	893	1	0.28439	0.052809	0.0041301	0.038693	24	1	0
PTBP3__P1P2	8	0.99456	0.95774	1.0	894	1	0.22324	0.22803	0.013102	0.095113	110	0	0
MAP4K3__P1P2	8	0.99505	0.96095	1.0	895	1	0.24871	0.11473	0.0041301	0.038693	50	0	0
ATP1A1__P1P2	8	0.99509	0.96107	1.0	896	1	0.089889	0.17238	0.00414	0.038693	74	0	0
CSPP1__P1P2	8	0.99534	0.96305	1.0	897	1	0.14271	0.3161	0.050258	0.284073	168	0	0
ZNF121__P1P2	8	0.99552	0.96475	1.0	898	1	0.13104	0.36483	0.10168	0.489266	200	0	0
STRADA__P1P2	8	0.99559	0.96505	1.0	899	1	0.33874	0.13165	0.00414	0.038693	59	0	0
HDAC8__P1P2	8	0.99578	0.96753	1.0	900	1	0.10071	0.53073	0.28584	0.844473	326	0	0
IFT52__P1P2	8	0.99634	0.97189	1.0	901	0	0.14412	0.37475	0.11013	0.510923	207	0	0
SHCBP1__P1P2	8	0.99671	0.97531	1.0	902	0	0.43147	0.0017786	4.9462e-06	0.000229	18	2	0
TICAM2__P2	8	0.99716	0.97961	1.0	903	0	0.17847	0.26665	0.021353	0.142222	142	0	0
VGLL3__P1P2	8	0.99723	0.98014	1.0	904	0	0.11315	0.43299	0.1489	0.550362	259	0	0
WDR37__P1P2	8	0.99752	0.98188	1.0	905	0	0.13526	0.26287	0.017346	0.122178	138	0	0
EXT1__P1P2	8	0.99764	0.98299	1.0	906	0	0.16676	0.20131	0.00414	0.038693	94	0	0
NEUROD1__P1P2	8	0.99775	0.98364	1.0	907	0	0.047277	0.2372	0.013102	0.095113	119	0	0
TRIP12__P1P2	8	0.99785	0.98485	1.0	908	0	0.49113	3.5774e-07	4.9462e-06	0.000229	11	4	0
PICALM__P1P2	8	0.99789	0.98503	1.0	909	0	0.1159	0.437	0.14891	0.550362	263	0	0
PPP1R16B__P1P2	8	0.99799	0.98544	1.0	910	0	0.1216	0.21008	0.00414	0.038693	102	0	0
BAK1__33547269	8	0.99803	0.98579	1.0	911	0	0.054831	0.76496	0.6825	1.0	540	0	0
MED24__P1P2	8	0.99824	0.98761	1.0	912	0	0.16671	0.20739	0.00414	0.038693	99	0	0
ZNF608__P2	8	0.99825	0.98762	1.0	913	0	0.19759	0.092979	0.0041301	0.038693	40	0	0
CBLL1__P1P2	8	0.99829	0.98812	1.0	914	0	0.081709	0.25333	0.013112	0.095113	133	0	0
DOCK2__P1P2	8	0.99867	0.99139	1.0	915	0	0.20079	0.19518	0.00414	0.038693	89	0	0
FZR1__P1P2	8	0.99868	0.99139	1.0	916	0	0.1516	0.27666	0.025606	0.161682	149	0	0
FBXO28__P1P2	8	0.99874	0.9921	1.0	917	0	0.11794	0.42286	0.13724	0.53147	251	0	0
ING5__P1P2	8	0.99877	0.99224	1.0	918	0	0.17458	0.17308	0.00414	0.038693	75	0	0
SPEN__P1P2	8	0.9989	0.99329	1.0	919	0	0.10965	0.30956	0.042621	0.251078	164	0	0
MED23__P1P2	8	0.99897	0.9938	1.0	920	0	0.37316	0.067663	0.0041301	0.038693	29	1	0
PCGF2__P1	8	0.99939	0.99694	1.0	921	0	0.109	0.43349	0.1489	0.550362	260	0	0
CD8B__87088218	8	0.99945	0.99713	1.0	922	0	0.065518	0.50457	0.25305	0.798592	304	0	0
TRIP6__P1P2	8	0.99946	0.99724	1.0	923	0	0.18152	0.1897	0.00414	0.038693	85	0	0
LSM12__P1P2	8	0.99949	0.99738	1.0	924	0	0.11542	0.37091	0.10561	0.498296	203	0	0
RASA2__P1P2	8	0.99953	0.99764	1.0	925	0	0.22478	0.2398	0.013112	0.095113	123	0	0
RALGAPA1__P1P2	8	0.9996	0.99809	1.0	926	0	0.34164	0.083079	0.0041301	0.038693	35	0	0
MED13L__P1P2	8	0.99966	0.99852	1.0	927	0	0.2664	0.086135	0.0041301	0.038693	36	0	0
GMPR2__P1P2	8	0.99972	0.99886	1.0	928	0	0.16973	0.29874	0.038526	0.234105	159	0	0
TTBK2__P1P2	8	0.99973	0.99888	1.0	929	0	0.22394	0.20537	0.00414	0.038693	97	0	0
RNF146__P1P2	8	0.99975	0.99898	1.0	930	0	0.17067	0.34	0.066739	0.35065	182	0	0
RNF126__P1P2	8	0.99977	0.99905	1.0	931	0	0.20906	0.23197	0.013102	0.095113	114	0	0
BTBD9__P1P2	8	0.99981	0.99917	1.0	932	0	0.24672	0.17587	0.00414	0.038693	76	0	0
BCR__P1P2	8	0.99982	0.99921	1.0	933	0	0.19832	0.15259	0.00414	0.038693	66	0	0
DDA1__P1P2	8	0.99984	0.99928	1.0	934	0	0.20713	0.21209	0.00414	0.038693	104	0	0
B4GALT7__P1P2	8	0.99985	0.99932	1.0	935	0	0.27938	0.12653	0.0041301	0.038693	55	0	0
SPECC1L__P1P2	8	0.99986	0.99941	1.0	936	0	0.36235	0.11399	0.0041301	0.038693	49	0	0
GOLGA7__P1P2	8	0.99988	0.99956	1.0	937	0	0.42404	0.0024035	4.9462e-06	0.000229	21	2	0
SUFU__104263513	8	0.99988	0.99957	1.0	938	0	0.60887	2.6025e-09	4.9462e-06	0.000229	6	5	0
TP53BP1__P1	8	0.99992	0.99979	1.0	939	0	0.24272	0.19859	0.00414	0.038693	91	0	0
KAT6A__P1P2	8	0.99993	0.99981	1.0	940	0	0.36207	0.069215	0.0041301	0.038693	30	1	0
KATNA1__P1P2	8	0.99995	0.99987	1.0	941	0	0.21157	0.35926	0.090085	0.440013	196	0	0
TADA2B__P1P2	8	0.99996	0.9999	1.0	942	0	0.46706	1.3975e-05	4.9462e-06	0.000229	15	3	0
IFT172__P1P2	8	0.99997	0.99996	1.0	943	0	0.19606	0.1382	0.00414	0.038693	62	0	0
SND1__P1P2	8	0.99998	0.99996	1.0	944	0	0.27964	0.082314	0.0041301	0.038693	34	0	0
NF2__29999349	8	0.99998	0.99997	1.0	945	0	0.51628	3.7203e-05	4.9462e-06	0.000229	17	3	0
KIFAP3__P1P2	8	0.99998	0.99997	1.0	946	0	0.5223	0.055168	0.0041301	0.038693	27	1	0
DCUN1D3__P1P2	8	0.99999	0.99997	1.0	947	0	0.26806	0.24756	0.013112	0.095113	129	0	0
RBM5__P1P2	8	0.99999	0.99997	1.0	948	0	0.59167	4.3316e-09	4.9462e-06	0.000229	8	5	0
LEO1__P1P2	8	0.99999	0.99997	1.0	949	0	0.26088	0.1835	0.00414	0.038693	82	0	0
TFAP4__P1P2	8	0.99999	0.99997	1.0	950	0	0.43272	0.036949	0.0041301	0.038693	22	1	0
IFT57__P1P2	8	0.99999	0.99998	1.0	951	0	0.21291	0.12946	0.00414	0.038693	57	0	0
KIRREL__P1P2	8	0.99999	0.99998	1.0	952	0	0.31029	0.14398	0.00414	0.038693	64	0	0
ZBTB7B__P1P2	8	1.0	1.0	1.0	953	0	0.50695	2.6741e-05	4.9462e-06	0.000229	16	3	0
ZNF90__P1P2	8	1.0	1.0	1.0	954	0	0.19698	0.42592	0.14106	0.539843	253	0	0
PPM1F__P1P2	8	1.0	1.0	1.0	955	0	0.22797	0.29328	0.034005	0.210589	155	0	0
SGK223__P1P2	8	1.0	1.0	1.0	956	0	0.90805	9.7821e-13	4.9462e-06	0.000229	3	6	0
FOXK1__P1P2	8	1.0	1.0	1.0	957	0	0.35384	0.17028	0.00414	0.038693	73	0	0
CSK__P1P2	8	1.0	1.0	1.0	958	0	0.37081	0.12212	0.0041301	0.038693	53	0	0
AHR__P1P2	11	1.0	1.0	1.0	959	0	0.25903	0.18965	0.0057326	0.052076	84	0	0
KCTD10__P1P2	8	1.0	1.0	1.0	960	0	0.30063	0.19927	0.00414	0.038693	92	0	0
CSNK2A1__P1P2	8	1.0	1.0	1.0	961	0	0.48753	0.0022016	4.9462e-06	0.000229	19	2	0
PTPN14__P1P2	8	1.0	1.0	1.0	962	0	0.39878	0.080014	0.0041301	0.038693	33	0	0
USP28__P1P2	8	1.0	1.0	1.0	963	0	0.63449	1.2879e-09	4.9462e-06	0.000229	4	5	0
TULP3__P2	8	1.0	1.0	1.0	964	0	0.364	0.10952	0.0041301	0.038693	48	0	0
SALL2__P1P2	8	1.0	1.0	1.0	965	0	0.35916	0.053596	0.0041301	0.038693	25	1	0
TP53__P1P2	8	1.0	1.0	1.0	966	0	0.77382	7.8514e-13	4.9462e-06	0.000229	2	6	0
CABIN1__P1P2	8	1.0	1.0	1.0	967	0	0.67537	6.1341e-07	4.9462e-06	0.000229	13	4	0
SOX4__P1	8	1.0	1.0	1.0	968	0	0.62355	6.6657e-07	4.9462e-06	0.000229	14	4	0
CYP51A1__P1P2	8	1.0	1.0	1.0	969	0	0.61165	3.2451e-07	4.9462e-06	0.000229	10	4	0
CTNND1__P1P2	8	1.0	1.0	1.0	970	0	0.63069	4.7279e-07	4.9462e-06	0.000229	12	4	0
MYO9B__P1P2	8	1.0	1.0	1.0	971	0	0.70373	3.8852e-09	4.9462e-06	0.000229	7	5	0
