id	num	neg|score	neg|p-value	neg|fdr	neg|rank	neg|goodsgrna	neg|lfc	pos|score	pos|p-value	pos|fdr	pos|rank	pos|goodsgrna	pos|lfc
PIGY__P1P2	8	8.8548e-12	4.9462e-06	1.8e-05	1	8	-4.6297	1.0	1.0	1.0	971	0	0
NKRF__P1P2	8	1.1001e-10	4.9462e-06	1.8e-05	2	8	-5.231	1.0	1.0	1.0	970	0	0
BTAF1__P1P2	8	1.654e-10	4.9462e-06	1.8e-05	3	7	-4.3812	0.672	0.36502	0.9322	380	0	0
MYSM1__P1P2	8	2.1447e-10	4.9462e-06	1.8e-05	4	8	-3.9553	1.0	1.0	1.0	969	0	0
ANAPC13__P1P2	8	3.8256e-10	4.9462e-06	1.8e-05	5	8	-4.8508	1.0	1.0	1.0	967	0	0
MINOS1-NBL1__P1P2	8	5.6389e-10	4.9462e-06	1.8e-05	6	8	-3.0038	1.0	1.0	1.0	968	0	0
TMEM68__P1P2	8	1.9366e-09	4.9462e-06	1.8e-05	7	7	-4.7008	0.99822	0.99998	1.0	864	0	0
HUS1__P1P2	8	3.8371e-09	4.9462e-06	1.8e-05	8	7	-4.4998	0.99953	1.0	1.0	892	0	0
PRKDC__P1P2	8	4.008e-09	4.9462e-06	1.8e-05	9	7	-3.9527	0.99967	1.0	1.0	901	0	0
MBIP__P1P2	8	5.1869e-09	4.9462e-06	1.8e-05	10	5	-5.889	0.70215	0.43598	1.0	408	0	0
NDUFS8__P1P2	8	5.6377e-09	4.9462e-06	1.8e-05	11	8	-3.7212	1.0	1.0	1.0	958	0	0
PPM1G__P1	8	6.7419e-09	4.9462e-06	1.8e-05	12	8	-3.2258	1.0	1.0	1.0	966	0	0
MLF1IP__P1P2	8	9.3896e-09	4.9462e-06	1.8e-05	13	8	-2.7198	1.0	1.0	1.0	965	0	0
PAN2__P1P2	8	1.1437e-08	4.9462e-06	1.8e-05	14	8	-2.8226	1.0	1.0	1.0	964	0	0
FNBP4__P1P2	8	1.7759e-08	4.9462e-06	1.8e-05	15	8	-4.004	1.0	1.0	1.0	953	0	0
ORC5__P1P2	8	2.322e-08	4.9462e-06	1.8e-05	16	6	-5.3929	0.9755	0.9884	1.0	770	0	0
CDK2__P1P2	8	5.6574e-08	4.9462e-06	1.8e-05	17	8	-3.0128	1.0	1.0	1.0	963	0	0
CEP63__P1P2	8	5.9057e-08	4.9462e-06	1.8e-05	18	7	-5.0646	0.99916	1.0	1.0	883	0	0
BUB1__P1P2	8	1.0833e-07	4.9462e-06	1.8e-05	19	8	-3.5305	1.0	1.0	1.0	960	0	0
DROSHA__31531421	8	1.223e-07	4.9462e-06	1.8e-05	20	7	-4.6881	0.9932	0.99906	1.0	826	0	0
WDR89__P1P2	8	1.4815e-07	4.9462e-06	1.8e-05	21	7	-4.3395	0.7579	0.59095	1.0	461	0	0
SAE1__P1P2	8	3.1853e-07	4.9462e-06	1.8e-05	22	7	-3.7027	0.96246	0.97375	1.0	747	0	0
MAD2L1BP__P1P2	8	3.4651e-07	4.9462e-06	1.8e-05	23	8	-3.2789	1.0	1.0	1.0	962	0	0
SPTLC2__P1P2	8	4.5435e-07	4.9462e-06	1.8e-05	24	8	-2.2801	1.0	1.0	1.0	961	0	0
RPL34__P1P2	8	5.76e-07	4.9462e-06	1.8e-05	25	8	-2.855	1.0	1.0	1.0	959	0	0
METTL15__P2	8	7.4295e-07	4.9462e-06	1.8e-05	26	8	-2.7376	1.0	1.0	1.0	957	0	0
RNF8__P1P2	8	7.8583e-07	4.9462e-06	1.8e-05	27	8	-3.2409	1.0	1.0	1.0	955	0	0
CYLD__P1P2	8	8.493e-07	4.9462e-06	1.8e-05	28	8	-3.0876	1.0	1.0	1.0	956	0	0
CENPF__P1P2	8	8.6818e-07	4.9462e-06	1.8e-05	29	7	-3.6653	0.99997	1.0	1.0	933	0	0
SMARCC1__P1P2	8	8.8859e-07	4.9462e-06	1.8e-05	30	7	-3.655	0.99324	0.99907	1.0	827	0	0
ANKRD49__P1P2	8	9.8512e-07	4.9462e-06	1.8e-05	31	7	-3.5001	0.5286	0.12601	0.45365	266	1	0.4304
DDX10__P1P2	8	1.0642e-06	4.9462e-06	1.8e-05	32	7	-4.5405	0.99965	1.0	1.0	900	0	0
TSPYL1__P1P2	8	1.2079e-06	4.9462e-06	1.8e-05	33	8	-1.1976	1.0	1.0	1.0	954	0	0
VWA9__P1P2	8	1.3895e-06	4.9462e-06	1.8e-05	34	6	-4.1773	0.81643	0.71722	1.0	527	0	0
ILK__P1P2	8	1.4212e-06	4.9462e-06	1.8e-05	35	7	-3.7986	0.95932	0.97018	1.0	740	0	0
KIF18B__P1P2	8	1.426e-06	4.9462e-06	1.8e-05	36	8	-1.5462	1.0	1.0	1.0	952	0	0
RPS14__P1P2	8	1.4451e-06	4.9462e-06	1.8e-05	37	8	-3.5189	1.0	1.0	1.0	951	0	0
KIAA0020__P1	8	1.9143e-06	4.9462e-06	1.8e-05	38	7	-3.5322	0.99376	0.99925	1.0	829	0	0
RAD9A__P1P2	8	2.0019e-06	4.9462e-06	1.8e-05	39	6	-4.13	0.96932	0.98279	1.0	756	0	0
C1QTNF9B-AS1__P1P2	8	2.0736e-06	4.9462e-06	1.8e-05	40	7	-3.8953	0.85149	0.80078	1.0	575	0	0
DCP2__P1P2	8	2.197e-06	4.9462e-06	1.8e-05	41	8	-1.9631	1.0	1.0	1.0	950	0	0
TLN1__P1P2	8	2.3395e-06	4.9462e-06	1.8e-05	42	8	-1.3534	1.0	1.0	1.0	949	0	0
UBE2C__P1P2	8	2.9286e-06	4.9462e-06	1.8e-05	43	7	-4.1298	0.93491	0.93836	1.0	698	0	0
HES1__P1P2	8	3.5563e-06	4.9462e-06	1.8e-05	44	8	-1.1127	1.0	1.0	1.0	948	0	0
UBA3__P1P2	8	3.7345e-06	4.9462e-06	1.8e-05	45	7	-3.3841	0.8279	0.74503	1.0	540	0	0
AATF__P1P2	8	3.7584e-06	4.9462e-06	1.8e-05	46	8	-3.0815	1.0	1.0	1.0	947	0	0
UBE2S__P1P2	8	3.986e-06	4.9462e-06	1.8e-05	47	8	-1.9121	1.0	1.0	1.0	946	0	0
NDUFAF6__P1P2	8	4.0449e-06	4.9462e-06	1.8e-05	48	7	-3.0989	0.99992	1.0	1.0	921	0	0
TRIM24__P1P2	8	4.3448e-06	4.9462e-06	1.8e-05	49	8	-1.7024	0.99999	1.0	1.0	944	0	0
GPI__P1P2	8	4.6351e-06	4.9462e-06	1.8e-05	50	8	-1.0984	1.0	1.0	1.0	945	0	0
PPP2R5C__P1P2	8	4.6383e-06	4.9462e-06	1.8e-05	51	7	-1.8013	0.99672	0.99986	1.0	849	0	0
MUT__P1P2	11	4.948e-06	4.9462e-06	1.8e-05	52	8	-2.0005	0.99123	0.99542	1.0	812	0	0
INO80C__P1P2	8	5.5048e-06	4.9462e-06	1.8e-05	53	7	-2.3598	0.99698	0.99991	1.0	854	0	0
AUNIP__P1P2	8	5.6222e-06	4.9462e-06	1.8e-05	54	7	-2.9272	0.84772	0.79045	1.0	566	0	0
DUSP12__P1P2	8	5.7153e-06	4.9462e-06	1.8e-05	55	6	-3.6468	0.99643	0.99983	1.0	846	0	0
COL4A3BP__P1P2	8	5.9018e-06	4.9462e-06	1.8e-05	56	8	-1.8219	0.99999	1.0	1.0	943	0	0
PDS5B__P1P2	8	6.4258e-06	4.9462e-06	1.8e-05	57	8	-0.88626	0.99999	1.0	1.0	942	0	0
COG6__P1P2	8	6.7237e-06	4.9462e-06	1.8e-05	58	6	-3.6881	0.8037	0.68691	1.0	511	0	0
LIMS1__P1P2	8	6.9901e-06	4.9462e-06	1.8e-05	59	8	-2.6089	0.99999	1.0	1.0	941	0	0
RPS13__P1P2	8	7.9605e-06	4.9462e-06	1.8e-05	60	8	-3.3875	0.99999	1.0	1.0	940	0	0
SEC62__P1P2	8	9.2724e-06	4.9462e-06	1.8e-05	61	8	-2.1216	0.99999	1.0	1.0	939	0	0
MDM4__P1P2	8	9.8489e-06	4.9462e-06	1.8e-05	62	7	-3.0396	0.99686	0.99987	1.0	851	0	0
ANKRD17__P1P2	8	9.9792e-06	4.9462e-06	1.8e-05	63	8	-1.4084	0.99999	1.0	1.0	938	0	0
FECH__P1P2	8	1.0427e-05	4.9462e-06	1.8e-05	64	7	-2.9456	0.99833	0.99998	1.0	866	0	0
MON2__P1P2	8	1.0895e-05	4.9462e-06	1.8e-05	65	7	-2.1877	0.99926	1.0	1.0	887	0	0
DBF4__P1P2	8	1.0948e-05	4.9462e-06	1.8e-05	66	7	-3.0557	0.65383	0.32308	0.848766	365	0	0
FDX1__P1P2	8	1.2058e-05	4.9462e-06	1.8e-05	67	8	-1.0361	0.99999	1.0	1.0	937	0	0
NRF1__P1P2	8	1.2148e-05	4.9462e-06	1.8e-05	68	5	-4.1235	0.12926	0.0044268	0.025461	169	2	0.61401
ZAR1L__P1P2	8	1.3486e-05	4.9462e-06	1.8e-05	69	6	-3.942	0.7081	0.45692	1.0	411	0	0
C1D__P1P2	8	1.3648e-05	4.9462e-06	1.8e-05	70	7	-3.0973	0.99976	1.0	1.0	906	0	0
RNF168__P1P2	8	1.4095e-05	4.9462e-06	1.8e-05	71	7	-2.5348	0.99692	0.9999	1.0	853	0	0
EAF1__P1P2	8	1.9979e-05	4.9462e-06	1.8e-05	72	7	-2.5759	0.99183	0.9987	1.0	816	0	0
MKI67__P1P2	8	2.1476e-05	4.9462e-06	1.8e-05	73	8	-2.1681	0.99998	1.0	1.0	936	0	0
UQCRC2__P1P2	11	2.2302e-05	4.9462e-06	1.8e-05	74	9	-2.6243	0.9354	0.90691	1.0	699	0	0
MDM2__P1P2	8	2.2355e-05	4.9462e-06	1.8e-05	75	7	-3.0717	0.68304	0.38732	0.965323	389	0	0
NEK2__P1P2	8	2.2838e-05	4.9462e-06	1.8e-05	76	7	-1.7747	0.99953	1.0	1.0	893	0	0
CDC26__P1P2	8	2.3499e-05	4.9462e-06	1.8e-05	77	5	-4.6496	0.99568	0.99968	1.0	837	0	0
RBM34__P1P2	8	2.4178e-05	4.9462e-06	1.8e-05	78	6	-3.4721	0.99353	0.99913	1.0	828	0	0
BRMS1__P1P2	8	2.4861e-05	4.9462e-06	1.8e-05	79	7	-1.9879	0.96978	0.98322	1.0	758	0	0
ZRSR2__P1P2	8	2.5716e-05	4.9462e-06	1.8e-05	80	6	-3.0285	0.82755	0.74502	1.0	539	0	0
NRBP1__P1P2	8	2.7404e-05	4.9462e-06	1.8e-05	81	6	-4.0444	0.77162	0.61933	1.0	476	0	0
LIAS__P1P2	8	2.7527e-05	4.9462e-06	1.8e-05	82	6	-3.1885	0.96526	0.97822	1.0	751	0	0
EMC1__P1P2	8	2.917e-05	4.9462e-06	1.8e-05	83	6	-3.476	0.67848	0.38185	0.964048	384	0	0
SETDB1__P1P2	8	3.3453e-05	4.9462e-06	1.8e-05	84	7	-2.172	0.99997	1.0	1.0	931	0	0
TAF11__P1P2	8	3.5105e-05	4.9462e-06	1.8e-05	85	7	-2.6304	0.93692	0.94096	1.0	703	0	0
CHTF18__P1P2	8	3.668e-05	4.9462e-06	1.8e-05	86	7	-2.7314	0.99887	1.0	1.0	875	0	0
PALB2__P1P2	8	4.1254e-05	4.9462e-06	1.8e-05	87	7	-2.4672	0.82737	0.74502	1.0	538	0	0
NABP2__P1	8	4.2844e-05	4.9462e-06	1.8e-05	88	7	-2.4417	0.97877	0.99105	1.0	780	0	0
ZFC3H1__P1P2	8	4.4444e-05	4.9462e-06	1.8e-05	89	7	-2.0293	0.97722	0.98987	1.0	776	0	0
PARL__P1P2	8	4.8175e-05	4.9462e-06	1.8e-05	90	7	-1.3159	0.99997	1.0	1.0	932	0	0
NAA15__P1P2	8	4.8502e-05	4.9462e-06	1.8e-05	91	6	-3.1222	0.85954	0.81387	1.0	587	0	0
DNAJC2__P1P2	8	4.9976e-05	4.9462e-06	1.8e-05	92	6	-3.6324	0.9993	1.0	1.0	888	0	0
RPL9__P1P2	8	5.3964e-05	4.9462e-06	1.8e-05	93	7	-2.863	0.99526	0.99959	1.0	834	0	0
DNMT1__P1P2	8	6.0068e-05	4.9462e-06	1.8e-05	94	4	-5.1528	0.74471	0.55649	1.0	445	0	0
H2AFZ__P1P2	8	6.011e-05	4.9462e-06	1.8e-05	95	7	-2.7358	0.99923	1.0	1.0	886	0	0
BMS1__P1P2	8	6.046e-05	4.9462e-06	1.8e-05	96	6	-3.5178	0.61088	0.25244	0.766782	319	1	0.33373
BRAP__P1P2	8	6.5194e-05	4.9462e-06	1.8e-05	97	6	-3.0366	0.97298	0.98611	1.0	762	0	0
CSDE1__P1P2	8	6.7082e-05	4.9462e-06	1.8e-05	98	7	-1.1587	0.9688	0.9823	1.0	755	0	0
PDSS1__P1P2	11	7.1226e-05	4.9462e-06	1.8e-05	99	9	-2.0511	0.99604	0.9992	1.0	841	0	0
MOSPD2__P1P2	8	7.4856e-05	4.9462e-06	1.8e-05	100	6	-3.7714	0.95033	0.95981	1.0	724	0	0
CMC1__P1P2	8	8.3684e-05	4.9462e-06	1.8e-05	101	7	-1.3534	0.9962	0.99979	1.0	844	0	0
NXT1__P1P2	8	8.7686e-05	4.9462e-06	1.8e-05	102	7	-2.6823	0.99947	1.0	1.0	890	0	0
MTF1__P1P2	8	9.8143e-05	4.9462e-06	1.8e-05	103	7	-1.7309	0.9568	0.96693	1.0	736	0	0
PIGB__P1P2	8	0.00010018	4.9462e-06	1.8e-05	104	7	-1.0769	0.98829	0.99726	1.0	803	0	0
SMN2__69345238	8	0.00010189	4.9462e-06	1.8e-05	105	5	-4.6138	0.97508	0.98786	1.0	769	0	0
EXOC5__P1P2	8	0.00010294	4.9462e-06	1.8e-05	106	7	-1.9729	0.8564	0.81186	1.0	580	0	0
C7orf26__P1P2	8	0.00011201	4.9462e-06	1.8e-05	107	7	-3.2366	0.99995	1.0	1.0	926	0	0
PRPF40A__P1P2	8	0.00011774	4.9462e-06	1.8e-05	108	6	-3.1196	0.99986	1.0	1.0	913	0	0
RPL36A__P1P2	8	0.00011855	4.9462e-06	1.8e-05	109	7	-2.6504	0.99996	1.0	1.0	929	0	0
NSDHL__P1P2	8	0.00012699	4.9462e-06	1.8e-05	110	6	-2.7428	0.95116	0.96108	1.0	727	0	0
CHEK1__P1P2	8	0.00012857	4.9462e-06	1.8e-05	111	5	-3.3968	0.016671	0.00020279	0.001505	131	3	0.61016
HMGCS1__P1P2	8	0.00013985	4.9462e-06	1.8e-05	112	6	-1.9935	0.92423	0.92458	1.0	689	0	0
STAG2__P1	8	0.00014107	4.9462e-06	1.8e-05	113	6	-2.5108	0.98798	0.99717	1.0	801	0	0
ZC3H4__P1	8	0.00014336	4.9462e-06	1.8e-05	114	7	-1.258	0.99996	1.0	1.0	930	0	0
POLR1B__P1P2	8	0.0001473	4.9462e-06	1.8e-05	115	6	-3.9954	0.96283	0.97431	1.0	748	0	0
FKBPL__P1P2	8	0.00015142	4.9462e-06	1.8e-05	116	7	-2.0097	0.99956	1.0	1.0	894	0	0
PMVK__P1P2	8	0.00015484	4.9462e-06	1.8e-05	117	7	-1.8705	0.99995	1.0	1.0	925	0	0
CNOT3__P1P2	8	0.00015795	4.9462e-06	1.8e-05	118	6	-2.5605	0.98781	0.99711	1.0	800	0	0
HMBS__P1	8	0.00015891	4.9462e-06	1.8e-05	119	5	-3.5375	0.82433	0.73957	1.0	534	0	0
CPNE1__P1P2	8	0.00016086	4.9462e-06	1.8e-05	120	6	-3.0336	0.95469	0.9652	1.0	731	0	0
TM9SF2__P1P2	8	0.00016316	4.9462e-06	1.8e-05	121	6	-1.7974	0.98359	0.99487	1.0	788	0	0
CABIN1__P1P2	8	0.00018992	4.9462e-06	1.8e-05	122	7	-1.0696	0.99998	1.0	1.0	935	0	0
DUSP11__P1P2	8	0.0001905	4.9462e-06	1.8e-05	123	7	-1.5035	0.9992	1.0	1.0	884	0	0
ANKRA2__P1P2	8	0.00020031	4.9462e-06	1.8e-05	124	6	-2.6972	0.99737	0.99993	1.0	859	0	0
GTF2H2__ENST00000274400.5_ENST00000330280.7	8	0.00020963	4.9462e-06	1.8e-05	125	5	-3.738	0.91515	0.91039	1.0	675	0	0
CCNC__P1P2	8	0.00021143	4.9462e-06	1.8e-05	126	7	-0.88154	0.63204	0.29523	0.839083	338	0	0
ATF7IP__P1	8	0.00021671	4.9462e-06	1.8e-05	127	6	-1.8923	0.9995	1.0	1.0	891	0	0
ESRP1__P1P2	8	0.00021729	4.9462e-06	1.8e-05	128	7	-1.011	0.81829	0.72169	1.0	529	0	0
INTS10__P1P2	8	0.0002284	4.9462e-06	1.8e-05	129	5	-3.1006	0.97977	0.99206	1.0	783	0	0
U2SURP__P1P2	8	0.00023373	4.9462e-06	1.8e-05	130	6	-3.7687	0.97882	0.99115	1.0	781	0	0
TRAPPC13__P1P2	8	0.00023994	4.9462e-06	1.8e-05	131	7	-1.0904	0.79104	0.65987	1.0	500	0	0
CCDC130__P1	8	0.0002445	4.9462e-06	1.8e-05	132	7	-2.429	0.8831	0.85117	1.0	623	0	0
PPP1R10__P1P2	8	0.000263	4.9462e-06	1.8e-05	133	7	-1.3485	0.99994	1.0	1.0	923	0	0
IPO7__P1P2	8	0.00027104	4.9462e-06	1.8e-05	134	6	-2.885	0.99988	1.0	1.0	914	0	0
CTDSPL2__P1P2	8	0.00027394	4.9462e-06	1.8e-05	135	6	-3.0102	0.99574	0.9997	1.0	839	0	0
DCLRE1B__P1P2	8	0.00027401	4.9462e-06	1.8e-05	136	7	-2.0561	0.99897	1.0	1.0	878	0	0
DCAF4__P1P2	8	0.00030725	4.9462e-06	1.8e-05	137	6	-1.6706	0.42744	0.068094	0.279313	235	1	0.58679
TRIP13__P1P2	8	0.00031622	4.9462e-06	1.8e-05	138	5	-4.2381	0.83874	0.7682	1.0	555	0	0
SPAG9__P1P2	8	0.00033796	4.9462e-06	1.8e-05	139	7	-1.334	0.9999	1.0	1.0	919	0	0
NPLOC4__P1P2	8	0.00035853	4.9462e-06	1.8e-05	140	7	-2.2851	0.96094	0.97177	1.0	745	0	0
UHRF1__P1P2	8	0.00037648	4.9462e-06	1.8e-05	141	7	-2.5335	0.99971	1.0	1.0	903	0	0
WDR48__P1P2	8	0.00038451	4.9462e-06	1.8e-05	142	6	-2.3876	0.93758	0.94177	1.0	705	0	0
DICER1__P1P2	8	0.00038604	4.9462e-06	1.8e-05	143	6	-2.0449	0.99075	0.9984	1.0	809	0	0
DET1__P1P2	8	0.00039735	4.9462e-06	1.8e-05	144	7	-1.1709	0.99298	0.99903	1.0	825	0	0
GTF3C4__P1P2	8	0.00040373	4.9462e-06	1.8e-05	145	6	-2.8231	0.91166	0.90458	1.0	670	0	0
MMAB__P1P2	8	0.00041634	4.9462e-06	1.8e-05	146	7	-0.84206	0.99194	0.99874	1.0	817	0	0
USP1__P1P2	8	0.00042206	4.9462e-06	1.8e-05	147	7	-1.6072	0.99975	1.0	1.0	905	0	0
ZNF121__P1P2	8	0.00042903	4.9462e-06	1.8e-05	148	7	-0.63391	0.79847	0.67416	1.0	505	0	0
DOCK1__P1P2	8	0.0004349	4.9462e-06	1.8e-05	149	7	-1.4836	0.87206	0.83464	1.0	608	0	0
NUTF2__P1P2	8	0.00047159	4.9462e-06	1.8e-05	150	7	-2.8661	0.99138	0.99863	1.0	815	0	0
TGFBR2__P1P2	8	0.00049352	4.9462e-06	1.8e-05	151	7	-1.0673	0.37803	0.061486	0.261022	229	1	0.64891
ACTR8__P1P2	8	0.00049946	4.9462e-06	1.8e-05	152	6	-2.9722	0.99725	0.99993	1.0	856	0	0
CCNE1__P1P2	8	0.00050146	4.9462e-06	1.8e-05	153	7	-0.96717	0.99735	0.99993	1.0	858	0	0
LUZP1__P1P2	8	0.00050681	4.9462e-06	1.8e-05	154	7	-0.91854	0.9987	0.99999	1.0	871	0	0
USP42__P1P2	8	0.00051357	4.9462e-06	1.8e-05	155	7	-0.98415	0.83452	0.76216	1.0	549	0	0
MEX3A__P1P2	8	0.00052041	4.9462e-06	1.8e-05	156	7	-1.5779	0.99997	1.0	1.0	934	0	0
FGD1__P1P2	8	0.00052133	4.9462e-06	1.8e-05	157	6	-1.1725	0.99921	1.0	1.0	885	0	0
C8orf59__P1P2	8	0.00054082	4.9462e-06	1.8e-05	158	6	-2.2193	0.99977	1.0	1.0	907	0	0
CWC27__P1P2	8	0.00056911	4.9462e-06	1.8e-05	159	6	-1.2372	0.99684	0.99987	1.0	850	0	0
MRRF__P1P2	8	0.00060094	4.9462e-06	1.8e-05	160	6	-2.373	0.9991	1.0	1.0	882	0	0
SIN3B__P1P2	8	0.00062022	4.9462e-06	1.8e-05	161	6	-2.3087	0.99801	0.99997	1.0	861	0	0
NAE1__P1P2	8	0.00070635	4.9462e-06	1.8e-05	162	4	-3.2611	0.75429	0.58906	1.0	453	0	0
PAN3__P1P2	8	0.00083002	4.9462e-06	1.8e-05	163	6	-1.7515	0.98257	0.99435	1.0	786	0	0
NEDD8-MDP1__P1P2	8	0.0008347	4.9462e-06	1.8e-05	164	4	-3.5196	0.90628	0.89517	1.0	660	0	0
AEN__P1P2	8	0.00087487	4.9462e-06	1.8e-05	165	6	-1.3076	0.98651	0.99659	1.0	796	0	0
RRNAD1__P1P2	8	0.0009285	4.9462e-06	1.8e-05	166	6	-3.2275	0.93845	0.94355	1.0	707	0	0
UBR5__P1P2	8	0.00093669	4.9462e-06	1.8e-05	167	5	-2.6222	0.87055	0.83223	1.0	606	0	0
CENPQ__P1P2	11	0.0011057	4.9462e-06	1.8e-05	168	8	-1.0174	0.95248	0.93693	1.0	729	0	0
FLII__18161284	8	0.0011979	4.9462e-06	1.8e-05	169	5	-2.3493	0.6522	0.32308	0.848766	362	0	0
NUP188__P1P2	8	0.0012043	4.9462e-06	1.8e-05	170	6	-1.4475	0.37749	0.061486	0.261022	228	1	0.61831
RPL14__P1P2	8	0.0012259	4.9462e-06	1.8e-05	171	6	-2.953	0.67541	0.37918	0.962304	381	0	0
ABHD16A__P1P2	8	0.001236	4.9462e-06	1.8e-05	172	6	-1.927	0.99985	1.0	1.0	911	0	0
MIEF1__P1P2	8	0.0012376	4.9462e-06	1.8e-05	173	5	-3.0112	0.77567	0.62671	1.0	483	0	0
SLTM__P1P2	8	0.0012903	4.9462e-06	1.8e-05	174	6	-1.3547	0.98637	0.99651	1.0	795	0	0
PPP4R2__P1P2	8	0.0013969	4.9462e-06	1.8e-05	175	6	-1.9828	0.99988	1.0	1.0	916	0	0
PTK2__P1P2	8	0.0014367	4.9462e-06	1.8e-05	176	6	-2.1423	0.99961	1.0	1.0	899	0	0
TIMM17B__P1P2	8	0.0014814	4.9462e-06	1.8e-05	177	6	-1.4642	0.99968	1.0	1.0	902	0	0
ENY2__P1P2	8	0.0014849	4.9462e-06	1.8e-05	178	4	-3.5532	0.94548	0.95231	1.0	718	0	0
DCPS__P1P2	8	0.0016583	4.9462e-06	1.8e-05	179	6	-1.9927	0.73246	0.52319	1.0	432	0	0
TINF2__P1P2	8	0.0017099	4.9462e-06	1.8e-05	180	6	-2.6893	0.66856	0.35959	0.922252	377	0	0
CDK4__P1P2	8	0.0017505	4.9462e-06	1.8e-05	181	6	-1.2819	0.98456	0.99531	1.0	791	0	0
BCKDHA__P1	8	0.0020146	4.9462e-06	1.8e-05	182	5	-2.6951	0.99455	0.99947	1.0	830	0	0
PARN__P1P2	11	0.0020292	4.9462e-06	1.8e-05	183	6	-2.4274	0.9485	0.93008	1.0	722	0	0
RAD51AP1__P1P2	8	0.002036	4.9462e-06	1.8e-05	184	6	-1.046	0.96438	0.97675	1.0	750	0	0
KAT2A__P1P2	8	0.0021057	4.9462e-06	1.8e-05	185	5	-2.7207	0.88221	0.8505	1.0	621	0	0
ZCCHC8__P1P2	8	0.0021706	4.9462e-06	1.8e-05	186	5	-1.6749	0.90172	0.88715	1.0	654	0	0
USMG5__P1P2	8	0.0022821	4.9462e-06	1.8e-05	187	5	-2.7104	0.90711	0.89579	1.0	662	0	0
FAR1__P1P2	8	0.0023577	4.9462e-06	1.8e-05	188	6	-0.81536	0.98774	0.99711	1.0	799	0	0
ASUN__P1P2	8	0.0023865	4.9462e-06	1.8e-05	189	5	-3.0335	0.86233	0.81669	1.0	591	0	0
TBC1D31__P1P2	8	0.0023878	4.9462e-06	1.8e-05	190	6	-0.8288	0.64725	0.31378	0.848766	358	0	0
MDC1__P1P2	8	0.0024182	4.9462e-06	1.8e-05	191	6	-0.93422	0.53666	0.12928	0.460288	272	1	0.41323
MCTS1__P1P2	8	0.0024985	4.9462e-06	1.8e-05	192	6	-0.93031	0.86721	0.82554	1.0	598	0	0
ATPAF2__P1P2	8	0.002601	4.9462e-06	1.8e-05	193	5	-2.6183	0.55568	0.15764	0.545288	279	1	0.37571
CFDP1__P1	8	0.0026678	4.9462e-06	1.8e-05	194	4	-3.5366	0.75574	0.58907	1.0	456	0	0
CCDC12__P1	8	0.0026839	4.9462e-06	1.8e-05	195	5	-3.2069	0.88841	0.85661	1.0	632	0	0
RAB1A__P1P2	8	0.0027729	4.9462e-06	1.8e-05	196	6	-1.1077	0.52215	0.1227	0.45365	262	1	0.41421
DNAJC3__P1P2	8	0.0028278	4.9462e-06	1.8e-05	197	6	-0.78516	0.99995	1.0	1.0	928	0	0
CMC2__P1P2	8	0.0028841	4.9462e-06	1.8e-05	198	5	-2.8389	0.72747	0.51622	1.0	426	0	0
ATRIP__P1P2	8	0.0028856	4.9462e-06	1.8e-05	199	1	-5.4932	0.020753	0.00021269	0.001566	132	3	0.59956
HSPA14__P1P2	8	0.0029618	4.9462e-06	1.8e-05	200	5	-2.9375	0.62789	0.28851	0.839083	332	0	0
ARHGAP4__P1	8	0.0029905	4.9462e-06	1.8e-05	201	6	-2.2585	0.40737	0.061496	0.261022	231	1	0.62318
GPR89A__ENST00000313835.9	8	0.0030024	4.9462e-06	1.8e-05	202	4	-3.1218	0.95706	0.96716	1.0	737	0	0
KAT5__P1P2	8	0.0030177	4.9462e-06	1.8e-05	203	5	-2.2666	0.74093	0.54563	1.0	442	0	0
POLE4__P1P2	8	0.0030709	4.9462e-06	1.8e-05	204	6	-1.2156	0.99296	0.99903	1.0	824	0	0
CEP128__P1P2	8	0.0031454	4.9462e-06	1.8e-05	205	6	-0.71604	0.99988	1.0	1.0	915	0	0
RPS8__P1P2	8	0.0031833	4.9462e-06	1.8e-05	206	6	-2.3671	0.97629	0.98904	1.0	773	0	0
UNC45A__P1	8	0.0032194	4.9462e-06	1.8e-05	207	5	-2.4544	0.97816	0.99067	1.0	778	0	0
CHCHD3__P1P2	8	0.0032689	4.9462e-06	1.8e-05	208	5	-1.834	0.99799	0.99997	1.0	860	0	0
NPM1__P1P2	8	0.0032755	4.9462e-06	1.8e-05	209	6	-2.2322	0.95151	0.96109	1.0	728	0	0
XKR8__P1P2	8	0.0033699	4.9462e-06	1.8e-05	210	6	-0.76833	0.99993	1.0	1.0	922	0	0
SREK1IP1__P1P2	8	0.0033858	4.9462e-06	1.8e-05	211	6	-0.95031	0.97385	0.98694	1.0	763	0	0
C14orf169__P1P2	8	0.0034179	4.9462e-06	1.8e-05	212	6	-0.83341	0.98563	0.99614	1.0	793	0	0
TAF9__P1P2	8	0.0035402	4.9462e-06	1.8e-05	213	6	-2.2513	0.93945	0.9452	1.0	711	0	0
PPIL1__P1P2	8	0.0036575	4.9462e-06	1.8e-05	214	6	-2.2267	0.90096	0.88536	1.0	652	0	0
TIMM10__P1P2	8	0.0036747	4.9462e-06	1.8e-05	215	4	-3.1624	0.87028	0.83223	1.0	605	0	0
RBPMS2__P1P2	8	0.0037087	4.9462e-06	1.8e-05	216	6	-0.72689	0.99521	0.99958	1.0	833	0	0
ZC3H7A__P1P2	8	0.0037519	4.9462e-06	1.8e-05	217	6	-0.85906	0.49738	0.093884	0.357862	254	1	0.48534
HELLS__P1P2	8	0.0037605	4.9462e-06	1.8e-05	218	6	-0.98319	0.99994	1.0	1.0	924	0	0
UBE2G2__P1P2	8	0.0037954	4.9462e-06	1.8e-05	219	6	-0.82078	0.9911	0.99849	1.0	810	0	0
KDM5A__P1P2	8	0.0038747	4.9462e-06	1.8e-05	220	6	-0.92789	0.99901	1.0	1.0	880	0	0
FAM122A__P1P2	8	0.0039009	4.9462e-06	1.8e-05	221	4	-2.2242	0.8582	0.81386	1.0	583	0	0
PHF6__P1P2	8	0.0039283	4.9462e-06	1.8e-05	222	6	-0.93878	0.99979	1.0	1.0	909	0	0
ARID1A__P1P2	8	0.0040373	4.9462e-06	1.8e-05	223	6	-0.92844	0.91037	0.90241	1.0	667	0	0
SAP30__P1P2	8	0.0040649	4.9462e-06	1.8e-05	224	6	-1.3449	0.9912	0.99854	1.0	811	0	0
PPP2CA__P1P2	8	0.0043356	4.9462e-06	1.8e-05	225	5	-2.7499	0.99042	0.99827	1.0	808	0	0
SMARCAL1__P1P2	8	0.0043398	4.9462e-06	1.8e-05	226	6	-1.4613	0.99825	0.99998	1.0	865	0	0
HMGCR__P1P2	8	0.0043495	4.9462e-06	1.8e-05	227	6	-1.4138	0.99569	0.99969	1.0	838	0	0
CSTF2__P1P2	8	0.0046291	4.9462e-06	1.8e-05	228	6	-0.57031	0.99611	0.99979	1.0	843	0	0
CCS__P1P2	8	0.0046702	4.9462e-06	1.8e-05	229	6	-0.78382	0.99986	1.0	1.0	912	0	0
FDXR__P1P2	11	0.0046774	4.9462e-06	1.8e-05	230	6	-2.4925	0.93925	0.91564	1.0	710	0	0
CENPL__P1P2	8	0.0047347	4.9462e-06	1.8e-05	231	4	-3.3711	0.55609	0.15764	0.545288	280	1	0.3938
NDC1__P1P2	8	0.0048269	4.9462e-06	1.8e-05	232	6	-1.3142	0.91352	0.90833	1.0	673	0	0
MAPRE1__P1P2	8	0.0048827	4.9462e-06	1.8e-05	233	4	-2.9914	0.91723	0.91397	1.0	677	0	0
PFDN4__P1P2	8	0.0051017	4.9462e-06	1.8e-05	234	3	-4.3048	0.6341	0.29843	0.845691	342	0	0
UBE2O__P1P2	8	0.0051193	4.9462e-06	1.8e-05	235	6	-0.64825	0.89235	0.86708	1.0	638	0	0
PPME1__P1P2	8	0.0051526	4.9462e-06	1.8e-05	236	6	-1.2173	0.95626	0.96676	1.0	733	0	0
MSI1__P1P2	8	0.0052537	4.9462e-06	1.8e-05	237	6	-0.9041	0.95081	0.96049	1.0	726	0	0
AK2__P1P2	8	0.0053105	4.9462e-06	1.8e-05	238	6	-0.54554	0.99907	1.0	1.0	881	0	0
PCGF1__P1P2	8	0.0054024	4.9462e-06	1.8e-05	239	6	-1.2788	0.99989	1.0	1.0	917	0	0
RIF1__P1P2	8	0.0063385	4.9462e-06	1.8e-05	240	5	-2.6392	0.62928	0.29164	0.839083	333	0	0
MGEA5__P1P2	8	0.0064347	4.9462e-06	1.8e-05	241	5	-2.4109	0.99864	0.99998	1.0	870	0	0
IPO5__P1P2	8	0.0074374	4.9462e-06	1.8e-05	242	4	-2.9181	0.90312	0.88829	1.0	655	0	0
GTF3C2__P1P2	8	0.0078048	4.9462e-06	1.8e-05	243	2	-4.6709	0.63853	0.31076	0.84614	347	0	0
TAF6__P1P2	8	0.0079039	4.9462e-06	1.8e-05	244	5	-2.5195	0.92611	0.92725	1.0	690	0	0
XRCC1__P1P2	11	0.0086034	4.9462e-06	1.8e-05	245	7	-2.0302	0.97506	0.97834	1.0	768	0	0
DHRSX__P1P2	8	0.0087047	4.9462e-06	1.8e-05	246	5	-1.6922	0.65416	0.32308	0.848766	366	0	0
DPF2__P1	8	0.008728	4.9462e-06	1.8e-05	247	5	-1.8679	0.86735	0.82555	1.0	599	0	0
TMEM258__P1P2	8	0.0087838	4.9462e-06	1.8e-05	248	5	-2.1059	0.99284	0.99901	1.0	823	0	0
RAD1__P1P2	8	0.0088089	4.9462e-06	1.8e-05	249	5	-1.6482	0.97566	0.98852	1.0	771	0	0
TACC3__P1	8	0.0090404	4.9462e-06	1.8e-05	250	3	-4.2513	0.72159	0.50031	1.0	418	0	0
DDA1__P1P2	8	0.0092132	4.9462e-06	1.8e-05	251	5	-1.1008	0.88902	0.85743	1.0	634	0	0
NAA30__P1P2	8	0.0092348	4.9462e-06	1.8e-05	252	5	-2.0762	0.66158	0.33202	0.867543	372	0	0
KPNA2__P1P2	8	0.0095603	4.9462e-06	1.8e-05	253	4	-2.0068	0.93888	0.94453	1.0	709	0	0
RPL28__P1P2	8	0.0098897	4.9462e-06	1.8e-05	254	4	-3.2931	0.78054	0.63398	1.0	488	0	0
ACAT2__P1P2	8	0.010969	4.9462e-06	1.8e-05	255	5	-1.1674	0.99277	0.99898	1.0	821	0	0
GET4__P1P2	8	0.011317	4.9462e-06	1.8e-05	256	5	-1.713	0.52344	0.126	0.45365	263	1	0.42321
RHOG__P1P2	8	0.011368	4.9462e-06	1.8e-05	257	5	-1.082	0.99607	0.99978	1.0	842	0	0
DDX31__P1P2	8	0.011418	4.9462e-06	1.8e-05	258	5	-2.5469	0.99688	0.99988	1.0	852	0	0
COG5__P1P2	8	0.011803	4.9462e-06	1.8e-05	259	5	-1.6016	0.93973	0.94553	1.0	712	0	0
RAD17__P1P2	8	0.012329	4.9462e-06	1.8e-05	260	4	-3.5024	0.81379	0.70726	1.0	524	0	0
TOP1__P1P2	8	0.012438	4.9462e-06	1.8e-05	261	5	-1.6034	0.92151	0.91925	1.0	684	0	0
SERBP1__P1P2	8	0.014196	4.9462e-06	1.8e-05	262	5	-1.5137	0.87193	0.83464	1.0	607	0	0
HEATR3__P1P2	8	0.014823	4.9462e-06	1.8e-05	263	5	-1.9688	0.0066762	7.4193e-05	0.000606	119	3	1.1848
ARF1__P1P2	8	0.01558	4.9462e-06	1.8e-05	264	5	-1.0054	0.83958	0.76934	1.0	558	0	0
CHERP__P1P2	8	0.015708	4.9462e-06	1.8e-05	265	5	-2.6193	0.98493	0.99568	1.0	792	0	0
SSR1__P1P2	8	0.016556	4.9462e-06	1.8e-05	266	5	-0.85095	0.72186	0.50031	1.0	419	0	0
TAF5L__P1P2	8	0.01712	4.9462e-06	1.8e-05	267	3	-2.713	0.13151	0.0049313	0.027762	170	2	0.4971
APEX2__P1P2	8	0.017471	4.9462e-06	1.8e-05	268	5	-0.70843	0.86189	0.81668	1.0	590	0	0
TERF1__P1P2	8	0.017645	4.9462e-06	1.8e-05	269	5	-1.2022	0.97073	0.98382	1.0	760	0	0
CCDC137__P1P2	8	0.01766	4.9462e-06	1.8e-05	270	4	-2.6615	0.93055	0.93447	1.0	695	0	0
HUWE1__P1P2	8	0.017708	4.9462e-06	1.8e-05	271	5	-2.1447	0.99263	0.99897	1.0	820	0	0
ACTR5__P1P2	8	0.017749	4.9462e-06	1.8e-05	272	5	-1.4108	0.88448	0.85277	1.0	625	0	0
USF1__P1P2	8	0.018031	1.4839e-05	4.5e-05	273	5	-0.88798	0.92703	0.92818	1.0	691	0	0
PIGL__P1P2	8	0.018244	1.4839e-05	4.5e-05	274	5	-1.2417	0.99563	0.99968	1.0	836	0	0
AKAP3__P1	8	0.019337	1.4839e-05	4.5e-05	275	5	-1.6722	0.99978	1.0	1.0	908	0	0
AGPS__P1P2	8	0.019448	1.4839e-05	4.5e-05	276	5	-0.72257	0.9999	1.0	1.0	918	0	0
TAF4__P1P2	8	0.019564	1.4839e-05	4.5e-05	277	5	-1.4474	0.79807	0.67416	1.0	504	0	0
PFDN1__P1P2	8	0.020049	1.4839e-05	4.5e-05	278	5	-1.8012	0.99935	1.0	1.0	889	0	0
ZBTB4__P1	8	0.020827	1.4839e-05	4.5e-05	279	5	-2.0882	0.84008	0.76935	1.0	559	0	0
SPECC1L__P1P2	8	0.021865	1.4839e-05	4.5e-05	280	5	-0.66479	0.99897	1.0	1.0	877	0	0
NFYB__P1P2	8	0.02208	1.4839e-05	4.5e-05	281	4	-2.9527	0.91751	0.91514	1.0	678	0	0
KDSR__P1P2	8	0.023122	1.4839e-05	4.5e-05	282	4	-1.522	0.78402	0.64659	1.0	492	0	0
FOXK2__P1P2	8	0.023321	1.4839e-05	4.5e-05	283	5	-0.97414	0.72051	0.5003	1.0	417	0	0
UBE2D3__P1P2	8	0.023879	1.4839e-05	4.5e-05	284	5	-1.5368	0.99893	1.0	1.0	876	0	0
VPS51__P1P2	8	0.024227	1.4839e-05	4.5e-05	285	5	-1.3869	0.95972	0.971	1.0	741	0	0
RBX1__P1P2	8	0.025121	1.4839e-05	4.5e-05	286	3	-3.3377	0.64258	0.31077	0.84614	349	0	0
GRWD1__P1P2	8	0.025966	1.4839e-05	4.5e-05	287	4	-1.5925	0.63101	0.29522	0.839083	336	0	0
SMARCA5__P1P2	8	0.026256	1.4839e-05	4.5e-05	288	4	-1.5576	0.879	0.84549	1.0	615	0	0
WDR70__P1P2	8	0.026315	1.4839e-05	4.5e-05	289	4	-2.9079	0.99222	0.9988	1.0	819	0	0
FAM178A__P1P2	8	0.026549	1.4839e-05	4.5e-05	290	4	-1.375	0.93023	0.93363	1.0	694	0	0
PTBP1__P1P2	8	0.026625	1.4839e-05	4.5e-05	291	5	-1.533	0.87288	0.83548	1.0	611	0	0
RPL29__P1P2	8	0.027477	1.4839e-05	4.5e-05	292	5	-1.3476	0.99128	0.99859	1.0	814	0	0
SMG7__P1P2	8	0.028596	1.4839e-05	4.5e-05	293	5	-2.5232	0.99995	1.0	1.0	927	0	0
NUFIP1__P1P2	8	0.028658	1.4839e-05	4.5e-05	294	4	-1.5241	0.82379	0.73804	1.0	533	0	0
SUGP1__P1P2	8	0.029364	1.4839e-05	4.5e-05	295	4	-2.1814	0.77388	0.62325	1.0	480	0	0
HSPA13__P1P2	8	0.030045	1.4839e-05	4.5e-05	296	5	-0.66187	0.99873	0.99999	1.0	873	0	0
PNKP__P1P2	8	0.030181	1.4839e-05	4.5e-05	297	3	-3.0306	0.95324	0.96259	1.0	730	0	0
NCSTN__P1P2	8	0.030972	1.4839e-05	4.5e-05	298	5	-1.1328	0.69021	0.40156	0.975781	398	0	0
ARHGEF2__P1P2	8	0.031129	1.4839e-05	4.5e-05	299	5	-0.76203	0.95653	0.96692	1.0	734	0	0
RBM14-RBM4__P2	8	0.031496	1.4839e-05	4.5e-05	300	5	-1.1913	0.72401	0.50465	1.0	422	0	0
TRAPPC6B__P1P2	8	0.032724	1.4839e-05	4.5e-05	301	5	-0.55812	0.99992	1.0	1.0	920	0	0
ZC3H14__P1P2	8	0.032778	1.4839e-05	4.5e-05	302	5	-0.88155	0.99203	0.99876	1.0	818	0	0
HNRNPA2B1__P1P2	8	0.035342	1.4839e-05	4.5e-05	303	4	-1.4506	0.95578	0.96632	1.0	732	0	0
RRP8__P1P2	8	0.037946	1.4839e-05	4.5e-05	304	4	-1.753	0.88485	0.85278	1.0	628	0	0
SNF8__P1P2	8	0.043997	1.4839e-05	4.5e-05	305	3	-2.6683	0.96001	0.97118	1.0	743	0	0
C19orf53__P1P2	8	0.046216	1.4839e-05	4.5e-05	306	4	-2.2143	0.94444	0.95167	1.0	716	0	0
DR1__P1P2	8	0.047198	1.4839e-05	4.5e-05	307	4	-2.243	0.92745	0.92898	1.0	693	0	0
OBFC1__P1P2	8	0.047495	1.4839e-05	4.5e-05	308	4	-1.2358	0.95045	0.96014	1.0	725	0	0
GNB2L1__P1P2	8	0.048865	1.4839e-05	4.5e-05	309	3	-2.6586	0.14117	0.0052182	0.02915	174	2	0.8079
GDI2__P1	8	0.051159	1.4839e-05	4.5e-05	310	4	-1.2611	0.56373	0.16731	0.562766	284	1	0.38319
IMMT__P1P2	8	0.053596	1.4839e-05	4.5e-05	311	3	-3.4035	0.9678	0.98153	1.0	754	0	0
ISCA1__P1P2	8	0.054065	1.4839e-05	4.5e-05	312	4	-2.291	0.73966	0.54131	1.0	441	0	0
SLC25A46__P1P2	8	0.055181	1.4839e-05	4.5e-05	313	4	-1.2359	0.99125	0.99858	1.0	813	0	0
EXOSC1__P1P2	8	0.056851	1.4839e-05	4.5e-05	314	3	-2.5212	0.69956	0.42262	1.0	407	0	0
UBE2L3__P1P2	8	0.057934	1.4839e-05	4.5e-05	315	4	-1.7105	0.63513	0.30169	0.84614	344	0	0
HAUS8__P1P2	8	0.067006	1.4839e-05	4.5e-05	316	4	-1.7667	0.53286	0.12601	0.45365	270	1	0.38997
PSPH__P2	8	0.06844	1.4839e-05	4.5e-05	317	2	-2.5514	0.59506	0.20971	0.65125	312	1	0.35494
PPP2R1A__P1	8	0.074057	2.4731e-05	6.5e-05	318	3	-2.2758	0.77966	0.63033	1.0	486	0	0
WEE1__P1P2	8	0.074642	2.4731e-05	6.5e-05	319	4	-2.0464	0.072807	0.0034574	0.020804	161	2	0.73737
XPC__P1	8	0.075399	2.4731e-05	6.5e-05	320	3	-2.4813	0.80705	0.68692	1.0	518	0	0
TBCC__P1P2	8	0.076085	2.4731e-05	6.5e-05	321	4	-1.5686	0.9786	0.991	1.0	779	0	0
CHAF1A__P1P2	8	0.077152	2.4731e-05	6.5e-05	322	3	-3.3256	0.91797	0.91572	1.0	679	0	0
CSNK1A1__P1P2	8	0.078798	2.4731e-05	6.5e-05	323	3	-2.2148	0.7272	0.51622	1.0	425	0	0
C6orf47__P1P2	8	0.083079	2.4731e-05	6.5e-05	324	2	-2.7917	0.88423	0.85277	1.0	624	0	0
UBA2__P1P2	8	0.083196	2.4731e-05	6.5e-05	325	4	-2.1746	0.64625	0.31077	0.84614	357	0	0
EIF3F__P1P2	11	0.085178	4.9462e-06	1.8e-05	326	3	-3.4352	0.901	0.8187	1.0	653	0	0
PPP6C__P1P2	8	0.085366	2.4731e-05	6.5e-05	327	4	-1.1326	0.62088	0.27881	0.823752	327	1	0.32277
SUPT7L__P1P2	8	0.087696	2.4731e-05	6.5e-05	328	4	-1.8062	0.35252	0.055125	0.240277	224	1	0.71708
MYH9__P1P2	8	0.087814	2.4731e-05	6.5e-05	329	4	-0.9031	0.65252	0.32308	0.848766	363	0	0
SDF2__P1P2	8	0.090303	2.4731e-05	6.5e-05	330	4	-1.2745	0.58408	0.18368	0.581574	304	1	0.33194
C19orf70__P1P2	8	0.091436	2.4731e-05	6.5e-05	331	4	-0.86082	0.95986	0.97118	1.0	742	0	0
COPS8__237994319	8	0.092221	2.4731e-05	6.5e-05	332	2	-3.2174	0.9045	0.89078	1.0	657	0	0
WDR82__P1P2	8	0.092704	2.4731e-05	6.5e-05	333	4	-2.1825	0.76612	0.60758	1.0	472	0	0
PRKRIR__P1P2	8	0.092951	2.4731e-05	6.5e-05	334	4	-1.9642	0.52128	0.1227	0.45365	261	1	0.42142
RAD21__P1P2	8	0.096007	2.4731e-05	6.5e-05	335	3	-2.4884	0.5178	0.11962	0.448935	259	1	0.43042
SENP2__P1P2	8	0.097615	2.4731e-05	6.5e-05	336	4	-0.59623	0.93677	0.94095	1.0	702	0	0
CORO1A__30194716	8	0.10039	2.4731e-05	6.5e-05	337	4	-0.70647	0.9838	0.99498	1.0	789	0	0
KDM4A__P1P2	8	0.10173	2.4731e-05	6.5e-05	338	4	-0.67373	0.96935	0.98279	1.0	757	0	0
GTF3A__P1P2	8	0.10175	2.4731e-05	6.5e-05	339	3	-2.0116	0.00031292	4.9462e-06	4.4e-05	90	5	0.78428
RAC1__P1P2	8	0.10571	2.4731e-05	6.5e-05	340	4	-1.6759	0.74942	0.57284	1.0	450	0	0
BRD1__P1P2	8	0.10704	2.4731e-05	6.5e-05	341	4	-0.75219	0.93633	0.93979	1.0	701	0	0
TTC3__P1P2	8	0.10745	2.4731e-05	6.5e-05	342	4	-0.86322	0.66126	0.33202	0.867543	371	0	0
PLEKHH2__P1P2	8	0.10787	2.4731e-05	6.5e-05	343	4	-1.3809	0.94161	0.94852	1.0	713	0	0
NDE1__P1	8	0.10797	2.4731e-05	6.5e-05	344	3	-1.6768	0.42592	0.068094	0.279313	234	1	0.54348
GFRA4__ENST00000290417.2_ENST00000319242.3	8	0.11101	2.4731e-05	6.5e-05	345	1	-4.1235	0.8021	0.68354	1.0	509	0	0
AP1G1__P1P2	8	0.11193	2.4731e-05	6.5e-05	346	4	-0.74657	0.98307	0.99465	1.0	787	0	0
FAM60A__P1P2	8	0.11252	2.4731e-05	6.5e-05	347	3	-2.6889	0.81417	0.70727	1.0	525	0	0
TPR__P1P2	8	0.11399	2.4731e-05	6.5e-05	348	2	-2.5719	0.66286	0.33812	0.881097	373	0	0
GTF2I__74071821	8	0.11796	2.4731e-05	6.5e-05	349	4	-0.76895	0.99589	0.99973	1.0	840	0	0
NSMCE4A__P1P2	8	0.11825	2.4731e-05	6.5e-05	350	4	-1.2093	0.88998	0.86036	1.0	635	0	0
ARHGAP11B__30918117	8	0.11917	2.4731e-05	6.5e-05	351	1	-3.7454	0.0074874	0.00015333	0.001222	122	4	0.41424
MID1IP1__P1P2	8	0.1206	2.4731e-05	6.5e-05	352	4	-0.63252	0.54584	0.14195	0.501731	275	1	0.40665
CRLS1__P1P2	8	0.12065	2.4731e-05	6.5e-05	353	2	-3.286	0.88272	0.85117	1.0	622	0	0
PAXIP1__P1P2	8	0.1209	2.4731e-05	6.5e-05	354	4	-0.72329	0.88498	0.85278	1.0	629	0	0
SNRNP40__P1P2	8	0.12104	2.4731e-05	6.5e-05	355	4	-1.4423	0.98731	0.99697	1.0	798	0	0
KIFC1__P1P2	8	0.12119	2.4731e-05	6.5e-05	356	4	-0.65931	0.99459	0.99948	1.0	831	0	0
PPP6R3__P1P2	8	0.12208	2.4731e-05	6.5e-05	357	4	-1.2967	0.94196	0.94916	1.0	715	0	0
AP1B1__P1P2	8	0.12238	2.4731e-05	6.5e-05	358	4	-0.89274	0.76027	0.59273	1.0	465	0	0
TRABD__P1	8	0.12312	2.4731e-05	6.5e-05	359	4	-0.57839	0.99659	0.99985	1.0	848	0	0
SUPT3H__P1P2	8	0.12327	2.4731e-05	6.5e-05	360	4	-1.6031	0.9779	0.99015	1.0	777	0	0
TAF3__P1P2	8	0.12387	2.4731e-05	6.5e-05	361	4	-1.3052	0.99873	0.99999	1.0	872	0	0
FOXK1__P1P2	8	0.12402	2.4731e-05	6.5e-05	362	4	-0.71897	0.98899	0.9975	1.0	805	0	0
GOLGA7__P1P2	8	0.12432	2.4731e-05	6.5e-05	363	4	-0.93483	0.99958	1.0	1.0	896	0	0
ATF6__P1P2	8	0.12673	2.4731e-05	6.5e-05	364	4	-0.61911	0.91648	0.91239	1.0	676	0	0
IBA57__P1P2	8	0.128	2.4731e-05	6.5e-05	365	1	-4.392	0.95732	0.96761	1.0	738	0	0
CUL3__P1P2	8	0.13202	2.4731e-05	6.5e-05	366	3	-1.4132	0.76051	0.59273	1.0	466	0	0
SURF2__P1P2	11	0.13635	3.4623e-05	8.9e-05	367	4	-1.1499	0.97486	0.97814	1.0	766	0	0
RBM7__P1P2	8	0.14901	2.4731e-05	6.5e-05	368	3	-1.888	0.9973	0.99993	1.0	857	0	0
FAM102A__P1P2	8	0.15044	2.4731e-05	6.5e-05	369	2	-2.6629	0.46579	0.07124	0.283792	246	1	0.47603
RFWD2__P1P2	8	0.15077	2.4731e-05	6.5e-05	370	3	-1.3628	0.97614	0.98889	1.0	772	0	0
CD22__P1P2	11	0.15134	9.3978e-05	0.00024	371	1	-4.1333	0.82718	0.61657	1.0	537	0	0
DHH__P1P2	8	0.15259	2.4731e-05	6.5e-05	372	1	-4.4615	0.56053	0.16409	0.562766	283	1	0.36597
MED15__P1	8	0.1526	2.4731e-05	6.5e-05	373	3	-1.4391	0.68724	0.39874	0.975781	393	0	0
TNRC6A__P1P2	8	0.17238	3.4623e-05	8.9e-05	374	3	-1.7548	0.51211	0.10667	0.40189	258	1	0.44813
HYDIN__71263838	8	0.17377	3.4623e-05	8.9e-05	375	1	-3.5095	0.61769	0.26882	0.801513	323	1	0.31493
IL18R1__P1	8	0.17447	3.4623e-05	8.9e-05	376	1	-3.7489	0.52945	0.12601	0.45365	267	1	0.41003
ZNF236__P1P2	8	0.17573	3.4623e-05	8.9e-05	377	2	-2.244	0.80528	0.68691	1.0	515	0	0
PLEKHA5__P1P2	8	0.17865	3.4623e-05	8.9e-05	378	2	-3.2301	0.85865	0.81386	1.0	585	0	0
XPO5__P1P2	8	0.18242	3.4623e-05	8.9e-05	379	3	-1.6523	0.99278	0.99898	1.0	822	0	0
PDIA4__P1P2	8	0.18489	7.4193e-05	0.00019	380	1	-4.2132	0.6272	0.28851	0.839083	331	0	0
EIF4A1__P1P2	8	0.19012	0.00014344	0.000366	381	3	-1.6138	0.74991	0.57285	1.0	451	0	0
NDUFC1__P2	8	0.19279	0.00015333	0.00039	382	3	-0.95604	0.857	0.81187	1.0	581	0	0
RPS11__P1P2	8	0.19503	0.0046049	0.010981	383	3	-2.201	0.91852	0.91573	1.0	680	0	0
ZZZ3__P1P2	8	0.19518	0.0046049	0.010981	384	1	-5.6155	0.90597	0.89441	1.0	659	0	0
ING1__P1	8	0.2002	0.0046148	0.010981	385	3	-1.8359	0.83159	0.75583	1.0	542	0	0
SUPT4H1__P1P2	8	0.20063	0.0046148	0.010981	386	1	-3.1774	0.18365	0.013083	0.066979	189	2	0.64854
CORO1B__67210174	8	0.20094	0.0046148	0.010981	387	2	-2.335	0.64857	0.31667	0.848766	359	0	0
TSSC1__P1P2	8	0.20361	0.0046148	0.010981	388	3	-0.87264	0.99536	0.99963	1.0	835	0	0
TRAPPC2L__P1P2	8	0.20748	0.0046346	0.010981	389	3	-1.121	0.68183	0.38731	0.965323	386	0	0
PPP2R5E__P1P2	8	0.21477	0.0047236	0.010981	390	1	-3.5779	3.5146e-06	4.9462e-06	4.4e-05	54	6	0.69172
ERCC1__P1P2	8	0.21927	0.0047335	0.010981	391	3	-0.85791	0.61698	0.26882	0.801513	322	1	0.31988
MANSC1__P1P2	8	0.22076	0.0047335	0.010981	392	2	-2.4922	0.84851	0.79296	1.0	568	0	0
DSCR3__P1P2	8	0.2263	0.0048225	0.010981	393	3	-0.9431	0.83486	0.76216	1.0	550	0	0
UNC13B__P1P2	8	0.22671	0.0048225	0.010981	394	1	-3.767	0.90323	0.88829	1.0	656	0	0
GNPNAT1__P1P2	8	0.22737	0.0048225	0.010981	395	2	-2.2814	0.96307	0.97448	1.0	749	0	0
RAI14__P1P2	8	0.22803	0.0048225	0.010981	396	1	-4.4787	0.89997	0.88269	1.0	650	0	0
SUB1__P1	8	0.2334	0.0048225	0.010981	397	3	-1.1517	0.46004	0.07123	0.283792	243	1	0.50167
RASAL2__P1P2	8	0.23506	0.0048225	0.010981	398	2	-3.9804	0.034351	0.00069741	0.00474	143	3	0.46988
MEAF6__P1P2	8	0.23589	0.0048225	0.010981	399	1	-3.6092	1.7435e-06	4.9462e-06	4.4e-05	51	5	1.4371
LCOR__P1P2	8	0.23602	0.0048225	0.010981	400	3	-1.46	0.12506	0.0044169	0.025461	167	1	1.4023
GNAI1__P1P2	8	0.23655	0.0048225	0.010981	401	2	-2.173	0.83366	0.75974	1.0	546	0	0
WDR18__P1P2	8	0.2372	0.0048225	0.010981	402	2	-2.0934	0.78681	0.64986	1.0	495	0	0
RABL5__P1P2	8	0.23936	0.0048324	0.010981	403	3	-1.3733	0.82595	0.7412	1.0	535	0	0
RNPS1__P1P2	8	0.24211	0.0048324	0.010981	404	2	-3.4286	0.80489	0.68691	1.0	513	0	0
ACTA2__P2	8	0.24304	0.0048324	0.010981	405	1	-3.7299	0.69316	0.41199	0.992907	401	0	0
SF3A2__P2	8	0.24369	0.0048324	0.010981	406	1	-2.9688	0.95674	0.96693	1.0	735	0	0
TRIM52__P1P2	8	0.24563	0.0048324	0.010981	407	1	-4.2758	0.94783	0.95523	1.0	721	0	0
VEZF1__P1P2	8	0.25265	0.0048918	0.010981	408	3	-0.8153	0.99478	0.99953	1.0	832	0	0
USF2__P1P2	8	0.25459	0.0048918	0.010981	409	3	-1.4577	0.9981	0.99997	1.0	863	0	0
GART__P1P2	8	0.25581	0.0048918	0.010981	410	3	-1.6038	0.99705	0.99991	1.0	855	0	0
SUPT20H__P1P2	8	0.2597	0.0048918	0.010981	411	1	-2.9201	7.2456e-10	4.9462e-06	4.4e-05	25	7	1.8253
DYNC1LI1__P1P2	8	0.26366	0.0048918	0.010981	412	3	-0.93514	0.57284	0.17666	0.566752	294	1	0.38412
ESYT2__P1P2	8	0.26413	0.0048918	0.010981	413	2	-2.2388	0.55851	0.16097	0.554845	282	1	0.39556
ZWILCH__P1P2	8	0.26415	0.0048918	0.010981	414	3	-1.3398	0.99898	1.0	1.0	879	0	0
CSK__P1P2	8	0.26514	0.0048918	0.010981	415	3	-0.97208	0.041381	0.00089526	0.005763	150	3	0.40083
FBXO8__P1	8	0.2686	0.0048918	0.010981	416	2	-1.9008	0.83941	0.76934	1.0	557	0	0
ISOC2__P1	8	0.26917	0.0049017	0.010981	417	1	-3.629	0.51078	0.10666	0.40189	257	1	0.44716
WNT7A__P1P2	8	0.27042	0.0049017	0.010981	418	1	-3.488	0.68992	0.40156	0.975781	397	0	0
LRRC28__P1P2	8	0.27852	0.0049017	0.010981	419	1	-3.1124	0.86945	0.83129	1.0	600	0	0
ZBTB2__P1P2	8	0.28404	0.0049017	0.010981	420	3	-0.85467	0.97498	0.98783	1.0	767	0	0
ICMT__P1P2	8	0.28504	0.0049017	0.010981	421	3	-0.80375	0.8009	0.68197	1.0	508	0	0
NIPBL__P1P2	8	0.2863	0.0049116	0.010981	422	3	-1.1933	0.42133	0.068094	0.279313	233	1	0.55596
GPR89B__147400326	8	0.28716	0.0049116	0.010981	423	1	-2.9223	0.64559	0.31077	0.84614	355	0	0
LSR__P1P2	8	0.28912	0.0049116	0.010981	424	2	-2.196	0.024799	0.00024236	0.001732	136	3	0.52279
BRD2__P1	8	0.28977	0.0049116	0.010981	425	2	-1.8718	0.5569	0.15764	0.545288	281	1	0.3703
POLE3__P1P2	8	0.29083	0.0049116	0.010981	426	3	-0.83266	0.97256	0.98564	1.0	761	0	0
ABCB10__P1P2	8	0.29206	0.0049116	0.010981	427	1	-4.2602	0.45327	0.07123	0.283792	241	1	0.52797
C7orf49__P1P2	8	0.2936	0.0049116	0.010981	428	3	-1.852	0.779	0.63032	1.0	485	0	0
DCP1A__P1P2	8	0.29436	0.0049116	0.010981	429	3	-0.54281	0.98883	0.99749	1.0	804	0	0
SNAI1__P1P2	8	0.3012	0.0049215	0.010981	430	3	-0.66763	0.99975	1.0	1.0	904	0	0
ZSCAN18__P2	8	0.30417	0.0049215	0.010981	431	1	-3.2211	0.58216	0.17667	0.566752	303	1	0.36307
POLG__P1P2	8	0.30579	0.0049215	0.010981	432	2	-1.8074	0.85835	0.81386	1.0	584	0	0
SMN1__70220656	8	0.31016	0.0049511	0.010981	433	2	-2.5128	0.57985	0.17667	0.566752	300	1	0.33845
CD99L2__P1P2	8	0.31314	0.004961	0.010981	434	2	-2.5935	0.88106	0.85049	1.0	618	0	0
DENND5A__P1P2	11	0.31327	0.0062174	0.013282	435	2	-1.8933	0.34496	0.06846	0.279594	221	2	0.45453
ANP32B__P1P2	8	0.31954	0.0049709	0.010981	436	2	-1.4563	0.042135	0.00098429	0.006294	152	3	0.4632
ASPM__P1P2	8	0.32345	0.0050303	0.010981	437	3	-0.55828	0.78272	0.64299	1.0	491	0	0
SOX4__P1	8	0.32603	0.0050402	0.010981	438	3	-0.44991	0.988	0.99718	1.0	802	0	0
STT3B__P1P2	8	0.32732	0.0050402	0.010981	439	3	-0.91935	0.83588	0.76217	1.0	552	0	0
MED12__P1P2	8	0.32785	0.0050501	0.010981	440	1	-3.7787	0.53031	0.12601	0.45365	268	1	0.40524
SAMD1__P1P2	8	0.33852	0.0050698	0.010981	441	2	-2.0317	0.16669	0.0092939	0.049364	183	2	0.40207
STK3__P1P2	8	0.34207	0.0050797	0.010981	442	3	-0.99145	0.88732	0.85577	1.0	631	0	0
ACLY__P1P2	8	0.34232	0.0050797	0.010981	443	3	-0.70121	0.62159	0.27882	0.823752	328	1	0.33228
DGCR8__P1P2	8	0.34506	0.0050995	0.010981	444	2	-1.5821	0.21343	0.024597	0.11836	202	1	1.0384
LAMC1__P1P2	8	0.3457	0.0050995	0.010981	445	3	-1.1508	0.88671	0.85512	1.0	630	0	0
MCM7__P1P2	8	0.34571	0.0050995	0.010981	446	2	-2.4157	0.86349	0.81865	1.0	593	0	0
PGPEP1__P1P2	8	0.35094	0.0051193	0.010981	447	2	-2.0507	0.83537	0.76217	1.0	551	0	0
MAP3K7__P1P2	8	0.35702	0.0051193	0.010981	448	2	-1.8581	0.87247	0.83548	1.0	610	0	0
TRIM56__P1P2	8	0.35758	0.0051193	0.010981	449	1	-2.7997	0.59319	0.2097	0.65125	310	1	0.35876
SGK3__ENST00000396596.1_ENST00000522398.1	8	0.36094	0.0051193	0.010981	450	1	-4.3905	0.56811	0.16732	0.562766	289	1	0.38118
FAM107A__P1P2	8	0.3665	0.0051292	0.010981	451	1	-2.7072	0.53201	0.12601	0.45365	269	1	0.40227
MAGOHB__P1P2	8	0.36886	0.0051292	0.010981	452	2	-1.4683	0.7335	0.52784	1.0	434	0	0
RPUSD4__P1P2	8	0.37256	0.0051292	0.010981	453	2	-1.7861	0.69463	0.41472	0.992907	402	0	0
TGDS__P1P2	8	0.37803	0.0051292	0.010981	454	1	-4.469	0.7555	0.58907	1.0	455	0	0
GPALPP1__P1P2	8	0.37926	0.0051292	0.010981	455	2	-1.5206	0.89775	0.87953	1.0	644	0	0
HEXIM2__P2	11	0.38685	0.0065537	0.01397	456	1	-3.0971	0.43523	0.090589	0.353626	236	1	0.7272
TMSB10__P1P2	8	0.3964	0.0093137	0.019002	457	2	-1.7783	0.93237	0.93596	1.0	697	0	0
REC8__P1P2	8	0.4079	0.0093137	0.019002	458	2	-1.9599	0.68574	0.39572	0.975781	391	0	0
ZFAT__P1	8	0.40998	0.0093137	0.019002	459	2	-1.6307	0.77988	0.63033	1.0	487	0	0
STX7__P1P2	8	0.4179	0.0093137	0.019002	460	2	-1.5778	0.97405	0.98715	1.0	764	0	0
FAM58A__P1P2	8	0.42491	0.0093137	0.019002	461	2	-1.6231	0.38238	0.061486	0.261022	230	1	0.63969
PIP4K2C__P1P2	8	0.42693	0.0093137	0.019002	462	1	-2.719	0.041621	0.00089526	0.005763	151	3	0.79065
VPS26A__P1P2	8	0.43095	0.0093137	0.019002	463	2	-1.2428	0.71285	0.47622	1.0	413	0	0
C11orf58__P1P2	8	0.4355	0.0093236	0.019002	464	1	-3.9706	0.64291	0.31077	0.84614	351	0	0
NPY4R__P1P2	8	0.436	0.0093236	0.019002	465	1	-2.46	0.71997	0.49799	1.0	416	0	0
TMED2__P1P2	8	0.43634	0.0093236	0.019002	466	2	-1.3235	0.73324	0.52783	1.0	433	0	0
GGCT__P1P2	8	0.43899	0.0093236	0.019002	467	1	-2.2697	0.76004	0.59272	1.0	464	0	0
PCSK1N__P1P2	11	0.44793	0.0067515	0.01436	468	1	-2.9358	0.31249	0.038842	0.180645	215	2	0.39286
ATP12A__P1P2	8	0.46101	0.0093236	0.019002	469	1	-3.7675	0.60064	0.22632	0.693961	316	1	0.34648
TMEM110__P1P2	8	0.46197	0.0093236	0.019002	470	1	-2.7961	0.47994	0.084021	0.33068	248	1	0.49013
WDR86__P1P2	8	0.46675	0.0093236	0.019002	471	2	-2.003	0.80568	0.68692	1.0	516	0	0
DEGS1__P1P2	8	0.46912	0.0093236	0.019002	472	1	-2.47	2.6114e-05	4.9462e-06	4.4e-05	69	6	0.52299
NPDC1__P1P2	8	0.47106	0.0094324	0.019002	473	2	-1.1761	0.58561	0.18369	0.581574	305	1	0.36058
C21orf58__P1	8	0.47385	0.0094324	0.019002	474	1	-2.5345	0.85442	0.80654	1.0	578	0	0
HDAC7__P1P2	8	0.479	0.0094324	0.019002	475	1	-3.9081	0.91235	0.90523	1.0	671	0	0
MRGBP__P1P2	8	0.48153	0.0094324	0.019002	476	2	-1.1724	0.75598	0.58907	1.0	457	0	0
PKMYT1__P1P2	8	0.48643	0.0094324	0.019002	477	2	-1.0147	0.1809	0.012647	0.06539	188	2	0.46108
TUFM__28856875	8	0.49404	0.0094423	0.019002	478	2	-0.92951	0.90701	0.89578	1.0	661	0	0
CHEK2__P1P2	8	0.49677	0.0094423	0.019002	479	2	-1.0447	0.003344	4.9462e-06	4.4e-05	108	4	0.59004
POC1A__P1P2	8	0.49829	0.0094423	0.019002	480	2	-0.93679	0.74645	0.56473	1.0	447	0	0
DOT1L__P1P2	8	0.49873	0.0094423	0.019002	481	1	-2.4691	0.00068096	4.9462e-06	4.4e-05	95	5	0.98724
SAP30BP__P1P2	8	0.50462	0.0094423	0.019002	482	2	-0.9323	0.96006	0.97119	1.0	744	0	0
LSM12__P1P2	8	0.50492	0.0094423	0.019002	483	2	-0.87487	0.80508	0.68691	1.0	514	0	0
FERMT1__P1P2	8	0.51063	0.0095115	0.019082	484	2	-1.4167	0.73063	0.52076	1.0	430	0	0
CDC42EP5__P1P2	8	0.51474	0.0095214	0.019082	485	1	-2.2462	0.65055	0.31988	0.848766	360	0	0
FRMPD2__49481953	8	0.52945	0.0097094	0.019163	486	1	-2.8554	0.93729	0.94176	1.0	704	0	0
DHX35__P1P2	8	0.53166	0.0097094	0.019163	487	2	-0.74056	0.92414	0.92457	1.0	688	0	0
LOC730183__NM_001256932	8	0.53413	0.0097094	0.019163	488	1	-2.6138	0.58599	0.18369	0.581574	306	1	0.34554
FUBP3__P1P2	8	0.5354	0.0097094	0.019163	489	1	-3.656	0.57362	0.17666	0.566752	295	1	0.3631
SLC38A10__P1P2	8	0.5396	0.0097094	0.019163	490	1	-2.1	0.86175	0.81668	1.0	589	0	0
PPP1CB__P1P2	8	0.54419	0.0097193	0.019163	491	2	-1.2101	0.49238	0.093874	0.357862	253	1	0.45599
PTPN12__P1P2	8	0.54543	0.0097193	0.019163	492	1	-2.5692	3.909e-07	4.9462e-06	4.4e-05	45	6	1.5634
FAM216A__P1P2	8	0.54592	0.0097193	0.019163	493	2	-1.2926	0.92712	0.92819	1.0	692	0	0
LNP1__P1P2	8	0.55769	0.009927	0.019454	494	2	-0.89579	0.040635	0.00089526	0.005763	148	3	0.49813
CST1__P1P2	8	0.55771	0.009927	0.019454	495	2	-1.4616	0.83891	0.7682	1.0	556	0	0
IRX1__P1P2	8	0.55892	0.009927	0.019454	496	1	-2.0474	0.15899	0.0078199	0.042228	180	1	1.2631
ZNHIT3__P1P2	8	0.56337	0.010155	0.01986	497	2	-0.96009	0.8632	0.81864	1.0	592	0	0
BEND2__P1P2	8	0.5676	0.014359	0.027969	498	2	-0.67579	0.61876	0.26882	0.801513	325	1	0.31735
GMEB1__P1P2	8	0.57098	0.018583	0.035575	499	2	-0.75676	0.99839	0.99998	1.0	867	0	0
OGFR__P1P2	8	0.57154	0.018583	0.035575	500	2	-0.75756	0.67571	0.37918	0.962304	382	0	0
TMEM198__P1P2	8	0.5744	0.018583	0.035575	501	1	-2.0536	0.88003	0.84825	1.0	617	0	0
CNKSR3__P1P2	8	0.57462	0.018583	0.035575	502	2	-0.76375	0.54791	0.14498	0.506935	277	1	0.42796
DEDD__P1P2	8	0.57907	0.018593	0.035575	503	2	-0.66648	0.94714	0.95391	1.0	720	0	0
SREBF1__P1	8	0.57991	0.018593	0.035575	504	2	-0.71865	0.57558	0.17666	0.566752	298	1	0.36922
CNTD2__P1	8	0.58212	0.018593	0.035575	505	2	-1.1658	0.62405	0.28206	0.830784	329	0	0
ERC1__P1P2	8	0.58378	0.018593	0.035575	506	2	-0.74946	0.98614	0.99647	1.0	794	0	0
GNG4__P1P2	8	0.58675	0.018593	0.035575	507	1	-2.0002	0.56453	0.16731	0.562766	285	1	0.37631
GNB1__P1P2	8	0.59065	0.018702	0.035713	508	2	-0.76737	0.43949	0.068104	0.279313	237	1	0.56302
ITGB3__P1P2	8	0.59319	0.023242	0.044165	509	1	-1.8422	0.47479	0.077739	0.308418	247	1	0.47864
ZEB2__P1	8	0.59469	0.023252	0.044165	510	1	-2.0376	0.72428	0.50465	1.0	423	0	0
ZNF460__P1P2	8	0.59583	0.023391	0.044165	511	2	-0.64275	0.98926	0.99756	1.0	807	0	0
FAM69B__P1P2	8	0.59719	0.023391	0.044165	512	2	-0.90706	0.89491	0.87369	1.0	643	0	0
TM9SF3__P1P2	8	0.59827	0.023391	0.044165	513	2	-0.55887	0.96701	0.98044	1.0	752	0	0
MAGED2__P2	8	0.60016	0.0234	0.044165	514	2	-0.58366	0.59206	0.20656	0.647658	309	1	0.35695
UBE2Q1__P1P2	8	0.60554	0.027803	0.052042	515	2	-0.82633	0.99861	0.99998	1.0	869	0	0
SMURF2__P1P2	8	0.60581	0.027803	0.052042	516	2	-0.59753	0.74446	0.55648	1.0	444	0	0
HNRNPLL__P1P2	8	0.60662	0.028099	0.052042	517	2	-1.259	0.99887	0.99999	1.0	874	0	0
ISY1__P1P2	8	0.60761	0.028099	0.052042	518	1	-2.5663	0.87014	0.83222	1.0	604	0	0
ZNF444__P1P2	8	0.60929	0.028099	0.052042	519	2	-0.63745	0.69812	0.42261	1.0	405	0	0
CHAMP1__P1P2	8	0.60955	0.028099	0.052042	520	2	-0.52433	0.99656	0.99985	1.0	847	0	0
BCLAF1__P1P2	8	0.61168	0.028109	0.052042	521	2	-0.55144	0.92266	0.92241	1.0	685	0	0
SNRPB2__P1P2	8	0.61354	0.028109	0.052042	522	2	-0.81891	0.98446	0.99523	1.0	790	0	0
SKP2__P1P2	8	0.6138	0.028109	0.052042	523	2	-0.61182	0.9981	0.99997	1.0	862	0	0
CCDC77__P2	8	0.61433	0.028109	0.052042	524	2	-0.52813	0.96771	0.98142	1.0	753	0	0
LDB3__P1P2	8	0.61627	0.031997	0.059127	525	1	-1.8985	0.93859	0.9439	1.0	708	0	0
TMEM86A__P1P2	8	0.61805	0.032215	0.05921	526	2	-1.8687	0.34458	0.055115	0.240277	220	1	0.76578
PABPC4__P1P2	8	0.61911	0.032215	0.05921	527	1	-4.434	0.00058478	4.9462e-06	4.4e-05	94	5	0.53524
SLC4A1AP__P1P2	8	0.62091	0.032224	0.05921	528	2	-0.72842	0.775	0.62495	1.0	482	0	0
MAU2__P1P2	8	0.62691	0.03267	0.059596	529	2	-0.51269	0.89842	0.88088	1.0	646	0	0
HAX1__P1P2	8	0.62743	0.03267	0.059596	530	2	-0.63191	0.98917	0.99755	1.0	806	0	0
CCDC94__P1P2	8	0.63054	0.032679	0.059596	531	2	-0.53501	0.8023	0.68354	1.0	510	0	0
SNAP29__P1P2	8	0.63157	0.032679	0.059596	532	2	-0.5567	0.88878	0.85742	1.0	633	0	0
NAIP__70319713	8	0.63414	0.033956	0.061594	533	2	-0.48263	0.89375	0.87081	1.0	640	0	0
KIF22__P1	8	0.63542	0.033956	0.061594	534	2	-0.56257	0.19411	0.014586	0.073843	192	2	0.41509
ELMO3__P1P2	8	0.63644	0.033965	0.061594	535	2	-0.57543	0.99981	1.0	1.0	910	0	0
PLEKHG2__P1P2	8	0.63849	0.034351	0.062178	536	2	-0.497	0.98177	0.99401	1.0	785	0	0
HIF1AN__P1P2	8	0.64123	0.034757	0.06258	537	2	-1.164	0.7467	0.56474	1.0	448	0	0
ZNF532__P2	8	0.64157	0.034757	0.06258	538	1	-3.1489	0.0042108	1.4839e-05	0.000124	110	4	0.5512
SCAF11__P1P2	8	0.64358	0.034767	0.06258	539	1	-2.1313	0.053472	0.0031804	0.019442	159	3	0.38973
FAM192A__P1P2	8	0.64608	0.039337	0.06958	540	2	-0.62256	0.75813	0.59095	1.0	462	0	0
SMAD1__P1P2	8	0.65284	0.039624	0.06958	541	2	-0.57866	0.97713	0.98986	1.0	775	0	0
NCOA6__P1P2	8	0.65631	0.040109	0.06958	542	2	-0.60686	0.66887	0.35959	0.922252	378	0	0
ARRDC4__P1P2	8	0.65643	0.040109	0.06958	543	1	-1.6895	0.85427	0.80654	1.0	577	0	0
BCL2L13__P1P2	8	0.65676	0.040109	0.06958	544	1	-1.6588	0.8007	0.68197	1.0	507	0	0
SLC25A33__P1P2	8	0.65754	0.040435	0.06958	545	2	-0.46132	0.96171	0.97266	1.0	746	0	0
CYFIP2__P1P2	8	0.65934	0.040435	0.06958	546	1	-1.6679	0.77094	0.61932	1.0	475	0	0
RIC8A__P2	8	0.66094	0.040435	0.06958	547	1	-1.6705	0.17422	0.011312	0.059433	185	2	0.47925
NUDT22__P1P2	8	0.66318	0.040435	0.06958	548	1	-1.8849	0.34572	0.055115	0.240277	222	1	0.69905
GTDC1__P1P2	8	0.66413	0.040435	0.06958	549	1	-2.1282	0.84628	0.78509	1.0	564	0	0
KLHL5__P1P2	11	0.66998	0.013607	0.026558	550	2	-0.87771	0.78908	0.48465	1.0	498	0	0
GPX3__P1P2	8	0.67479	0.040435	0.06958	551	1	-1.6815	0.90041	0.884	1.0	651	0	0
SCYL1__P1P2	8	0.67878	0.040435	0.06958	552	1	-1.6252	0.79396	0.66604	1.0	502	0	0
RYR3__P1P2	8	0.68574	0.040435	0.06958	553	1	-1.6627	0.49147	0.093874	0.357862	252	1	0.46141
YPEL3__P1P2	8	0.70613	0.040435	0.06958	554	1	-1.6354	0.49055	0.093874	0.357862	251	1	0.47349
CENPO__P1P2	8	0.72853	0.040445	0.06958	555	1	-1.4063	0.79125	0.65987	1.0	501	0	0
CSNK2A1__P1P2	8	0.7335	0.040445	0.06958	556	1	-1.3838	2.134e-10	4.9462e-06	4.4e-05	22	6	1.6571
DPP9__P1	8	0.73428	0.040445	0.06958	557	1	-1.4801	0.581	0.17667	0.566752	302	1	0.35309
BIVM__P1	8	0.73583	0.040445	0.06958	558	1	-1.2443	0.54708	0.14498	0.506935	276	1	0.42681
TATDN2__P1P2	8	0.73737	0.040445	0.06958	559	1	-1.2751	0.57519	0.17666	0.566752	297	1	0.36933
FBXL14__P1P2	8	0.73788	0.040445	0.06958	560	1	-1.3429	0.80938	0.69475	1.0	519	0	0
CAB39__P1P2	8	0.73941	0.040445	0.06958	561	1	-1.2715	0.97885	0.99116	1.0	782	0	0
MRE11A__P1P2	8	0.75138	0.040445	0.06958	562	1	-1.2122	0.8846	0.85278	1.0	626	0	0
FAM115A__143579171	8	0.7567	0.040445	0.06958	563	1	-1.2255	0.76912	0.6138	1.0	474	0	0
ANAPC7__P1P2	8	0.75718	0.040445	0.06958	564	1	-1.2171	0.11252	0.0037245	0.021808	165	2	0.50093
PPFIBP1__P1P2	8	0.75813	0.040445	0.06958	565	1	-1.2387	0.99958	1.0	1.0	897	0	0
FAM115C__143317820	8	0.7652	0.044174	0.074432	566	1	-1.2828	0.88157	0.85049	1.0	619	0	0
G3BP2__P1P2	8	0.76682	0.044174	0.074432	567	1	-1.268	0.89479	0.87369	1.0	642	0	0
AJUBA__P1P2	8	0.77253	0.044174	0.074432	568	1	-1.1199	0.00020579	4.9462e-06	4.4e-05	87	4	0.97672
KANSL1__P1P2	8	0.78054	0.044174	0.074432	569	1	-1.0925	0.9231	0.92292	1.0	686	0	0
HCN2__P1P2	8	0.78978	0.044184	0.074432	570	1	-0.9811	0.72561	0.51179	1.0	424	0	0
EHBP1__P1P2	8	0.7902	0.044184	0.074432	571	1	-1.0676	3.1219e-06	4.9462e-06	4.4e-05	53	6	0.71929
LRP6__P1P2	8	0.79271	0.044184	0.074432	572	1	-1.0693	0.67044	0.3596	0.922252	379	0	0
UBE2E2__P1P2	8	0.79623	0.044184	0.074432	573	1	-1.0959	0.51998	0.12269	0.45365	260	1	0.43683
IFT88__P1P2	8	0.79705	0.044184	0.074432	574	1	-0.95869	0.00015874	4.9462e-06	4.4e-05	84	4	1.0765
ZNF462__P1P2	8	0.80009	0.044184	0.074432	575	1	-1.0024	0.87834	0.84479	1.0	614	0	0
EVX2__P1P2	11	0.80645	0.05288	0.08697	576	2	-0.76587	0.64266	0.17861	0.571087	350	1	0.39626
HRAS__P1	8	0.80646	0.044184	0.074432	577	1	-1.0104	0.20719	0.020917	0.10217	198	2	0.61639
VPS9D1__P1P2	8	0.81265	0.044184	0.074432	578	1	-0.99563	0.94168	0.94852	1.0	714	0	0
SRSF11__P2	8	0.82451	0.047746	0.079212	579	1	-0.8646	0.0078691	0.00018301	0.001412	125	4	0.58622
PSPC1__P1P2	8	0.82469	0.047746	0.079212	580	1	-0.94886	0.7389	0.53922	1.0	440	0	0
SRCAP__P1P2	8	0.82487	0.047746	0.079212	581	1	-0.84661	0.89864	0.88088	1.0	648	0	0
PIH1D1__P1P2	8	0.82505	0.047746	0.079212	582	1	-0.85487	0.91467	0.90989	1.0	674	0	0
SMCHD1__P1P2	8	0.82984	0.047755	0.079212	583	1	-0.88669	0.36981	0.05837	0.252158	226	1	0.65864
WDR7__P1P2	8	0.83435	0.047755	0.079212	584	1	-0.80865	0.75646	0.59094	1.0	458	0	0
MIR205HG__P2	8	0.83605	0.047755	0.079212	585	1	-0.82158	0.93838	0.94355	1.0	706	0	0
HSPA4__P1P2	8	0.83639	0.047755	0.079212	586	1	-0.77629	0.46149	0.07123	0.283792	244	1	0.49896
THAP2__P1	8	0.83874	0.047755	0.079212	587	1	-0.80121	0.75718	0.59094	1.0	459	0	0
NOTCH2NL__145208892	8	0.83991	0.051396	0.084689	588	1	-0.89689	0.78808	0.65153	1.0	497	0	0
GHITM__P1P2	8	0.84024	0.051396	0.084689	589	1	-0.86094	0.92397	0.92426	1.0	687	0	0
ARHGEF18__P1P2	8	0.84041	0.051396	0.084689	590	1	-0.80825	0.8263	0.74243	1.0	536	0	0
MNT__P1P2	8	0.84222	0.051406	0.084689	591	1	-0.81265	0.0061097	4.4516e-05	0.000367	118	4	0.4935
AES__P1P2	8	0.84499	0.055274	0.090753	592	1	-0.87184	0.022457	0.00022258	0.001627	133	3	0.583
GAL__P1P2	8	0.85335	0.059656	0.096659	593	1	-0.75603	0.35982	0.05836	0.252158	225	1	0.68405
USP15__P1P2	8	0.85412	0.059656	0.096659	594	1	-0.71458	0.92142	0.91924	1.0	683	0	0
CNOT11__P1P2	8	0.85473	0.059656	0.096659	595	1	-0.74538	0.042752	0.0010239	0.006462	154	2	0.94405
USP3__P1P2	8	0.85745	0.059666	0.096659	596	1	-0.70276	0.75015	0.57285	1.0	452	0	0
HIST1H2AB__P1P2	8	0.8582	0.059666	0.096659	597	1	-0.65296	0.84946	0.79394	1.0	571	0	0
ACADS__P1P2	8	0.85865	0.059666	0.096659	598	1	-0.7258	0.88195	0.8505	1.0	620	0	0
PHC1__P1P2	8	0.8591	0.059666	0.096659	599	1	-0.72767	0.65611	0.32309	0.848766	369	0	0
PORCN__P2	8	0.86028	0.059666	0.096659	600	1	-0.69099	0.84961	0.79394	1.0	572	0	0
MLLT1__P1P2	8	0.86291	0.063692	0.102854	601	1	-0.69616	0.54832	0.14499	0.506935	278	1	0.41376
ZCCHC11__P1P2	8	0.86464	0.063702	0.102854	602	1	-0.64257	0.037217	0.00081612	0.005471	144	3	0.42434
CLK3__P2	8	0.86791	0.067154	0.106152	603	1	-0.70035	0.45034	0.068104	0.279313	240	1	0.5399
LTN1__P1P2	8	0.86819	0.067154	0.106152	604	1	-0.71481	0.70754	0.45431	1.0	410	0	0
PRKCI__P1P2	8	0.86931	0.067154	0.106152	605	1	-0.67356	0.71533	0.48653	1.0	415	0	0
CTIF__P1P2	8	0.86945	0.067154	0.106152	606	1	-0.72793	0.57245	0.17666	0.566752	293	1	0.36501
G0S2__P1P2	8	0.86972	0.067154	0.106152	607	1	-0.62835	0.61947	0.27204	0.808619	326	1	0.3269
OXR1__ENST00000312046.6	8	0.87	0.067154	0.106152	608	1	-0.61137	0.95851	0.96921	1.0	739	0	0
OCIAD1__P1P2	8	0.87206	0.067154	0.106152	609	1	-0.61177	0.94464	0.95195	1.0	717	0	0
SLC30A3__P1P2	8	0.87261	0.067154	0.106152	610	1	-0.69609	0.87369	0.83724	1.0	612	0	0
HIVEP1__P1P2	8	0.87342	0.067164	0.106152	611	1	-0.6167	0.90555	0.8927	1.0	658	0	0
TFAP4__P1P2	8	0.87557	0.067164	0.106152	612	1	-0.58483	0.88473	0.85278	1.0	627	0	0
FAM203A__ENST00000347708.4	8	0.87677	0.067164	0.106152	613	1	-0.56174	0.8493	0.79394	1.0	570	0	0
HDAC8__P1P2	8	0.88055	0.071082	0.111979	614	1	-0.58302	0.93198	0.93595	1.0	696	0	0
NSG1__NM_001040101_NM_014392	8	0.88157	0.071082	0.111979	615	1	-0.60344	0.79561	0.66754	1.0	503	0	0
ARHGAP21__P1P2	8	0.88272	0.07493	0.117851	616	1	-0.55234	3.1853e-07	4.9462e-06	4.4e-05	43	7	0.59164
CHRNA7__32322509	8	0.88423	0.07854	0.12333	617	1	-0.5673	0.80958	0.69476	1.0	520	0	0
CNR1__P1P2	8	0.88902	0.086306	0.134024	618	1	-0.53557	0.89853	0.88088	1.0	647	0	0
RSPRY1__P1P2	8	0.88914	0.086306	0.134024	619	1	-0.59431	0.8901	0.86037	1.0	636	0	0
ILF3__P1P2	8	0.89022	0.086306	0.134024	620	1	-0.56444	0.91284	0.90574	1.0	672	0	0
SPRY4__P1P2	8	0.89046	0.086316	0.134024	621	1	-0.4854	0.13603	0.0049412	0.027762	172	2	0.6415
NONO__P1P2	8	0.89164	0.086316	0.134024	622	1	-0.50061	0.78509	0.64821	1.0	493	0	0
ATXN2L__P1P2	8	0.89211	0.086316	0.134024	623	1	-0.52607	0.026103	0.00030172	0.002141	137	3	0.49643
GNA13__P1P2	8	0.89235	0.086316	0.134024	624	1	-0.53706	0.85805	0.81386	1.0	582	0	0
C17orf49__P2	8	0.89433	0.093577	0.145067	625	1	-0.50145	0.77343	0.62324	1.0	479	0	0
TUBA1C__P1P2	8	0.89582	0.097415	0.150776	626	1	-0.48351	0.9996	1.0	1.0	898	0	0
HIGD2A__P1P2	8	0.89616	0.10097	0.154565	627	1	-0.50439	0.76122	0.59452	1.0	467	0	0
UFL1__P1P2	8	0.89662	0.10097	0.154565	628	1	-0.5052	0.6797	0.38452	0.965323	385	0	0
CCR6__ENST00000400926.2	8	0.89707	0.10097	0.154565	629	1	-0.47468	0.85366	0.80556	1.0	576	0	0
NCF1__74188108	8	0.89819	0.10098	0.154565	630	1	-0.51283	0.84883	0.79297	1.0	569	0	0
RASA2__P1P2	8	0.89875	0.10098	0.154565	631	1	-0.46681	0.54502	0.13886	0.492613	274	1	0.36756
POC1B__P1P2	8	0.8992	0.10098	0.154565	632	1	-0.47418	0.82896	0.74904	1.0	541	0	0
PEX7__P1P2	8	0.89942	0.10098	0.154565	633	1	-0.4643	0.8432	0.77992	1.0	561	0	0
SRSF6__P1	8	0.90107	0.11609	0.177145	634	1	-0.42199	0.69492	0.41473	0.992907	403	0	0
PINK1__P1P2	8	0.90193	0.11609	0.177145	635	1	-0.45248	0.63273	0.29523	0.839083	340	0	0
FBXO42__P1P2	8	0.90258	0.1203	0.1827	636	1	-0.45452	8.8849e-05	4.9462e-06	4.4e-05	80	5	1.1456
TPI1__P1P2	8	0.90269	0.1203	0.1827	637	1	-0.50783	0.64392	0.31077	0.84614	352	0	0
OCLN__68788394	8	0.9029	0.1203	0.1827	638	1	-0.45689	0.83349	0.75974	1.0	545	0	0
ARHGEF5__144052240	8	0.90355	0.12422	0.187507	639	1	-0.48978	0.84024	0.76935	1.0	560	0	0
USP44__P1	8	0.90397	0.12423	0.187507	640	1	-0.46769	0.73762	0.53922	1.0	437	0	0
GDF7__P1P2	8	0.90408	0.12423	0.187507	641	1	-0.45139	0.83176	0.75584	1.0	543	0	0
TMEM194A__P1P2	8	0.90418	0.12423	0.187507	642	1	-0.51106	0.83774	0.76703	1.0	554	0	0
CCDC64__ENST00000397558.2	8	0.90555	0.12766	0.192375	643	1	-0.48091	0.64459	0.31077	0.84614	353	0	0
ZDHHC17__P1P2	8	0.90639	0.13114	0.196117	644	1	-0.44369	0.8474	0.79044	1.0	565	0	0
LNPEP__P1P2	8	0.90701	0.13114	0.196117	645	1	-0.45339	0.77478	0.62494	1.0	481	0	0
GPBP1__P1P2	8	0.90711	0.13114	0.196117	646	1	-0.43193	0.97455	0.98754	1.0	765	0	0
PCNXL3__P1P2	8	0.90763	0.13115	0.196117	647	1	-0.45111	0.77634	0.62671	1.0	484	0	0
FBXO28__P1P2	8	0.90794	0.13115	0.196117	648	1	-0.39959	0.00056861	4.9462e-06	4.4e-05	93	4	0.9023
TNKS2__P1P2	8	0.90895	0.13499	0.201252	649	1	-0.45766	0.99633	0.99982	1.0	845	0	0
DUSP22__292259	8	0.90946	0.135	0.201252	650	1	-0.40815	0.89831	0.88088	1.0	645	0	0
S100A16__P1P2	8	0.91037	0.13875	0.205909	651	1	-0.41415	0.56771	0.16732	0.562766	288	1	0.38427
SLX1A__30205037	8	0.91126	0.13875	0.205909	652	1	-0.45156	0.92089	0.91874	1.0	682	0	0
PTPN20A__46639859	8	0.91195	0.13876	0.205909	653	1	-0.43882	0.71118	0.46664	1.0	412	0	0
CDK10__P1P2	8	0.91323	0.14622	0.216332	654	0	0	0.04716	0.0017856	0.011046	157	3	0.38316
ADAMTS16__P2	8	0.91332	0.14622	0.216332	655	0	0	0.76426	0.60172	1.0	470	0	0
CLDN3__P1P2	8	0.91381	0.14997	0.220884	656	0	0	0.57636	0.17666	0.566752	299	1	0.36988
ANLN__P1P2	8	0.914	0.14997	0.220884	657	0	0	0.17391	0.011302	0.059433	184	2	0.60096
PLA2G7__P1P2	8	0.91439	0.14998	0.220884	658	0	0	0.21663	0.028079	0.133138	205	2	0.42593
ZMYM4__P1P2	11	0.91487	0.066759	0.106152	659	1	-0.88075	0.32787	0.047736	0.217836	216	2	0.39952
SPIN1__P1P2	8	0.91544	0.15387	0.226267	660	0	0	0.56732	0.16732	0.562766	287	1	0.38267
KIDINS220__P1P2	8	0.91619	0.16468	0.241801	661	0	0	0.72267	0.50248	1.0	421	0	0
PURB__P1P2	8	0.91676	0.16873	0.246995	662	0	0	0.86479	0.82061	1.0	595	0	0
GPATCH8__P1P2	8	0.91723	0.17258	0.25187	663	0	0	4.3228e-09	4.9462e-06	4.4e-05	29	7	1.2166
DMRT3__P1P2	8	0.91732	0.17258	0.25187	664	0	0	0.87234	0.83548	1.0	609	0	0
SOX2__P1P2	11	0.9176	0.066759	0.106152	665	1	-0.77905	0.86981	0.74025	1.0	601	0	0
KIAA0247__P1P2	8	0.91843	0.17661	0.255093	666	0	0	0.58714	0.19048	0.601133	307	1	0.35183
DCUN1D1__P1P2	8	0.91852	0.17661	0.255093	667	0	0	0.86986	0.83222	1.0	602	0	0
PDZK1__145727481	8	0.9188	0.17661	0.255093	668	0	0	0.83383	0.75975	1.0	547	0	0
LHFP__P1P2	8	0.91889	0.17661	0.255093	669	0	0	0.52603	0.126	0.45365	265	1	0.42956
ZNF655__P1P2	8	0.91953	0.17661	0.255093	670	0	0	0.9702	0.9836	1.0	759	0	0
SLX1B__29465621	8	0.91971	0.17662	0.255093	671	0	0	0.90895	0.89893	1.0	666	0	0
C20orf196__P1P2	8	0.92062	0.17662	0.255093	672	0	0	0.52388	0.126	0.45365	264	1	0.41899
AP3B1__P1P2	8	0.92097	0.18019	0.259494	673	0	0	0.81996	0.72716	1.0	530	0	0
SYT14__P1P2	8	0.92133	0.1802	0.259494	674	0	0	0.78978	0.65323	1.0	499	0	0
MBD6__P1P2	8	0.92151	0.18384	0.263579	675	0	0	0.20563	0.020908	0.10217	197	2	0.42528
HOXC4__ENST00000430889.2	8	0.92187	0.18384	0.263579	676	0	0	0.61627	0.26881	0.801513	321	1	0.34055
NR2E3__P1P2	8	0.92222	0.18385	0.263579	677	0	0	0.64492	0.31077	0.84614	354	0	0
FZR1__P1P2	8	0.92388	0.1914	0.273593	678	0	0	0.21253	0.024587	0.11836	201	2	0.34596
ZNF644__P1P2	8	0.92457	0.19495	0.27826	679	0	0	0.77185	0.61933	1.0	477	0	0
TMEM81__ENST00000367167.3	8	0.92552	0.20994	0.297048	680	0	0	0.34856	0.055125	0.240277	223	1	0.70739
ARL14EP__P1P2	8	0.9256	0.20994	0.297048	681	0	0	0.64592	0.31077	0.84614	356	0	0
MAZ__P1P2	8	0.92611	0.20994	0.297048	682	0	0	0.98677	0.99671	1.0	797	0	0
ZNF43__P1	8	0.92645	0.20994	0.297048	683	0	0	0.85102	0.79968	1.0	574	0	0
LYPLA2__P1P2	8	0.92687	0.20995	0.297048	684	0	0	0.9985	0.99998	1.0	868	0	0
PRCP__P1	8	0.92703	0.20995	0.297048	685	0	0	0.59055	0.20321	0.639236	308	1	0.36633
PYGO2__P1P2	8	0.92786	0.21326	0.301298	686	0	0	0.02962	0.00038086	0.002625	141	3	0.47068
LOC643037__P1P2	8	0.92811	0.21639	0.304401	687	0	0	0.25205	0.045797	0.209974	211	1	0.94841
TRIP12__P1P2	8	0.92861	0.2164	0.304401	688	0	0	0.13405	0.0049313	0.027762	171	2	0.48211
FAM98A__P1P2	8	0.92869	0.2164	0.304401	689	0	0	0.0025877	4.9462e-06	4.4e-05	103	4	0.58714
DHRS3__P1P2	8	0.92966	0.22678	0.318078	690	0	0	0.63342	0.29523	0.839083	341	0	0
TMTC2__P1P2	8	0.92999	0.2303	0.321639	691	0	0	0.76333	0.60171	1.0	469	0	0
HIBADH__P1P2	8	0.93015	0.23031	0.321639	692	0	0	0.5748	0.17666	0.566752	296	1	0.38244
RTKN2__P1P2	8	0.93023	0.23031	0.321639	693	0	0	0.028564	0.00037096	0.002594	139	3	0.49529
PLOD3__P1P2	8	0.93135	0.24111	0.336242	694	0	0	0.4901	0.093874	0.357862	250	1	0.46214
CCDC101__P1P2	8	0.93229	0.24809	0.343503	695	0	0	0.45956	0.07123	0.283792	242	1	0.50114
PRAMEF12__ENST00000357726.4	8	0.93245	0.24809	0.343503	696	0	0	0.91066	0.9029	1.0	668	0	0
TADA2B__P1P2	8	0.93252	0.24809	0.343503	697	0	0	0.0021265	4.9462e-06	4.4e-05	100	4	0.97514
VGLL3__P1P2	8	0.9326	0.24809	0.343503	698	0	0	0.19791	0.01514	0.075857	194	1	1.0585
KAT7__P1P2	8	0.93338	0.25139	0.347583	699	0	0	0.69199	0.40654	0.982982	400	0	0
MED16__P1P2	8	0.93445	0.26163	0.360713	700	0	0	1.2979e-07	4.9462e-06	4.4e-05	39	6	0.99216
PRR14L__P1P2	8	0.9346	0.26163	0.360713	701	0	0	0.61052	0.25244	0.766782	318	1	0.32903
MTCH2__P1P2	8	0.93483	0.26522	0.365146	702	0	0	0.22011	0.031077	0.145225	208	2	0.35588
CAPG__P1	8	0.93566	0.26861	0.369295	703	0	0	0.82307	0.73664	1.0	532	0	0
ZNF286A__15602675	8	0.93677	0.27849	0.381264	704	0	0	0.72879	0.51623	1.0	428	0	0
SPRR2G__P1P2	8	0.93685	0.27849	0.381264	705	0	0	0.73685	0.53921	1.0	436	0	0
PTRHD1__P1P2	8	0.93692	0.27849	0.381264	706	0	0	0.76239	0.59993	1.0	468	0	0
TTLL10__P1	8	0.9378	0.28871	0.394156	707	0	0	0.89886	0.88089	1.0	649	0	0
TTC23L__P1P2	8	0.93794	0.28872	0.394156	708	0	0	0.68484	0.39571	0.975781	390	0	0
C14orf119__P1P2	8	0.93895	0.30569	0.416732	709	0	0	0.72826	0.51623	1.0	427	0	0
FAF1__P1P2	8	0.93973	0.31445	0.42808	710	0	0	0.27666	0.051979	0.231806	212	1	0.83433
C1orf101__P1P2	8	0.94148	0.33003	0.448662	711	0	0	0.62997	0.29522	0.839083	334	0	0
AGO1__36348590	8	0.94182	0.33328	0.449316	712	0	0	0.73115	0.52077	1.0	431	0	0
ESYT1__P2	8	0.94189	0.33328	0.449316	713	0	0	0.00097162	4.9462e-06	4.4e-05	97	4	0.84059
ATP1A1__P1P2	8	0.94237	0.33329	0.449316	714	0	0	0.66604	0.3565	0.921606	375	0	0
PHYH__P1P2	8	0.9425	0.33329	0.449316	715	0	0	0.68932	0.40155	0.975781	396	0	0
RPS4Y1__P1P2	8	0.9427	0.33329	0.449316	716	0	0	0.76682	0.60759	1.0	473	0	0
UFC1__P1P2	8	0.94277	0.33329	0.449316	717	0	0	0.84531	0.78404	1.0	563	0	0
SLC11A2__P1	8	0.94318	0.33628	0.452089	718	0	0	0.74868	0.56889	1.0	449	0	0
TXNDC16__P1P2	8	0.94324	0.33628	0.452089	719	0	0	0.83314	0.75835	1.0	544	0	0
MLLT4__P1P2	8	0.94431	0.33924	0.455449	720	0	0	0.68754	0.39874	0.975781	394	0	0
GPRIN2__46993345	8	0.9449	0.34533	0.462977	721	0	0	0.42031	0.068094	0.279313	232	1	0.57165
JMJD1C__P1P2	8	0.94568	0.35139	0.470459	722	0	0	0.62545	0.28533	0.837889	330	0	0
GTF2IRD2B__74508172	8	0.94626	0.36064	0.480855	723	0	0	0.84977	0.79395	1.0	573	0	0
WNT3A__P1P2	8	0.94645	0.36064	0.480855	724	0	0	0.63239	0.29523	0.839083	339	0	0
SERPINB9__P1P2	8	0.94689	0.36064	0.480855	725	0	0	0.7432	0.55239	1.0	443	0	0
LEO1__P1P2	8	0.94783	0.36351	0.484016	726	0	0	0.53792	0.12928	0.460288	273	1	0.40078
GTF2H2C__68855815	8	0.94851	0.36955	0.491391	727	0	0	0.89433	0.8723	1.0	641	0	0
OPRD1__P1P2	8	0.94882	0.37244	0.494555	728	0	0	0.57166	0.17666	0.566752	291	1	0.36117
PCGF2__P1	8	0.94907	0.37553	0.496631	729	0	0	0.44346	0.068104	0.279313	238	1	0.53439
PRC1__P1P2	8	0.94937	0.37554	0.496631	730	0	0	0.63479	0.30168	0.84614	343	0	0
USP10__P1P2	8	0.94967	0.37554	0.496631	731	0	0	0.024367	0.00023247	0.001686	134	2	1.2875
PRSS40A__131328218	8	0.94997	0.38098	0.503142	732	0	0	0.77275	0.62115	1.0	478	0	0
GLYR1__P1P2	8	0.95122	0.38397	0.505713	733	0	0	0.78228	0.64127	1.0	490	0	0
ING5__P1P2	8	0.95163	0.38397	0.505713	734	0	0	0.00017344	4.9462e-06	4.4e-05	85	4	1.2539
NEUROD1__P1P2	8	0.95186	0.38952	0.512328	735	0	0	0.75478	0.58906	1.0	454	0	0
NDUFS4__P1P2	8	0.95215	0.39219	0.515144	736	0	0	0.93596	0.93938	1.0	700	0	0
TICAM2__P2	8	0.9525	0.39478	0.517849	737	0	0	0.68604	0.39572	0.975781	392	0	0
KLF5__P1P2	8	0.95425	0.4171	0.546386	738	0	0	0.91146	0.90458	1.0	669	0	0
FAM3B__P1P2	8	0.95469	0.42465	0.555538	739	0	0	0.83757	0.76702	1.0	553	0	0
PTPRF__P1P2	8	0.95508	0.43258	0.564397	740	0	0	4.8681e-05	4.9462e-06	4.4e-05	75	6	0.51672
HIST2H2BE__149857437	8	0.95513	0.43259	0.564397	741	0	0	0.80626	0.68692	1.0	517	0	0
HLA-DMA__P2	8	0.95573	0.43539	0.567288	742	0	0	0.8934	0.87006	1.0	639	0	0
MPHOSPH8__P1	8	0.956	0.43798	0.568392	743	0	0	0.68273	0.38732	0.965323	388	0	0
RSPH3__P1P2	8	0.95653	0.43799	0.568392	744	0	0	0.063774	0.0033387	0.020282	160	1	1.8212
TMEM229B__P1	8	0.9569	0.43799	0.568392	745	0	0	0.68213	0.38732	0.965323	387	0	0
PTPN20B__48806138	8	0.95758	0.44828	0.580207	746	0	0	0.81511	0.71151	1.0	526	0	0
ZNRF3__P1P2	8	0.95769	0.44829	0.580207	747	0	0	0.81246	0.70085	1.0	523	0	0
NAIP__70315936	8	0.958	0.45367	0.586391	748	0	0	0.94907	0.95779	1.0	723	0	0
B3GAT3__P1P2	8	0.95917	0.47418	0.611285	749	0	0	1.449e-05	4.9462e-06	4.4e-05	64	5	1.0521
EIF4B__P1P2	8	0.95962	0.47419	0.611285	750	0	0	0.21979	0.031077	0.145225	207	2	0.66671
AKAP10__P1P2	8	0.95977	0.47926	0.617008	751	0	0	0.56652	0.16732	0.562766	286	1	0.3857
PHF8__P1P2	11	0.95999	0.16641	0.243974	752	1	-0.46111	0.99957	1.0	1.0	895	0	0
PKDCC__P1P2	8	0.96016	0.48921	0.628169	753	0	0	0.80977	0.69476	1.0	521	0	0
MED13L__P1P2	8	0.96031	0.48922	0.628169	754	0	0	0.00010645	4.9462e-06	4.4e-05	82	5	0.64575
MESDC2__P1P2	8	0.96133	0.50376	0.645149	755	0	0	0.68813	0.39875	0.975781	395	0	0
PTPN20A__46640202	8	0.96152	0.50377	0.645149	756	0	0	0.63136	0.29522	0.839083	337	0	0
PLCG1__P1P2	8	0.96251	0.52001	0.665062	757	0	0	0.00035427	4.9462e-06	4.4e-05	91	5	0.53974
BOLA2__29465484	8	0.9627	0.52236	0.667195	758	0	0	0.90804	0.89702	1.0	665	0	0
PDS5A__P1P2	8	0.96311	0.52929	0.675153	759	0	0	0.65578	0.32309	0.848766	368	0	0
EMD__P1P2	8	0.96348	0.53166	0.677292	760	0	0	0.20188	0.017693	0.08774	196	2	0.40319
BPTF__P1P2	8	0.9637	0.53595	0.681868	761	0	0	0.17937	0.012262	0.064077	186	2	0.38498
TMX2__P1P2	8	0.96398	0.54057	0.686846	762	0	0	0.61805	0.26882	0.801513	324	1	0.33121
CAP1__P1P2	8	0.96425	0.54278	0.688749	763	0	0	0.63785	0.31076	0.84614	346	0	0
CCNK__P2	11	0.96433	0.18628	0.266661	764	1	-0.44304	0.7385	0.3654	0.9322	438	1	0.32836
ZNF740__P1P2	8	0.96513	0.55325	0.700214	765	0	0	0.86043	0.81387	1.0	588	0	0
LRRC40__P1P2	8	0.96548	0.55326	0.700214	766	0	0	0.8591	0.81386	1.0	586	0	0
ATL3__P1P2	8	0.966	0.55527	0.701854	767	0	0	0.97642	0.98915	1.0	774	0	0
NOTCH2__120611488	8	0.96663	0.57265	0.721946	768	0	0	0.73864	0.53922	1.0	439	0	0
SND1__P1P2	8	0.96676	0.57265	0.721946	769	0	0	0.0028078	4.9462e-06	4.4e-05	106	4	0.88273
CXorf56__P1P2	11	0.96703	0.22498	0.316009	770	0	0	8.9294e-11	4.9462e-06	4.4e-05	19	7	1.6417
SFPQ__P1P2	8	0.9686	0.60221	0.757957	771	0	0	0.0467	0.0017064	0.010632	156	3	0.35701
UFM1__P1P2	8	0.9688	0.60403	0.757957	772	0	0	0.86678	0.82468	1.0	597	0	0
DNASE1L1__P1	8	0.96888	0.60404	0.757957	773	0	0	0.81074	0.6962	1.0	522	0	0
GLCE__P1P2	8	0.96904	0.6061	0.757957	774	0	0	0.11467	0.0037245	0.021808	166	2	0.50257
GATA3__P1P2	8	0.96908	0.6061	0.757957	775	0	0	0.94683	0.9539	1.0	719	0	0
ADD1__P1P2	8	0.96928	0.60611	0.757957	776	0	0	0.44789	0.068104	0.279313	239	1	0.5183
RANBP2__109335729	8	0.96935	0.60823	0.757957	777	0	0	0.59879	0.22301	0.685963	315	1	0.36443
SERF1B__69320873	8	0.96939	0.60823	0.757957	778	0	0	0.705	0.44881	1.0	409	0	0
C11orf71__P1P2	8	0.96955	0.60824	0.757957	779	0	0	0.69579	0.41473	0.992907	404	0	0
MED24__P1P2	8	0.96974	0.60997	0.759141	780	0	0	0.00044384	4.9462e-06	4.4e-05	92	4	0.98909
RUNX1T1__P2	8	0.96998	0.61383	0.760062	781	0	0	0.013893	0.00020279	0.001505	129	3	0.66427
GNE__P1P2	11	0.9701	0.24353	0.339121	782	0	0	0.86602	0.73114	1.0	596	0	0
ATRN__P1P2	8	0.97013	0.61384	0.760062	783	0	0	0.80409	0.68691	1.0	512	0	0
CFC1B__131278628	8	0.97017	0.61384	0.760062	784	0	0	0.66667	0.35651	0.921606	376	0	0
LYRM7__P1P2	8	0.9702	0.61384	0.760062	785	0	0	0.98041	0.99258	1.0	784	0	0
RBL1__P1P2	8	0.97036	0.61755	0.763683	786	0	0	0.094494	0.0036354	0.021605	163	1	1.5854
CTXN1__P1P2	8	0.97144	0.62655	0.773831	787	0	0	0.50724	0.10019	0.380427	256	1	0.43303
SSBP3__P1P2	8	0.97188	0.63184	0.778401	788	0	0	0.72213	0.50031	1.0	420	0	0
PFDN5__P1P2	8	0.97195	0.63185	0.778401	789	0	0	0.53624	0.12927	0.460288	271	1	0.42327
COPE__P1P2	8	0.97217	0.63354	0.779497	790	0	0	0.87782	0.84311	1.0	613	0	0
CWC25__P1P2	8	0.97284	0.64629	0.794181	791	0	0	0.87939	0.84631	1.0	616	0	0
MARCKS__P1P2	8	0.97302	0.6481	0.7954	792	0	0	0.65708	0.32309	0.848766	370	0	0
KIFAP3__P1P2	8	0.97412	0.66762	0.81832	793	0	0	1.7773e-10	4.9462e-06	4.4e-05	20	7	1.2487
UBA5__P1P2	8	0.97435	0.67097	0.820374	794	0	0	0.20907	0.022233	0.108053	200	2	0.35978
ATP6AP2__P1P2	8	0.97439	0.67098	0.820374	795	0	0	0.65121	0.31989	0.848766	361	0	0
EPC1__P1P2	8	0.97465	0.67423	0.823305	796	0	0	0.34058	0.055115	0.240277	219	1	0.73485
ZIC2__P1P2	8	0.97728	0.71613	0.872283	797	0	0	0.49873	0.093884	0.357862	255	1	0.43289
JPH3__P1P2	8	0.97731	0.71613	0.872283	798	0	0	0.63032	0.29522	0.839083	335	0	0
FCGR1B__120935150	8	0.97749	0.71776	0.873165	799	0	0	0.7145	0.48415	1.0	414	0	0
PDLIM7__P1	8	0.97772	0.72174	0.876917	800	0	0	0.85625	0.81186	1.0	579	0	0
GOLGA7B__P1P2	8	0.97784	0.72467	0.878802	801	0	0	0.76496	0.60572	1.0	471	0	0
NBPF14__148025047	8	0.97796	0.726	0.878802	802	0	0	0.78595	0.64822	1.0	494	0	0
PCDHGA12__P1P2	8	0.97802	0.72601	0.878802	803	0	0	0.48272	0.084031	0.33068	249	1	0.49361
STX4__P1P2	8	0.97825	0.72731	0.879287	804	0	0	0.14985	0.0070879	0.038923	177	2	0.58708
CORIN__P1P2	8	0.97874	0.73556	0.887055	805	0	0	0.82124	0.73114	1.0	531	0	0
NUDT15__P1P2	8	0.97902	0.73853	0.88953	806	0	0	0.63615	0.30783	0.84614	345	0	0
L3MBTL2__P1P2	8	0.9791	0.73971	0.889846	807	0	0	9.0931e-05	4.9462e-06	4.4e-05	81	4	1.0834
GTF2IRD2__74267046	8	0.97941	0.74109	0.89041	808	0	0	0.23197	0.04274	0.196888	210	1	1.0185
ROCK1__18690984	8	0.97969	0.74502	0.892933	809	0	0	0.84803	0.79045	1.0	567	0	0
MED19__P1P2	8	0.97985	0.74503	0.892933	810	0	0	0.083761	0.0034673	0.020804	162	2	0.69301
FCGR1A__149755456	8	0.98044	0.75461	0.902208	811	0	0	0.80009	0.68034	1.0	506	0	0
TCTN2__P1P2	8	0.98062	0.75462	0.902208	812	0	0	0.00021096	4.9462e-06	4.4e-05	88	5	0.60352
WDR37__P1P2	8	0.98137	0.76329	0.910404	813	0	0	0.72932	0.51623	1.0	429	0	0
KCTD3__P1P2	8	0.98152	0.76428	0.910404	814	0	0	0.18029	0.012638	0.06539	187	2	0.51063
FUT7__P1P2	8	0.98162	0.76429	0.910404	815	0	0	0.32902	0.051989	0.231806	217	1	0.74622
ZNF608__P2	8	0.98177	0.76743	0.91302	816	0	0	7.2422e-06	4.9462e-06	4.4e-05	59	6	1.2226
ADAM18__P1P2	8	0.98209	0.77108	0.914019	817	0	0	0.6535	0.32308	0.848766	364	0	0
CHST15__P2	8	0.98211	0.77108	0.914019	818	0	0	0.6911	0.40394	0.979127	399	0	0
PAPPA__P1P2	8	0.98219	0.77109	0.914019	819	0	0	0.73428	0.53005	1.0	435	0	0
CISD1__P1P2	8	0.98248	0.77447	0.916911	820	0	0	0.91889	0.91623	1.0	681	0	0
ZFYVE9__P1P2	8	0.98293	0.78049	0.922919	821	0	0	0.18395	0.013093	0.066979	190	2	0.42661
CORO1B__67206891	8	0.98424	0.80238	0.946491	822	0	0	0.90722	0.89579	1.0	663	0	0
PSMG3__P2	8	0.98437	0.80654	0.950251	823	0	0	0.834	0.75975	1.0	548	0	0
UBE3A__P1P2	8	0.98459	0.80758	0.950322	824	0	0	0.007363	0.00014344	0.001152	121	4	0.51157
EVI5__P1P2	8	0.98495	0.81337	0.955629	825	0	0	0.0042276	1.4839e-05	0.000124	111	4	0.48603
CALU__P1P2	8	0.98518	0.81422	0.955629	826	0	0	0.86421	0.8206	1.0	594	0	0
CTNNB1__P1P2	8	0.98538	0.81504	0.955629	827	0	0	0.0011604	4.9462e-06	4.4e-05	98	4	0.91025
C11orf73__P1P2	8	0.98559	0.81696	0.956725	828	0	0	0.031982	0.00047978	0.003284	142	3	0.42594
RBM15__110881839	8	0.98577	0.82001	0.959149	829	0	0	3.1111e-05	4.9462e-06	4.4e-05	72	4	2.2282
KMT2D__P1P2	8	0.98651	0.82905	0.967397	830	0	0	0.90732	0.89579	1.0	664	0	0
CACHD1__P1P2	8	0.98653	0.82905	0.967397	831	0	0	0.040954	0.00089526	0.005763	149	3	0.41591
ELOVL6__P1P2	8	0.98692	0.83354	0.971263	832	0	0	0.78702	0.64986	1.0	496	0	0
ZBTB7B__P1P2	8	0.98705	0.83437	0.971263	833	0	0	0.0049003	1.4839e-05	0.000124	117	4	0.45783
CD8B__87088218	8	0.98756	0.84171	0.976312	834	0	0	0.5973	0.21659	0.66833	314	1	0.35176
SERF1A__70196291	8	0.98759	0.84171	0.976312	835	0	0	0.89022	0.86037	1.0	637	0	0
SF1__P1P2	8	0.98763	0.84172	0.976312	836	0	0	0.0034158	4.9462e-06	4.4e-05	109	4	0.50769
PKNOX1__P1P2	9	0.98791	0.7856	0.927826	837	0	0	0.011414	0.00017312	0.001357	127	4	0.64176
PTPN20A__46619211	8	0.98824	0.85353	0.988832	838	0	0	0.67817	0.38185	0.964048	383	0	0
PATL1__P1P2	8	0.9885	0.85922	0.993054	839	0	0	0.040212	0.00089526	0.005763	147	3	0.49994
RALGAPA1__P1P2	8	0.98852	0.85922	0.993054	840	0	0	0.0027702	4.9462e-06	4.4e-05	105	4	0.50951
PTPN20B__48826780	8	0.98904	0.86811	1.0	841	0	0	0.69927	0.42262	1.0	406	0	0
ATP6AP1__P1P2	8	0.98934	0.87411	1.0	842	0	0	0.57205	0.17666	0.566752	292	1	0.36401
MYO9B__P1P2	8	0.98955	0.88038	1.0	843	0	0	0.14781	0.006801	0.03756	175	2	0.5075
ATP6V0E1__P1P2	8	0.98967	0.88039	1.0	844	0	0	0.14839	0.006801	0.03756	176	2	0.45055
KRTCAP3__P1P2	8	0.98978	0.8817	1.0	845	0	0	0.19995	0.015862	0.079068	195	1	1.1012
HEXIM1__P1P2	8	0.99029	0.88911	1.0	846	0	0	0.81699	0.71878	1.0	528	0	0
KAT6B__P1P2	8	0.99035	0.88971	1.0	847	0	0	0.043335	0.0011228	0.007041	155	3	0.50524
ELOF1__P1P2	8	0.99077	0.89607	1.0	848	0	0	0.015004	0.00020279	0.001505	130	3	0.80529
ATP2C1__P1P2	8	0.99094	0.89784	1.0	849	0	0	0.024719	0.00024236	0.001732	135	3	0.79828
ZC3H7B__P1P2	8	0.99113	0.90016	1.0	850	0	0	0.46388	0.07124	0.283792	245	1	0.50035
ACAD11__P1P2	8	0.99125	0.90249	1.0	851	0	0	0.78185	0.63964	1.0	489	0	0
FAM115A__143598483	8	0.99175	0.90886	1.0	852	0	0	0.7598	0.59272	1.0	463	0	0
IFT46__P1P2	8	0.99193	0.91158	1.0	853	0	0	7.9812e-05	4.9462e-06	4.4e-05	79	5	0.79796
RNF2__P1P2	8	0.99203	0.91262	1.0	854	0	0	0.84337	0.77993	1.0	562	0	0
MLLT3__P1P2	8	0.99205	0.91262	1.0	855	0	0	0.027444	0.00036107	0.002543	138	2	0.95954
FAM222B__P1	11	0.9921	0.73101	0.882662	856	0	0	0.75762	0.39986	0.975781	460	0	0
INTS6__P1P2	8	0.99274	0.91998	1.0	857	0	0	0.042352	0.00099418	0.006316	153	3	0.4383
KDM5C__P1P2	8	0.99318	0.92444	1.0	858	0	0	7.6139e-09	4.9462e-06	4.4e-05	31	7	1.3612
TRIP6__P1P2	8	0.99321	0.92445	1.0	859	0	0	5.9358e-07	4.9462e-06	4.4e-05	47	7	0.75838
PMAIP1__57567020	8	0.99342	0.92673	1.0	860	0	0	2.9275e-13	4.9462e-06	4.4e-05	8	6	3.2821
SERTAD1__P1P2	8	0.99374	0.93159	1.0	861	0	0	0.58062	0.17667	0.566752	301	1	0.35628
ROR1__P1P2	8	0.99416	0.93989	1.0	862	0	0	0.21537	0.027209	0.12969	203	2	0.35287
STMND1__P1P2	8	0.99431	0.94192	1.0	863	0	0	0.74595	0.563	1.0	446	0	0
UHMK1__P1P2	8	0.99443	0.94335	1.0	864	0	0	0.04739	0.0017955	0.011046	158	3	0.41589
SALL2__P1P2	8	0.99454	0.94501	1.0	865	0	0	0.1643	0.0088685	0.047364	182	2	0.51627
MTF2__P1P2	8	0.99473	0.94811	1.0	866	0	0	6.8248e-06	4.9462e-06	4.4e-05	58	6	0.59637
CREBBP__P1P2	8	0.99493	0.94986	1.0	867	0	0	0.0012713	4.9462e-06	4.4e-05	99	4	1.4208
AGO2__141644983	8	0.99512	0.95259	1.0	868	0	0	0.029266	0.00038086	0.002625	140	3	0.5501
GMPR2__P1P2	8	0.99529	0.9546	1.0	869	0	0	0.12675	0.0044268	0.025461	168	2	0.51303
GAPVD1__P1P2	8	0.99547	0.95736	1.0	870	0	0	0.66413	0.34743	0.902959	374	0	0
KLLN__P1P2	8	0.99568	0.96086	1.0	871	0	0	1.3485e-05	4.9462e-06	4.4e-05	62	6	0.55862
C19orf43__P1P2	8	0.99588	0.96333	1.0	872	0	0	0.040106	0.00088537	0.005763	146	3	0.58399
UBE2R2__P1P2	8	0.99592	0.96382	1.0	873	0	0	6.4275e-06	4.9462e-06	4.4e-05	57	6	0.61278
TULP3__P2	8	0.99608	0.96641	1.0	874	0	0	4.6586e-09	4.9462e-06	4.4e-05	30	7	0.93457
C6orf62__P1	11	0.99618	0.87148	1.0	875	0	0	0.37363	0.08683	0.340319	227	1	0.8578
EXT1__P1P2	8	0.99618	0.96817	1.0	876	0	0	0.004369	1.4839e-05	0.000124	113	3	1.0116
TCF7L1__P1P2	8	0.99631	0.97045	1.0	877	0	0	2.5205e-05	4.9462e-06	4.4e-05	68	6	0.59497
ELK3__P1P2	8	0.99636	0.9709	1.0	878	0	0	0.87	0.83222	1.0	603	0	0
SRGAP2__206636520	8	0.99646	0.97208	1.0	879	0	0	0.65481	0.32308	0.848766	367	0	0
KDM3A__P1P2	8	0.99648	0.97209	1.0	880	0	0	0.57048	0.17035	0.566752	290	1	0.3638
USP48__P1P2	8	0.99658	0.97291	1.0	881	0	0	0.19783	0.01513	0.075857	193	2	0.36833
ZNF286B__18584835	8	0.99664	0.97314	1.0	882	0	0	0.64191	0.31077	0.84614	348	0	0
ZNF787__P1P2	8	0.99674	0.97395	1.0	883	0	0	8.5728e-09	4.9462e-06	4.4e-05	32	7	1.7906
UBE2E3__P1P2	8	0.99681	0.97415	1.0	884	0	0	0.61555	0.26881	0.801513	320	1	0.33471
USP22__P1P2	8	0.99686	0.97461	1.0	885	0	0	0.00018568	4.9462e-06	4.4e-05	86	5	0.6029
TCF3__P1P2	8	0.99764	0.98425	1.0	886	0	0	0.20782	0.020917	0.10217	199	2	0.46505
PPP1R16B__P1P2	8	0.9978	0.98626	1.0	887	0	0	0.59618	0.21315	0.659802	313	1	0.36202
UBE2M__P1P2	8	0.99792	0.98686	1.0	888	0	0	0.0027072	4.9462e-06	4.4e-05	104	3	1.0298
B4GALT7__P1P2	8	0.99801	0.98728	1.0	889	0	0	1.5369e-05	4.9462e-06	4.4e-05	65	6	0.83605
DDRGK1__P1P2	8	0.99803	0.98756	1.0	890	0	0	0.60652	0.23916	0.731026	317	1	0.34817
NF2__29999349	8	0.99812	0.98832	1.0	891	0	0	2.0154e-11	4.9462e-06	4.4e-05	15	6	3.1616
TTBK2__P1P2	8	0.99826	0.98989	1.0	892	0	0	1.267e-05	4.9462e-06	4.4e-05	61	6	0.76634
HNRNPUL1__P1P2	11	0.99828	0.95188	1.0	893	0	0	0.03827	0.00077655	0.005242	145	3	0.67077
MED25__P1P2	8	0.99831	0.99009	1.0	894	0	0	0.013779	0.00020279	0.001505	128	3	0.99444
FAM83H__P1P2	8	0.99836	0.9902	1.0	895	0	0	0.281	0.051979	0.231806	213	1	0.92352
SHCBP1__P1P2	8	0.99855	0.99184	1.0	896	0	0	6.2277e-06	4.9462e-06	4.4e-05	56	6	0.97837
FNIP1__P1P2	8	0.99863	0.99252	1.0	897	0	0	0.59356	0.2097	0.65125	311	1	0.34398
ZNF710__P1P2	8	0.99866	0.99296	1.0	898	0	0	0.15306	0.00781	0.042228	179	2	0.51278
ZMIZ1__P1P2	11	0.99872	0.96505	1.0	899	0	0	6.8434e-07	4.9462e-06	4.4e-05	48	8	0.65885
ZNF90__P1P2	8	0.99872	0.99327	1.0	900	0	0	0.21568	0.027219	0.12969	204	2	0.43441
NOSIP__P1P2	8	0.99878	0.99371	1.0	901	0	0	0.289	0.051979	0.231806	214	1	0.84151
SOS1__P1P2	8	0.99887	0.99419	1.0	902	0	0	0.0024365	4.9462e-06	4.4e-05	101	4	0.58374
ZNF532__P1	8	0.99897	0.9948	1.0	903	0	0	0.0025404	4.9462e-06	4.4e-05	102	4	0.53665
HIST1H1E__P1P2	8	0.99904	0.99522	1.0	904	0	0	0.011009	0.0001929	0.001476	126	3	0.65251
ARHGAP11A__32907502	8	0.99915	0.99573	1.0	905	0	0	0.23027	0.041761	0.193292	209	2	0.34082
PPM1F__P1P2	8	0.9992	0.99616	1.0	906	0	0	0.0077148	0.00018301	0.001412	124	4	0.39154
PICALM__P1P2	8	0.99923	0.99632	1.0	907	0	0	1.3754e-05	4.9462e-06	4.4e-05	63	6	0.61579
ATG16L1__P1P2	8	0.99933	0.99688	1.0	908	0	0	0.16281	0.0081068	0.043535	181	2	0.49173
CAPZA1__P1P2	8	0.99942	0.99746	1.0	909	0	0	4.7907e-06	4.9462e-06	4.4e-05	55	5	1.0239
H2AFX__P1P2	8	0.99945	0.99771	1.0	910	0	0	0.1366	0.0049412	0.027762	173	2	0.52237
RBM47__P1P2	8	0.99946	0.99774	1.0	911	0	0	0.0048078	1.4839e-05	0.000124	116	4	0.48406
ARHGAP12__P1P2	8	0.99946	0.99775	1.0	912	0	0	2.1043e-05	4.9462e-06	4.4e-05	67	6	0.68578
MED13__P1P2	8	0.99955	0.99848	1.0	913	0	0	3.926e-05	4.9462e-06	4.4e-05	74	5	1.1103
SPINT1__P1P2	8	0.99958	0.99868	1.0	914	0	0	0.0069509	0.00010387	0.000841	120	4	0.41525
SNRK__P1P2	8	0.99966	0.99899	1.0	915	0	0	5.1298e-05	4.9462e-06	4.4e-05	76	6	0.45238
TCTN1__P1P2	8	0.9997	0.99917	1.0	916	0	0	3.3822e-05	4.9462e-06	4.4e-05	73	6	0.60781
DCUN1D3__P1P2	8	0.99971	0.9992	1.0	917	0	0	1.1018e-05	4.9462e-06	4.4e-05	60	6	0.68198
MAP4K3__P1P2	8	0.99974	0.99928	1.0	918	0	0	5.6093e-05	4.9462e-06	4.4e-05	78	5	0.70295
TRIM28__P1P2	8	0.99976	0.99934	1.0	919	0	0	0.0002362	4.9462e-06	4.4e-05	89	5	0.78783
SHC1__P2	8	0.99978	0.99944	1.0	920	0	0	7.2689e-07	4.9462e-06	4.4e-05	49	7	0.76856
AHR__P1P2	11	0.99983	0.99796	1.0	921	0	0	0.0047138	3.4623e-05	0.000288	115	5	0.5368
ASXL2__P1P2	8	0.99985	0.99972	1.0	922	0	0	0.15072	0.0073154	0.039947	178	2	0.45036
BBC3__P1P2	8	0.9999	0.9998	1.0	923	0	0	2.2288e-09	4.9462e-06	4.4e-05	28	7	1.2292
SPEN__P1P2	8	0.9999	0.99981	1.0	924	0	0	2.8898e-05	4.9462e-06	4.4e-05	71	6	0.96146
RBM5__P1P2	8	0.99991	0.99982	1.0	925	0	0	3.2557e-10	4.9462e-06	4.4e-05	24	7	1.5949
ZNF296__P1P2	8	0.99996	0.99994	1.0	926	0	0	0.21916	0.031077	0.145225	206	2	0.40298
EYA3__P1P2	8	0.99996	0.99994	1.0	927	0	0	0.003108	4.9462e-06	4.4e-05	107	4	0.61211
ATM__P1P2	8	0.99996	0.99994	1.0	928	0	0	0.0075627	0.00017312	0.001357	123	4	0.51601
BCR__P1P2	8	0.99996	0.99994	1.0	929	0	0	0.00012372	4.9462e-06	4.4e-05	83	5	0.81139
BRPF1__P1P2	8	0.99997	0.99995	1.0	930	0	0	2.7207e-05	4.9462e-06	4.4e-05	70	6	0.44453
GPR137__P1	8	0.99997	0.99995	1.0	931	0	0	1.3969e-07	4.9462e-06	4.4e-05	40	6	1.2377
PRMT7__P1P2	8	0.99997	0.99995	1.0	932	0	0	4.466e-07	4.9462e-06	4.4e-05	46	6	1.178
KCTD10__P1P2	8	0.99997	0.99997	1.0	933	0	0	0.10219	0.0036453	0.021605	164	2	0.6404
PTBP3__P1P2	8	0.99999	1.0	1.0	934	0	0	1.7354e-05	4.9462e-06	4.4e-05	66	6	0.53649
RNF126__P1P2	8	0.99999	1.0	1.0	935	0	0	0.33482	0.051989	0.231806	218	1	0.75219
MED23__P1P2	8	0.99999	1.0	1.0	936	0	0	0.19195	0.014576	0.073843	191	2	0.40061
KATNA1__P1P2	8	0.99999	1.0	1.0	937	0	0	2.1452e-10	4.9462e-06	4.4e-05	23	7	1.1424
KAT6A__P1P2	8	0.99999	1.0	1.0	938	0	0	2.6243e-06	4.9462e-06	4.4e-05	52	6	0.72567
DOCK2__P1P2	8	0.99999	1.0	1.0	939	0	0	0.00074618	4.9462e-06	4.4e-05	96	5	0.51436
IFT172__P1P2	8	1.0	1.0	1.0	940	0	0	9.7588e-08	4.9462e-06	4.4e-05	38	7	0.8291
ZSCAN10__P1P2	8	1.0	1.0	1.0	941	0	0	1.9985e-07	4.9462e-06	4.4e-05	42	7	0.57745
ARAP3__P1P2	8	1.0	1.0	1.0	942	0	0	3.4781e-07	4.9462e-06	4.4e-05	44	7	0.63009
AMOTL1__P1P2	8	1.0	1.0	1.0	943	0	0	0.0042951	1.4839e-05	0.000124	112	4	0.48817
FAM72A__ENST00000367128.3	8	1.0	1.0	1.0	944	0	0	5.5242e-05	4.9462e-06	4.4e-05	77	5	0.77786
KIAA1429__P1P2	8	1.0	1.0	1.0	945	0	0	8.9395e-10	4.9462e-06	4.4e-05	26	6	1.8166
INPP4A__P1P2	8	1.0	1.0	1.0	946	0	0	1.2988e-06	4.9462e-06	4.4e-05	50	7	0.53311
SUFU__104263513	8	1.0	1.0	1.0	947	0	0	1.9296e-10	4.9462e-06	4.4e-05	21	7	2.4716
STRADA__P1P2	8	1.0	1.0	1.0	948	0	0	1.8486e-07	4.9462e-06	4.4e-05	41	7	0.79144
CCDC6__P1P2	8	1.0	1.0	1.0	949	0	0	3.2977e-15	4.9462e-06	4.4e-05	3	7	2.2488
FAM179B__P1P2	8	1.0	1.0	1.0	950	0	0	0.0046443	1.4839e-05	0.000124	114	4	0.57777
PTPN14__P1P2	8	1.0	1.0	1.0	951	0	0	9.9619e-09	4.9462e-06	4.4e-05	33	7	1.1431
CBLL1__P1P2	8	1.0	1.0	1.0	952	0	0	2.5147e-08	4.9462e-06	4.4e-05	37	8	1.1495
BTBD9__P1P2	8	1.0	1.0	1.0	953	0	0	2.3881e-08	4.9462e-06	4.4e-05	36	8	0.52228
EIF4H__P1P2	8	1.0	1.0	1.0	954	0	0	2.2671e-08	4.9462e-06	4.4e-05	35	8	0.88521
CSPP1__P1P2	8	1.0	1.0	1.0	955	0	0	1.2803e-08	4.9462e-06	4.4e-05	34	8	0.71313
SGK223__P1P2	8	1.0	1.0	1.0	956	0	0	1.6618e-14	4.9462e-06	4.4e-05	6	8	1.9587
IBTK__P1	8	1.0	1.0	1.0	957	0	0	2.0614e-09	4.9462e-06	4.4e-05	27	8	0.62963
RNF146__P1P2	8	1.0	1.0	1.0	958	0	0	5.7145e-11	4.9462e-06	4.4e-05	17	8	1.3939
IFT52__P1P2	8	1.0	1.0	1.0	959	0	0	7.3623e-11	4.9462e-06	4.4e-05	18	8	0.87451
INPPL1__P1P2	8	1.0	1.0	1.0	960	0	0	4.6709e-11	4.9462e-06	4.4e-05	16	8	0.9294
USP28__P1P2	8	1.0	1.0	1.0	961	0	0	4.6014e-15	4.9462e-06	4.4e-05	4	8	1.9316
IFT57__P1P2	8	1.0	1.0	1.0	962	0	0	7.2405e-12	4.9462e-06	4.4e-05	14	8	0.89463
GPR137__P2	8	1.0	1.0	1.0	963	0	0	5.6479e-12	4.9462e-06	4.4e-05	13	8	1.1435
BAD__P1P2	8	1.0	1.0	1.0	964	0	0	1.6198e-12	4.9462e-06	4.4e-05	12	8	1.3873
FAM64A__P1P2	8	1.0	1.0	1.0	965	0	0	1.4672e-12	4.9462e-06	4.4e-05	11	8	1.1481
CYP51A1__P1P2	8	1.0	1.0	1.0	966	0	0	4.266e-13	4.9462e-06	4.4e-05	10	8	1.5146
CTNND1__P1P2	8	1.0	1.0	1.0	967	0	0	3.6846e-13	4.9462e-06	4.4e-05	9	8	1.138
TP53BP1__P1	8	1.0	1.0	1.0	968	0	0	1.0976e-13	4.9462e-06	4.4e-05	7	8	1.2928
KIRREL__P1P2	8	1.0	1.0	1.0	969	0	0	9.6198e-15	4.9462e-06	4.4e-05	5	8	1.5737
TP53__P1P2	8	1.0	1.0	1.0	970	0	0	2.4434e-15	4.9462e-06	4.4e-05	2	8	2.4442
BAK1__33547269	8	1.0	1.0	1.0	971	0	0	5.5951e-21	4.9462e-06	4.4e-05	1	8	2.7856
