id	num	neg|score	neg|p-value	neg|fdr	neg|rank	neg|goodsgrna	neg|lfc	pos|score	pos|p-value	pos|fdr	pos|rank	pos|goodsgrna	pos|lfc
PIGY__P1P2	8	1.1073e-11	4.9462e-06	4.6e-05	1	7	-3.1132	1.0	1.0	1.0	970	0	0
RPS14__P1P2	8	7.5072e-11	4.9462e-06	4.6e-05	2	7	-2.8545	1.0	1.0	1.0	969	0	0
PRKDC__P1P2	8	3.2181e-10	4.9462e-06	4.6e-05	3	7	-2.9392	0.99945	0.99998	1.0	925	0	0
RPL34__P1P2	8	2.0507e-09	4.9462e-06	4.6e-05	4	7	-2.7849	1.0	1.0	1.0	960	0	0
MCTS1__P1P2	8	4.3831e-09	4.9462e-06	4.6e-05	5	6	-3.384	0.57323	0.351	0.902587	377	0	0
CEP63__P1P2	8	4.5697e-09	4.9462e-06	4.6e-05	6	5	-3.9568	0.82014	0.7616	1.0	617	0	0
TSPYL1__P1P2	8	4.5897e-09	4.9462e-06	4.6e-05	7	7	-1.9905	1.0	1.0	1.0	971	0	0
PMVK__P1P2	8	7.5753e-09	4.9462e-06	4.6e-05	8	5	-4.2815	1.0	1.0	1.0	966	0	0
MMAB__P1P2	8	3.7922e-08	4.9462e-06	4.6e-05	9	6	-3.0357	1.0	1.0	1.0	965	0	0
ANAPC13__P1P2	8	5.2206e-08	4.9462e-06	4.6e-05	10	6	-3.3759	1.0	1.0	1.0	956	0	0
MAD2L1BP__P1P2	8	5.3651e-08	4.9462e-06	4.6e-05	11	5	-4.1594	0.99991	1.0	1.0	933	0	0
SAE1__P1P2	8	1.0838e-07	4.9462e-06	4.6e-05	12	6	-3.1286	0.98702	0.99392	1.0	865	0	0
SPTLC2__P1P2	8	3.2974e-07	4.9462e-06	4.6e-05	13	5	-2.9145	0.99996	1.0	1.0	939	0	0
DDX10__P1P2	8	5.9355e-07	4.9462e-06	4.6e-05	14	5	-3.8418	0.99235	0.99718	1.0	890	0	0
ATF7IP__P1	8	1.0028e-06	4.9462e-06	4.6e-05	15	5	-2.4574	0.81417	0.75188	1.0	610	0	0
ILK__P1P2	8	1.46e-06	4.9462e-06	4.6e-05	16	5	-2.9286	0.93506	0.93851	1.0	763	0	0
SMN2__69345238	8	6.7887e-06	4.9462e-06	4.6e-05	17	4	-3.5533	0.94378	0.94869	1.0	776	0	0
VWA9__P1P2	8	8.1721e-06	4.9462e-06	4.6e-05	18	5	-2.8842	0.99976	1.0	1.0	929	0	0
POLR1B__P1P2	8	8.7242e-06	4.9462e-06	4.6e-05	19	3	-4.3526	0.81568	0.75298	1.0	613	0	0
DICER1__P1P2	8	9.8952e-06	4.9462e-06	4.6e-05	20	5	-1.974	1.0	1.0	1.0	955	0	0
C7orf26__P1P2	8	1.2967e-05	4.9462e-06	4.6e-05	21	4	-3.9629	1.0	1.0	1.0	959	0	0
BUB1__P1P2	8	1.3626e-05	4.9462e-06	4.6e-05	22	5	-2.5801	0.99998	1.0	1.0	944	0	0
ORC5__P1P2	8	1.3975e-05	4.9462e-06	4.6e-05	23	4	-3.6442	0.91244	0.90086	1.0	736	0	0
UBA3__P1P2	8	1.6103e-05	4.9462e-06	4.6e-05	24	3	-3.773	0.88093	0.85547	1.0	691	0	0
NRF1__P1P2	8	2.0397e-05	4.9462e-06	4.6e-05	25	4	-3.1394	0.75162	0.64732	1.0	539	0	0
CDC26__P1P2	8	5.8538e-05	4.9462e-06	4.6e-05	26	4	-3.1661	0.94175	0.9458	1.0	772	0	0
INTS10__P1P2	8	6.3227e-05	4.9462e-06	4.6e-05	27	4	-3.2632	0.99892	0.99987	1.0	921	0	0
XPO5__P1P2	8	6.8186e-05	4.9462e-06	4.6e-05	28	4	-2.2763	0.99939	0.99996	1.0	924	0	0
DCP2__P1P2	8	7.4328e-05	4.9462e-06	4.6e-05	29	4	-2.3685	0.99999	1.0	1.0	951	0	0
ZAR1L__P1P2	8	0.00010274	4.9462e-06	4.6e-05	30	3	-3.7469	0.73557	0.62428	1.0	523	0	0
NDUFS8__P1P2	8	0.00013073	4.9462e-06	4.6e-05	31	4	-2.9409	0.99628	0.99908	1.0	900	0	0
AATF__P1P2	8	0.00014059	4.9462e-06	4.6e-05	32	4	-3.3359	0.64592	0.4649	0.999734	446	0	0
HUS1__P1P2	8	0.00016032	4.9462e-06	4.6e-05	33	4	-2.059	0.86233	0.82491	1.0	661	0	0
RPS13__P1P2	8	0.00016353	4.9462e-06	4.6e-05	34	4	-2.7177	0.93353	0.93687	1.0	760	0	0
C1QTNF9B-AS1__P1P2	8	0.00018202	4.9462e-06	4.6e-05	35	4	-2.6654	0.97419	0.98372	1.0	837	0	0
UBE2C__P1P2	8	0.00021749	4.9462e-06	4.6e-05	36	4	-2.3684	0.51693	0.26093	0.766253	326	0	0
SPEN__P1P2	8	0.00023594	4.9462e-06	4.6e-05	37	4	-1.7929	0.59767	0.39289	0.954724	398	0	0
MOSPD2__P1P2	8	0.00024019	4.9462e-06	4.6e-05	38	4	-2.6908	0.59017	0.38196	0.932849	395	0	0
RAD9A__P1P2	8	0.00030069	4.9462e-06	4.6e-05	39	4	-2.8922	0.87939	0.85398	1.0	689	0	0
PDS5B__P1P2	8	0.00030576	4.9462e-06	4.6e-05	40	4	-1.832	1.0	1.0	1.0	968	0	0
TIMM17B__P1P2	8	0.00032936	4.9462e-06	4.6e-05	41	4	-2.7847	0.96689	0.97754	1.0	819	0	0
CHTF18__P1P2	8	0.00033478	4.9462e-06	4.6e-05	42	4	-2.8778	0.99144	0.99661	1.0	886	0	0
TRIP13__P1P2	8	0.00035426	4.9462e-06	4.6e-05	43	4	-2.3333	0.81624	0.75299	1.0	614	0	0
CHEK1__P1P2	8	0.00038297	4.9462e-06	4.6e-05	44	3	-3.0819	0.44247	0.16999	0.625856	263	0	0
NUP188__P1P2	8	0.00040724	4.9462e-06	4.6e-05	45	3	-2.8797	0.45375	0.18868	0.659246	273	0	0
ASUN__P1P2	8	0.00052915	4.9462e-06	4.6e-05	46	2	-4.0265	0.88646	0.86199	1.0	696	0	0
MIEF1__P1P2	8	0.00070635	4.9462e-06	4.6e-05	47	3	-3.1148	0.99183	0.99681	1.0	887	0	0
NUTF2__P1P2	8	0.00072417	4.9462e-06	4.6e-05	48	3	-3.2428	0.98649	0.99372	1.0	863	0	0
CHERP__P1P2	8	0.0010383	4.9462e-06	4.6e-05	49	3	-2.8073	0.98057	0.98864	1.0	851	0	0
MDM2__P1P2	8	0.0010842	4.9462e-06	4.6e-05	50	3	-2.9403	0.99741	0.99942	1.0	910	0	0
SMARCC1__P1P2	8	0.0012172	4.9462e-06	4.6e-05	51	3	-3.5637	0.98373	0.9915	1.0	856	0	0
HDAC7__P1P2	8	0.0012376	4.9462e-06	4.6e-05	52	1	-5.6823	0.34058	0.055056	0.281705	185	0	0
RPL9__P1P2	8	0.001321	4.9462e-06	4.6e-05	53	3	-3.8533	0.99996	1.0	1.0	940	0	0
RPS11__P1P2	8	0.0016016	4.9462e-06	4.6e-05	54	3	-2.2474	0.64258	0.46489	0.999734	441	0	0
HMGCS1__P1P2	8	0.002484	4.9462e-06	4.6e-05	55	3	-2.2748	0.99021	0.99594	1.0	881	0	0
NEDD8-MDP1__P1P2	8	0.0027772	4.9462e-06	4.6e-05	56	2	-3.9282	0.35196	0.066838	0.329778	194	0	0
DROSHA__31531421	8	0.0027915	4.9462e-06	4.6e-05	57	3	-2.4239	0.99993	1.0	1.0	936	0	0
USMG5__P1P2	8	0.0029209	4.9462e-06	4.6e-05	58	3	-2.382	0.81341	0.75187	1.0	608	0	0
ZC3H7A__P1P2	8	0.0030315	4.9462e-06	4.6e-05	59	3	-1.9814	0.88962	0.86709	1.0	702	0	0
RPL36A__P1P2	8	0.003214	4.9462e-06	4.6e-05	60	3	-2.2248	0.98369	0.99143	1.0	855	0	0
SMG7__P1P2	8	0.0032607	4.9462e-06	4.6e-05	61	3	-2.0805	0.94001	0.94402	1.0	768	0	0
CCDC130__P1	8	0.0033078	4.9462e-06	4.6e-05	62	3	-1.8619	0.92552	0.92524	1.0	746	0	0
SETDB1__P1P2	8	0.0039593	4.9462e-06	4.6e-05	63	3	-1.8279	1.0	1.0	1.0	958	0	0
PARL__P1P2	8	0.0039858	4.9462e-06	4.6e-05	64	3	-2.0797	0.99998	1.0	1.0	945	0	0
SREK1IP1__P1P2	8	0.0042573	4.9462e-06	4.6e-05	65	3	-1.9827	0.99952	0.99998	1.0	927	0	0
NDUFAF6__P1P2	8	0.004454	4.9462e-06	4.6e-05	66	3	-1.9341	0.99999	1.0	1.0	952	0	0
PPM1G__P1	8	0.0049855	4.9462e-06	4.6e-05	67	3	0	0.99999	1.0	1.0	953	0	0
MAGOHB__P1P2	8	0.0051398	4.9462e-06	4.6e-05	68	3	-1.7858	0.25588	0.012558	0.093181	131	0	0
CNOT3__P1P2	8	0.0053288	4.9462e-06	4.6e-05	69	3	-2.3633	0.384	0.10271	0.447676	217	0	0
GPI__P1P2	8	0.0054896	4.9462e-06	4.6e-05	70	3	-2.3319	1.0	1.0	1.0	961	0	0
COG6__P1P2	8	0.0056534	4.9462e-06	4.6e-05	71	3	0	0.87383	0.84817	1.0	679	0	0
RNF8__P1P2	8	0.0056865	4.9462e-06	4.6e-05	72	3	-1.9299	0.74144	0.63182	1.0	528	0	0
LIMS1__P1P2	8	0.0057197	4.9462e-06	4.6e-05	73	3	-2.4987	0.98906	0.99504	1.0	875	0	0
VPS51__P1P2	8	0.0057531	4.9462e-06	4.6e-05	74	3	-1.9586	0.93047	0.93328	1.0	751	0	0
RPL14__P1P2	8	0.0063455	4.9462e-06	4.6e-05	75	2	-3.3319	0.68724	0.53675	1.0	482	0	0
CMC2__P1P2	8	0.0078048	4.9462e-06	4.6e-05	76	2	-2.8535	0.9899	0.99574	1.0	879	0	0
RAD17__P1P2	8	0.0082606	4.9462e-06	4.6e-05	77	2	-3.0966	0.85715	0.82036	1.0	654	0	0
EIF3F__P1P2	11	0.0091994	4.9462e-06	4.6e-05	78	2	-3.4523	0.80116	0.66293	1.0	591	0	0
FDXR__P1P2	11	0.010027	4.9462e-06	4.6e-05	79	2	-3.333	0.891	0.83947	1.0	705	0	0
C6orf47__P1P2	8	0.01051	4.9462e-06	4.6e-05	80	2	-3.3192	0.8039	0.73423	1.0	595	0	0
NAE1__P1P2	8	0.010717	4.9462e-06	4.6e-05	81	2	-3.0307	0.87234	0.84655	1.0	676	0	0
GTF2H2__ENST00000274400.5_ENST00000330280.7	8	0.011137	4.9462e-06	4.6e-05	82	2	-2.6502	0.99858	0.99979	1.0	918	0	0
WEE1__P1P2	8	0.011781	4.9462e-06	4.6e-05	83	2	-2.9187	0.95134	0.96018	1.0	788	0	0
UQCRC2__P1P2	11	0.01221	4.9462e-06	4.6e-05	84	3	-3.0591	0.99882	0.99969	1.0	920	0	0
NPLOC4__P1P2	8	0.012441	4.9462e-06	4.6e-05	85	2	-2.7641	0.86805	0.83845	1.0	672	0	0
TACC3__P1	8	0.012552	4.9462e-06	4.6e-05	86	2	-2.8224	0.89571	0.87769	1.0	712	0	0
TINF2__P1P2	8	0.01289	4.9462e-06	4.6e-05	87	2	-2.5673	0.063774	4.9462e-06	7.6e-05	29	1	1.0763
IPO7__P1P2	8	0.013809	4.9462e-06	4.6e-05	88	2	-3.131	0.25077	0.012558	0.093181	126	0	0
U2SURP__P1P2	8	0.015364	4.9462e-06	4.6e-05	89	2	-2.5236	0.75718	0.65832	1.0	547	0	0
WDR70__P1P2	8	0.016798	4.9462e-06	4.6e-05	90	1	-4.5615	0.91525	0.9057	1.0	740	0	0
LIAS__P1P2	8	0.021449	4.9462e-06	4.6e-05	91	2	-2.5555	0.97263	0.98251	1.0	831	0	0
KDM4A__P1P2	8	0.021591	4.9462e-06	4.6e-05	92	2	-2.2369	0.99041	0.99602	1.0	882	0	0
BRD2__P1	8	0.021876	4.9462e-06	4.6e-05	93	2	-2.3599	0.93787	0.94183	1.0	766	0	0
ISCA1__P1P2	8	0.022477	4.9462e-06	4.6e-05	94	1	-4.3187	0.24498	0.012558	0.093181	123	0	0
TIMM10__P1P2	8	0.023034	4.9462e-06	4.6e-05	95	2	-2.2543	0.99801	0.99959	1.0	913	0	0
ZBTB4__P1	8	0.025122	4.9462e-06	4.6e-05	96	2	-2.2878	0.71505	0.59149	1.0	502	0	0
FAM60A__P1P2	8	0.02604	4.9462e-06	4.6e-05	97	2	-2.269	0.99722	0.99934	1.0	907	0	0
DBF4__P1P2	8	0.026973	4.9462e-06	4.6e-05	98	2	-2.1546	0.96251	0.97235	1.0	807	0	0
ABHD16A__P1P2	8	0.028238	4.9462e-06	4.6e-05	99	2	-2.0604	0.97531	0.98459	1.0	842	0	0
NFYB__P1P2	8	0.029853	4.9462e-06	4.6e-05	100	2	-2.5845	0.45132	0.18867	0.659246	271	0	0
GNB2L1__P1P2	8	0.030541	4.9462e-06	4.6e-05	101	1	-3.9101	0.26728	0.016763	0.11638	140	0	0
RPS8__P1P2	8	0.030675	4.9462e-06	4.6e-05	102	2	-2.2415	0.81284	0.75057	1.0	606	0	0
PPP2CA__P1P2	8	0.031006	4.9462e-06	4.6e-05	103	2	-2.4387	0.99192	0.99687	1.0	889	0	0
STAG2__P1	8	0.032178	1.4839e-05	0.000131	104	2	-1.8645	0.89117	0.86867	1.0	706	0	0
FLII__18161284	8	0.033026	1.4839e-05	0.000131	105	2	-2.6182	0.99896	0.99988	1.0	922	0	0
MDM4__P1P2	8	0.033711	1.4839e-05	0.000131	106	2	-2.0928	0.94548	0.95252	1.0	778	0	0
UHRF1__P1P2	8	0.033749	1.4839e-05	0.000131	107	1	-4.09	0.050445	4.9462e-06	7.6e-05	25	1	1.0524
GTF3C2__P1P2	8	0.033883	1.4839e-05	0.000131	108	2	-2.043	0.72428	0.6012	1.0	515	0	0
SMN1__70220656	8	0.03535	1.4839e-05	0.000131	109	1	-3.9444	0.9838	0.9915	1.0	857	0	0
GTF3C4__P1P2	8	0.040133	2.4731e-05	0.000205	110	2	-2.7396	0.88246	0.85863	1.0	692	0	0
SDF2__P1P2	8	0.040503	2.4731e-05	0.000205	111	2	-2.1301	0.77433	0.69457	1.0	563	0	0
XRCC1__P1P2	11	0.040659	4.9462e-06	4.6e-05	112	1	-3.9506	0.99785	0.99925	1.0	912	0	0
TMEM68__P1P2	8	0.040936	2.4731e-05	0.000205	113	1	-3.9069	0.99992	1.0	1.0	935	0	0
ANKRA2__P1P2	8	0.041434	2.4731e-05	0.000205	114	2	-1.8311	0.47338	0.20309	0.673717	292	0	0
MED15__P1	8	0.041621	2.4731e-05	0.000205	115	2	-1.8891	0.95273	0.96154	1.0	789	0	0
BRPF1__P1P2	8	0.041809	2.4731e-05	0.000205	116	2	-2.0684	0.62685	0.44169	0.998446	425	0	0
RBX1__P1P2	8	0.042185	2.4731e-05	0.000205	117	2	-1.8867	0.43799	0.15516	0.57562	261	0	0
IMMT__P1P2	8	0.043321	5.4408e-05	0.000351	118	1	-3.9453	0.99567	0.99877	1.0	898	0	0
BMS1__P1P2	8	0.044278	5.4408e-05	0.000351	119	2	-3.4053	0.95442	0.96311	1.0	794	0	0
NAA30__P1P2	8	0.045437	5.4408e-05	0.000351	120	2	-2.0372	0.69169	0.54581	1.0	484	0	0
FDX1__P1P2	8	0.047395	5.4408e-05	0.000351	121	2	-2.2173	0.99686	0.99923	1.0	901	0	0
CCDC12__P1	8	0.04779	5.4408e-05	0.000351	122	2	0	0.90085	0.88855	1.0	720	0	0
TAF11__P1P2	8	0.047989	5.4408e-05	0.000351	123	2	-3.0532	0.99121	0.9965	1.0	884	0	0
CFDP1__P1	8	0.048187	5.4408e-05	0.000351	124	2	-2.0893	0.78957	0.71622	1.0	577	0	0
BTAF1__P1P2	8	0.049787	5.4408e-05	0.000351	125	2	-1.9565	0.57985	0.36233	0.912403	385	0	0
CMC1__P1P2	8	0.05019	5.4408e-05	0.000351	126	2	0	0.96491	0.97488	1.0	814	0	0
ACTR8__P1P2	8	0.051203	5.4408e-05	0.000351	127	2	-3.0594	0.98714	0.99406	1.0	866	0	0
FNBP4__P1P2	8	0.052635	5.4408e-05	0.000351	128	2	-1.7879	0.98813	0.99466	1.0	870	0	0
CENPF__P1P2	8	0.052841	5.4408e-05	0.000351	129	2	-1.8535	0.99689	0.99923	1.0	902	0	0
RRNAD1__P1P2	8	0.054916	5.4408e-05	0.000351	130	2	-1.9059	0.40842	0.12521	0.505007	236	0	0
PCGF1__P1P2	8	0.055125	5.4408e-05	0.000351	131	2	-1.8945	0.98978	0.99568	1.0	878	0	0
SAP30__P1P2	8	0.055545	5.4408e-05	0.000351	132	2	-1.8136	0.76912	0.68138	1.0	558	0	0
PHF6__P1P2	8	0.057234	5.4408e-05	0.000351	133	2	-1.9046	0.85458	0.81644	1.0	653	0	0
TRIM52__P1P2	8	0.065332	5.4408e-05	0.000351	134	1	-3.5543	0.7472	0.64227	1.0	534	0	0
RBM7__P1P2	8	0.067663	5.4408e-05	0.000351	135	1	-3.5226	0.59281	0.38474	0.937259	397	0	0
TGDS__P1P2	8	0.06844	5.4408e-05	0.000351	136	1	-3.5273	0.85071	0.81352	1.0	648	0	0
TAF6__P1P2	8	0.088422	5.4408e-05	0.000351	137	1	-3.2268	0.96232	0.97234	1.0	805	0	0
ATRIP__P1P2	8	0.089183	5.4408e-05	0.000351	138	1	-3.0457	0.8031	0.73309	1.0	593	0	0
ABCB10__P1P2	8	0.10128	5.4408e-05	0.000351	139	1	-3.0285	0.49284	0.23062	0.730158	306	0	0
ARHGAP4__P1	8	0.10653	5.4408e-05	0.000351	140	1	-2.9534	0.95642	0.96555	1.0	797	0	0
WDR48__P1P2	8	0.11399	5.4408e-05	0.000351	141	1	-2.8913	0.73063	0.61463	1.0	520	0	0
SUPT4H1__P1P2	8	0.11621	5.4408e-05	0.000351	142	1	-2.7627	0.58062	0.36522	0.912609	386	0	0
IBA57__P1P2	8	0.11917	5.4408e-05	0.000351	143	1	-2.8877	0.77944	0.70347	1.0	569	0	0
CD99L2__P1P2	8	0.12506	5.4408e-05	0.000351	144	1	-2.8346	0.18281	0.00414	0.04024	90	0	0
RAD21__P1P2	8	0.128	5.4408e-05	0.000351	145	1	-2.6573	0.74769	0.64228	1.0	535	0	0
HMGCR__P1P2	8	0.13165	5.4408e-05	0.000351	146	1	-2.7796	0.63204	0.44932	0.999734	431	0	0
PDIA4__P1P2	8	0.13311	5.4408e-05	0.000351	147	1	-2.7494	0.8927	0.87081	1.0	709	0	0
FAM102A__P1P2	8	0.13964	5.4408e-05	0.000351	148	1	-2.6694	0.47007	0.20308	0.673717	289	0	0
PTBP1__P1P2	8	0.14614	5.4408e-05	0.000351	149	1	-2.582	0.36261	0.082458	0.381662	205	0	0
MCM7__P1P2	8	0.14901	6.43e-05	0.000351	150	1	-2.5736	0.68152	0.51856	1.0	478	0	0
ARHGAP11B__30918117	8	0.15615	6.43e-05	0.000351	151	1	-2.4264	0.30717	0.029524	0.159482	164	0	0
TMEM86A__P1P2	8	0.16041	6.43e-05	0.000351	152	1	-2.5105	0.07694	4.9462e-06	7.6e-05	36	0	0
SLC25A46__P1P2	8	0.16183	6.43e-05	0.000351	153	1	-2.4894	0.48826	0.2234	0.711964	304	0	0
ATPAF2__P1P2	8	0.17098	6.43e-05	0.000351	154	1	-2.4432	0.80508	0.73424	1.0	598	0	0
NPM1__P1P2	8	0.17308	6.43e-05	0.000351	155	1	-2.3839	0.55892	0.3148	0.84062	362	0	0
MEAF6__P1P2	8	0.17587	6.43e-05	0.000351	156	1	-2.3918	0.20537	0.0085322	0.076173	103	0	0
PSPH__P2	8	0.17726	6.43e-05	0.000351	157	1	-2.3397	0.93437	0.93817	1.0	762	0	0
SAMD1__P1P2	8	0.19382	6.43e-05	0.000351	158	1	-2.1989	0.073084	4.9462e-06	7.6e-05	33	0	0
PTK2__P1P2	8	0.19723	6.43e-05	0.000351	159	1	-2.2365	0.7952	0.72729	1.0	581	0	0
COPS8__237994319	8	0.19791	6.43e-05	0.000351	160	1	-2.2617	0.83503	0.78786	1.0	630	0	0
COL4A3BP__P1P2	8	0.19995	6.43e-05	0.000351	161	1	-2.251	0.99996	1.0	1.0	941	0	0
ING1__P1	8	0.20401	6.43e-05	0.000351	162	1	-2.231	0.91332	0.90292	1.0	738	0	0
SGK3__ENST00000396596.1_ENST00000522398.1	8	0.20537	6.43e-05	0.000351	163	1	-2.227	0.42997	0.14381	0.54603	254	0	0
SIN3B__P1P2	8	0.20604	6.43e-05	0.000351	164	1	-2.117	0.89188	0.87006	1.0	707	0	0
PPFIBP1__P1P2	8	0.20806	6.43e-05	0.000351	165	1	-2.2185	0.36094	0.082448	0.381662	203	0	0
EMC1__P1P2	8	0.20873	6.43e-05	0.000351	166	1	-2.1073	0.89831	0.88305	1.0	715	0	0
PKMYT1__P1P2	8	0.21477	6.43e-05	0.000351	167	1	-2.0846	0.76705	0.67668	1.0	556	0	0
BRMS1__P1P2	8	0.2161	6.43e-05	0.000351	168	1	-2.1369	0.89931	0.886	1.0	718	0	0
PDSS1__P1P2	11	0.22277	7.4193e-05	0.000398	169	1	-2.4291	0.99999	1.0	1.0	950	0	0
BCKDHA__P1	8	0.22605	6.43e-05	0.000351	170	1	-2.0623	0.65088	0.46952	1.0	453	0	0
MAP3K7__P1P2	8	0.22935	6.43e-05	0.000351	171	1	-2.0507	0.31373	0.029524	0.159482	171	0	0
ACLY__P1P2	8	0.23132	6.43e-05	0.000351	172	1	-2.0566	0.97137	0.98147	1.0	828	0	0
MRRF__P1P2	8	0.23589	6.43e-05	0.000351	173	1	-1.9346	0.99999	1.0	1.0	949	0	0
CTDSPL2__P1P2	8	0.2372	6.43e-05	0.000351	174	1	-1.9252	0.97682	0.98573	1.0	845	0	0
NXT1__P1P2	8	0.24304	6.43e-05	0.000351	175	1	-1.982	0.060653	4.9462e-06	7.6e-05	27	1	1.1562
UBA2__P1P2	8	0.24433	6.43e-05	0.000351	176	1	-1.9706	0.86721	0.83844	1.0	670	0	0
PABPC4__P1P2	8	0.24498	6.43e-05	0.000351	177	1	-1.9763	0.19995	0.0085322	0.076173	101	0	0
XPC__P1	8	0.24949	6.43e-05	0.000351	178	1	-1.8404	0.7272	0.61067	1.0	517	0	0
RNPS1__P1P2	8	0.25013	6.43e-05	0.000351	179	1	-1.9425	0.56732	0.32987	0.864231	371	0	0
C7orf49__P1P2	8	0.25461	0.0045258	0.022043	180	1	-1.9137	0.0037088	4.9462e-06	7.6e-05	20	1	2.75
DOCK1__P1P2	8	0.25652	0.0045258	0.022043	181	1	-1.9053	0.97274	0.98261	1.0	832	0	0
KPNA2__P1P2	8	0.25779	0.0045258	0.022043	182	1	-1.896	0.98904	0.99503	1.0	874	0	0
C11orf58__P1P2	8	0.25907	0.0045258	0.022043	183	1	-1.8864	0.63513	0.45454	0.999734	434	0	0
ANKRD49__P1P2	8	0.2616	0.0045258	0.022043	184	1	-1.8589	0.69899	0.56709	1.0	486	0	0
H2AFZ__P1P2	8	0.26223	0.0045258	0.022043	185	1	-1.8827	0.99734	0.99939	1.0	909	0	0
TMEM258__P1P2	8	0.26413	0.0045258	0.022043	186	1	-1.8379	0.82469	0.77126	1.0	624	0	0
SUPT3H__P1P2	8	0.26476	0.0045258	0.022043	187	1	-1.8601	0.8003	0.73164	1.0	588	0	0
NCSTN__P1P2	8	0.26539	0.0045258	0.022043	188	1	-1.8299	0.98937	0.99533	1.0	876	0	0
ARID1A__P1P2	8	0.26602	0.0045258	0.022043	189	1	-1.8427	0.96613	0.97678	1.0	818	0	0
UBE2S__P1P2	8	0.26917	0.0045258	0.022043	190	1	-1.8089	0.99992	1.0	1.0	934	0	0
ISY1__P1P2	8	0.27105	0.0045258	0.022043	191	1	-1.8211	0.97432	0.98383	1.0	839	0	0
FUBP3__P1P2	8	0.27355	0.0045258	0.022043	192	1	-1.8346	0.90597	0.89373	1.0	728	0	0
FBXO8__P1	8	0.27542	0.0045357	0.022043	193	1	-1.7833	0.76169	0.66477	1.0	553	0	0
PPIL1__P1P2	8	0.27666	0.0045357	0.022043	194	1	-1.8013	0.70386	0.5797	1.0	489	0	0
MTF1__P1P2	8	0.28162	0.0045357	0.022043	195	1	-1.7699	0.99717	0.99931	1.0	906	0	0
TAF4__P1P2	8	0.28285	0.0045357	0.022043	196	1	-1.7889	0.97242	0.98236	1.0	830	0	0
UBE2D3__P1P2	8	0.28716	0.0045357	0.022043	197	1	-1.7645	0.94882	0.95742	1.0	784	0	0
SLTM__P1P2	8	0.289	0.0045357	0.022043	198	1	-1.7379	0.9707	0.98094	1.0	824	0	0
NSDHL__P1P2	8	0.2945	0.0089575	0.03647	199	1	-1.7209	0.83958	0.79327	1.0	638	0	0
LCOR__P1P2	8	0.29995	0.0089575	0.03647	200	1	0	0.18764	0.00414	0.04024	94	0	0
HYDIN__71263838	8	0.30297	0.0089575	0.03647	201	1	0	0.30056	0.020898	0.126953	159	0	0
ACAT2__P1P2	8	0.30357	0.0089575	0.03647	202	1	0	0.5337	0.28699	0.818915	338	0	0
CXorf56__P1P2	11	0.30598	7.4193e-05	0.000398	203	1	-2.0082	0.76624	0.58688	1.0	555	0	0
ZFC3H1__P1P2	8	0.30897	0.0089575	0.03647	204	1	0	0.97107	0.98124	1.0	825	0	0
PALB2__P1P2	8	0.31254	0.0089575	0.03647	205	1	0	0.75235	0.64895	1.0	541	0	0
CENPL__P1P2	8	0.31373	0.0089575	0.03647	206	1	0	0.97298	0.98277	1.0	834	0	0
FAM122A__P1P2	8	0.31492	0.0089575	0.03647	207	1	0	0.81511	0.75298	1.0	612	0	0
KIAA0020__P1	8	0.31729	0.0089575	0.03647	208	1	0	0.86378	0.82803	1.0	665	0	0
NRBP1__P1P2	8	0.31847	0.0089575	0.03647	209	1	0	0.90545	0.89315	1.0	726	0	0
HEXIM2__P2	11	0.31889	7.4193e-05	0.000398	210	1	-1.9297	0.64088	0.35232	0.902975	439	0	0
WDR82__P1P2	8	0.32024	0.0089575	0.03647	211	1	0	0.89223	0.87007	1.0	708	0	0
SMARCAL1__P1P2	8	0.3325	0.0089575	0.03647	212	1	0	0.79334	0.72291	1.0	580	0	0
CRLS1__P1P2	8	0.33366	0.0089575	0.03647	213	1	0	0.96237	0.97234	1.0	806	0	0
AKAP3__P1	8	0.3377	0.0089674	0.03647	214	0	0	0.90063	0.88855	1.0	719	0	0
EAF1__P1P2	8	0.33943	0.0089674	0.03647	215	0	0	0.99805	0.9996	1.0	914	0	0
DNAJC2__P1P2	8	0.34229	0.0089674	0.03647	216	0	0	0.99812	0.99962	1.0	915	0	0
GPR89A__ENST00000313835.9	8	0.34458	0.0089674	0.03647	217	0	0	0.61448	0.42363	0.997008	407	0	0
METTL15__P2	8	0.34572	0.0089674	0.03647	218	0	0	0.99842	0.99971	1.0	916	0	0
TMSB10__P1P2	8	0.34629	0.0089674	0.03647	219	0	0	0.37966	0.1027	0.447676	214	0	0
HUWE1__P1P2	8	0.34913	0.0089674	0.03647	220	0	0	0.77723	0.70057	1.0	565	0	0
PPP6R3__P1P2	8	0.34969	0.0089674	0.03647	221	0	0	0.99623	0.99904	1.0	899	0	0
RIF1__P1P2	8	0.35083	0.0089674	0.03647	222	0	0	0.94078	0.94546	1.0	769	0	0
CSDE1__P1P2	8	0.35139	0.0089674	0.03647	223	0	0	0.79705	0.72873	1.0	585	0	0
PGPEP1__P1P2	8	0.35309	0.0089674	0.03647	224	0	0	0.66856	0.49616	1.0	472	0	0
PTPN12__P1P2	8	0.35365	0.0089674	0.03647	225	0	0	0.096762	4.9462e-06	7.6e-05	47	0	0
USP1__P1P2	8	0.35758	0.0089674	0.03647	226	0	0	0.97709	0.98606	1.0	846	0	0
UBR5__P1P2	8	0.35926	0.0089674	0.03647	227	0	0	0.31076	0.029524	0.159482	167	0	0
GPR89B__147400326	8	0.35982	0.0089674	0.03647	228	0	0	0.57597	0.35394	0.902975	380	0	0
SLC25A33__P1P2	8	0.36094	0.0089674	0.03647	229	0	0	0.99965	0.99999	1.0	928	0	0
TLN1__P1P2	8	0.3615	0.0089674	0.03647	230	0	0	1.0	1.0	1.0	963	0	0
NDC1__P1P2	8	0.36372	0.0089674	0.03647	231	0	0	0.72773	0.6126	1.0	518	0	0
ZZZ3__P1P2	8	0.36428	0.0089674	0.03647	232	0	0	0.87913	0.85397	1.0	687	0	0
PPP2R1A__P1	8	0.36871	0.0089674	0.03647	233	0	0	0.89886	0.88483	1.0	716	0	0
HELLS__P1P2	8	0.36981	0.0089674	0.03647	234	0	0	0.88914	0.86647	1.0	701	0	0
DR1__P1P2	8	0.37201	0.0089674	0.03647	235	0	0	0.89752	0.88171	1.0	714	0	0
KDM5A__P1P2	8	0.37475	0.0089674	0.03647	236	0	0	0.83841	0.7913	1.0	635	0	0
PPP2R5E__P1P2	8	0.37639	0.0089674	0.03647	237	0	0	0.57245	0.351	0.902587	375	0	0
DNMT1__P1P2	8	0.37912	0.0089674	0.03647	238	0	0	0.84946	0.81351	1.0	646	0	0
DENND5A__P1P2	11	0.37954	0.0060591	0.029301	239	1	-1.6946	0.66974	0.39618	0.955562	473	0	0
LOC730183__NM_001256932	8	0.38508	0.013152	0.053044	240	0	0	0.96343	0.97336	1.0	811	0	0
MON2__P1P2	8	0.38562	0.013152	0.053044	241	0	0	0.99691	0.99924	1.0	903	0	0
AUNIP__P1P2	8	0.39045	0.017139	0.055989	242	0	0	0.95386	0.96217	1.0	793	0	0
HNRNPA2B1__P1P2	8	0.39099	0.017139	0.055989	243	0	0	0.98544	0.99302	1.0	861	0	0
GNAI1__P1P2	8	0.39152	0.017139	0.055989	244	0	0	0.5256	0.27069	0.783096	333	0	0
CYLD__P1P2	8	0.39206	0.017139	0.055989	245	0	0	0.99987	1.0	1.0	931	0	0
UNC13B__P1P2	8	0.39472	0.017139	0.055989	246	0	0	0.35926	0.082448	0.381662	201	0	0
MEX3A__P1P2	8	0.39579	0.017139	0.055989	247	0	0	0.49738	0.23721	0.734337	309	0	0
MLF1IP__P1P2	8	0.39844	0.017139	0.055989	248	0	0	1.0	1.0	1.0	964	0	0
TSSC1__P1P2	8	0.40055	0.017139	0.055989	249	0	0	0.97129	0.98146	1.0	826	0	0
UBE2L3__P1P2	8	0.40476	0.017139	0.055989	250	0	0	0.80548	0.7355	1.0	599	0	0
ATP12A__P1P2	8	0.40633	0.017139	0.055989	251	0	0	0.20131	0.0085322	0.076173	102	0	0
RAI14__P1P2	8	0.4079	0.017139	0.055989	252	0	0	0.67448	0.50967	1.0	475	0	0
HES1__P1P2	8	0.40894	0.017139	0.055989	253	0	0	0.99996	1.0	1.0	942	0	0
DHH__P1P2	8	0.41206	0.017139	0.055989	254	0	0	0.95763	0.96652	1.0	798	0	0
NEK2__P1P2	8	0.41309	0.017139	0.055989	255	0	0	1.0	1.0	1.0	957	0	0
POLG__P1P2	8	0.41825	0.017148	0.055989	256	0	0	0.96288	0.97327	1.0	808	0	0
TPR__P1P2	8	0.41979	0.017148	0.055989	257	0	0	0.22935	0.012548	0.093181	116	0	0
GPBP1__P1P2	8	0.42133	0.017148	0.055989	258	0	0	0.84483	0.8037	1.0	642	0	0
AGPS__P1P2	8	0.42235	0.017148	0.055989	259	0	0	1.0	1.0	1.0	967	0	0
INO80C__P1P2	8	0.42388	0.017148	0.055989	260	0	0	0.94876	0.95741	1.0	783	0	0
SUPT7L__P1P2	8	0.4249	0.017148	0.055989	261	0	0	0.55932	0.3148	0.84062	363	0	0
NPY4R__P1P2	8	0.42642	0.017148	0.055989	262	0	0	0.50546	0.24399	0.744091	316	0	0
SNRNP40__P1P2	8	0.42795	0.017148	0.055989	263	0	0	0.71807	0.59527	1.0	508	0	0
NAA15__P1P2	8	0.42845	0.017148	0.055989	264	0	0	0.82179	0.76562	1.0	620	0	0
PNKP__P1P2	8	0.42896	0.017148	0.055989	265	0	0	0.97598	0.98516	1.0	843	0	0
TMEM110__P1P2	8	0.42997	0.017148	0.055989	266	0	0	0.46912	0.20308	0.673717	288	0	0
MED24__P1P2	8	0.43047	0.017148	0.055989	267	0	0	0.91096	0.89875	1.0	733	0	0
MAPRE1__P1P2	8	0.43148	0.017148	0.055989	268	0	0	0.95469	0.96386	1.0	795	0	0
CDK2__P1P2	8	0.43198	0.017148	0.055989	269	0	0	1.0	1.0	1.0	954	0	0
MGEA5__P1P2	8	0.43249	0.017148	0.055989	270	0	0	0.98677	0.99383	1.0	864	0	0
GHITM__P1P2	8	0.43299	0.017148	0.055989	271	0	0	0.99986	1.0	1.0	930	0	0
RPL28__P1P2	8	0.4345	0.017148	0.055989	272	0	0	0.25333	0.012558	0.093181	129	0	0
TBCC__P1P2	8	0.435	0.017148	0.055989	273	0	0	0.62018	0.43125	0.998446	414	0	0
BRD1__P1P2	8	0.437	0.017148	0.055989	274	0	0	0.88448	0.86124	1.0	694	0	0
DDX31__P1P2	8	0.4375	0.017148	0.055989	275	0	0	0.97295	0.98276	1.0	833	0	0
ZNF532__P2	8	0.43949	0.017148	0.055989	276	0	0	3.9772e-08	4.9462e-06	7.6e-05	6	4	1.5975
RBM14-RBM4__P2	8	0.44098	0.017148	0.055989	277	0	0	0.9877	0.99441	1.0	868	0	0
TM9SF2__P1P2	8	0.44494	0.021936	0.055989	278	0	0	0.91591	0.90728	1.0	741	0	0
CSNK1A1__P1P2	8	0.44592	0.021936	0.055989	279	0	0	0.51518	0.2576	0.766253	325	0	0
ZRSR2__P1P2	8	0.44641	0.021936	0.055989	280	0	0	0.86479	0.83201	1.0	666	0	0
PEX7__P1P2	8	0.44691	0.021936	0.055989	281	0	0	0.97465	0.98402	1.0	840	0	0
C19orf43__P1P2	8	0.44887	0.021936	0.055989	282	0	0	0.91303	0.90221	1.0	737	0	0
TBC1D31__P1P2	8	0.45229	0.021936	0.055989	283	0	0	0.91989	0.91439	1.0	743	0	0
ZSCAN18__P2	8	0.45278	0.021936	0.055989	284	0	0	0.83891	0.7913	1.0	637	0	0
PRKRIR__P1P2	8	0.45472	0.021936	0.055989	285	0	0	0.19382	0.00414	0.04024	98	0	0
TAF3__P1P2	8	0.45715	0.021936	0.055989	286	0	0	0.97865	0.98703	1.0	848	0	0
WDR18__P1P2	8	0.45811	0.021936	0.055989	287	0	0	0.6251	0.43899	0.998446	423	0	0
RAD51AP1__P1P2	8	0.46004	0.021936	0.055989	288	0	0	0.8535	0.81555	1.0	651	0	0
TAF9__P1P2	8	0.46052	0.021936	0.055989	289	0	0	0.81322	0.75187	1.0	607	0	0
NUDT22__P1P2	8	0.4634	0.021936	0.055989	290	0	0	0.1447	0.0041301	0.04024	71	0	0
TRIM56__P1P2	8	0.46912	0.021936	0.055989	291	0	0	0.93182	0.93498	1.0	755	0	0
LSR__P1P2	8	0.47291	0.021936	0.055989	292	0	0	0.61947	0.43124	0.998446	413	0	0
ZNF121__P1P2	8	0.47385	0.021936	0.055989	293	0	0	0.99916	0.99993	1.0	923	0	0
MED16__P1P2	8	0.47479	0.021936	0.055989	294	0	0	0.99318	0.99767	1.0	892	0	0
RPS4Y1__P1P2	8	0.4762	0.021936	0.055989	295	0	0	0.58254	0.36523	0.912609	388	0	0
TCF7L1__P1P2	8	0.4804	0.021936	0.055989	296	0	0	0.89034	0.86797	1.0	703	0	0
DHX35__P1P2	8	0.48087	0.021936	0.055989	297	0	0	0.65546	0.47937	1.0	458	0	0
GART__P1P2	8	0.4818	0.021936	0.055989	298	0	0	0.36594	0.082458	0.381662	207	0	0
PSPC1__P1P2	8	0.48365	0.021936	0.055989	299	0	0	0.98878	0.99493	1.0	872	0	0
PTRHD1__P1P2	8	0.48596	0.021936	0.055989	300	0	0	0.6317	0.44932	0.999734	430	0	0
AGO2__141644983	8	0.48642	0.021936	0.055989	301	0	0	0.81885	0.76024	1.0	616	0	0
SKP2__P1P2	8	0.48688	0.021936	0.055989	302	0	0	0.98955	0.99546	1.0	877	0	0
LTN1__P1P2	8	0.48734	0.021936	0.055989	303	0	0	0.93007	0.93247	1.0	750	0	0
FAR1__P1P2	8	0.48872	0.021936	0.055989	304	0	0	0.99997	1.0	1.0	943	0	0
NDUFS4__P1P2	8	0.48964	0.021936	0.055989	305	0	0	0.9319	0.93499	1.0	756	0	0
CCNE1__P1P2	8	0.49055	0.021936	0.055989	306	0	0	0.9999	1.0	1.0	932	0	0
AP1B1__P1P2	8	0.49193	0.021936	0.055989	307	0	0	0.93284	0.93581	1.0	758	0	0
LYPLA2__P1P2	8	0.49238	0.021936	0.055989	308	0	0	0.53918	0.28982	0.818915	344	0	0
GET4__P1P2	8	0.49284	0.021936	0.055989	309	0	0	0.78617	0.71203	1.0	574	0	0
CWC27__P1P2	8	0.49466	0.021936	0.055989	310	0	0	0.9511	0.95992	1.0	787	0	0
C14orf169__P1P2	8	0.49602	0.021936	0.055989	311	0	0	0.99994	1.0	1.0	937	0	0
WDR86__P1P2	8	0.49738	0.021936	0.055989	312	0	0	0.77185	0.68953	1.0	561	0	0
FGD1__P1P2	8	0.49873	0.021936	0.055989	313	0	0	0.99998	1.0	1.0	947	0	0
SCAF11__P1P2	8	0.50098	0.021936	0.055989	314	0	0	0.99445	0.9983	1.0	894	0	0
RIC8A__P2	8	0.50188	0.021936	0.055989	315	0	0	0.88853	0.86581	1.0	700	0	0
GTF2I__74071821	8	0.50323	0.021936	0.055989	316	0	0	0.52085	0.26094	0.766253	330	0	0
PATL1__P1P2	8	0.50457	0.021936	0.055989	317	0	0	0.41671	0.12891	0.509361	243	0	0
ENY2__P1P2	8	0.5059	0.021936	0.055989	318	0	0	0.74991	0.64549	1.0	537	0	0
CENPQ__P1P2	11	0.50701	0.024132	0.058365	319	0	0	0.52173	0.17217	0.631513	331	0	0
STT3B__P1P2	8	0.50901	0.021936	0.055989	320	0	0	0.39844	0.12155	0.502803	228	0	0
PRPF40A__P1P2	8	0.50946	0.021936	0.055989	321	0	0	0.35758	0.082448	0.381662	198	0	0
RPUSD4__P1P2	8	0.51078	0.021936	0.055989	322	0	0	0.73711	0.62826	1.0	525	0	0
SPAG9__P1P2	8	0.51122	0.021936	0.055989	323	0	0	0.56013	0.3148	0.84062	364	0	0
RYR3__P1P2	8	0.51211	0.021936	0.055989	324	0	0	0.85924	0.82233	1.0	656	0	0
PFDN4__P1P2	8	0.51474	0.021936	0.055989	325	0	0	0.51034	0.24726	0.744091	322	0	0
RAC1__P1P2	8	0.51606	0.021936	0.055989	326	0	0	0.86986	0.84162	1.0	674	0	0
TERF1__P1P2	8	0.51693	0.021946	0.055989	327	0	0	0.99075	0.99632	1.0	883	0	0
FAM69B__P1P2	8	0.5178	0.021946	0.055989	328	0	0	0.69316	0.55248	1.0	485	0	0
GNA13__P1P2	8	0.51955	0.021946	0.055989	329	0	0	0.6673	0.49615	1.0	470	0	0
SMARCA5__P1P2	8	0.52128	0.021946	0.055989	330	0	0	0.74169	0.63182	1.0	529	0	0
SEC62__P1P2	8	0.52215	0.021946	0.055989	331	0	0	0.36205	0.082458	0.381662	204	0	0
TNRC6A__P1P2	8	0.52258	0.021946	0.055989	332	0	0	0.63921	0.46231	0.999734	436	0	0
DPP9__P1	8	0.52431	0.021946	0.055989	333	0	0	0.70157	0.5776	1.0	488	0	0
PFDN1__P1P2	8	0.52689	0.021946	0.055989	334	0	0	0.87396	0.84817	1.0	680	0	0
DUSP12__P1P2	8	0.52731	0.021946	0.055989	335	0	0	0.56493	0.324	0.853463	369	0	0
UNC45A__P1	8	0.52903	0.021946	0.055989	336	0	0	0.86819	0.83845	1.0	673	0	0
ZNF644__P1P2	8	0.52988	0.021946	0.055989	337	0	0	0.5099	0.24726	0.744091	321	0	0
PIGL__P1P2	8	0.53073	0.021946	0.055989	338	0	0	0.98722	0.99407	1.0	867	0	0
BIVM__P1	8	0.53286	0.021946	0.055989	339	0	0	0.87769	0.85228	1.0	686	0	0
MED23__P1P2	8	0.5337	0.021946	0.055989	340	0	0	0.88068	0.85547	1.0	690	0	0
PIGB__P1P2	8	0.53413	0.021946	0.055989	341	0	0	0.38938	0.10636	0.457475	223	0	0
TRIP12__P1P2	8	0.53582	0.021946	0.055989	342	0	0	0.8033	0.73309	1.0	594	0	0
PAN2__P1P2	8	0.53666	0.021946	0.055989	343	0	0	1.0	1.0	1.0	962	0	0
ARHGEF2__P1P2	8	0.53708	0.021946	0.055989	344	0	0	0.99853	0.99977	1.0	917	0	0
ITGB3__P1P2	8	0.53834	0.021946	0.055989	345	0	0	0.71146	0.58558	1.0	498	0	0
SERBP1__P1P2	8	0.53876	0.021946	0.055989	346	0	0	0.80409	0.73423	1.0	596	0	0
MTCH2__P1P2	8	0.54044	0.021946	0.055989	347	0	0	0.62859	0.4417	0.998446	427	0	0
LYRM7__P1P2	8	0.54085	0.021946	0.055989	348	0	0	0.98152	0.98936	1.0	853	0	0
ISOC2__P1	8	0.54252	0.021946	0.055989	349	0	0	0.63136	0.44932	0.999734	429	0	0
SUB1__P1	8	0.54419	0.021946	0.055989	350	0	0	0.57869	0.35927	0.90703	384	0	0
ELOF1__P1P2	8	0.54502	0.021946	0.055989	351	0	0	0.90408	0.89242	1.0	724	0	0
CUL3__P1P2	8	0.54543	0.021946	0.055989	352	0	0	0.61088	0.41847	0.996948	405	0	0
HIBADH__P1P2	8	0.54626	0.021946	0.055989	353	0	0	0.99329	0.99773	1.0	893	0	0
KAT5__P1P2	8	0.54955	0.021946	0.055989	354	0	0	0.42235	0.13639	0.528214	247	0	0
COG5__P1P2	8	0.5516	0.021946	0.055989	355	0	0	0.93361	0.93687	1.0	761	0	0
PHF8__P1P2	11	0.55161	0.024142	0.058365	356	0	0	0.99998	1.0	1.0	946	0	0
PRKCI__P1P2	8	0.55242	0.021946	0.055989	357	0	0	0.89375	0.87245	1.0	710	0	0
THAP2__P1	8	0.55446	0.021946	0.055989	358	0	0	0.44936	0.18867	0.659246	268	0	0
CDK4__P1P2	8	0.55568	0.021946	0.055989	359	0	0	0.63032	0.44651	0.999734	428	0	0
FAM83H__P1P2	8	0.55609	0.021946	0.055989	360	0	0	0.9714	0.98147	1.0	829	0	0
TUBA1C__P1P2	8	0.56373	0.021946	0.055989	361	0	0	0.75308	0.65059	1.0	542	0	0
ELOVL6__P1P2	8	0.56453	0.021946	0.055989	362	0	0	0.99995	1.0	1.0	938	0	0
PLEKHA5__P1P2	8	0.56613	0.021946	0.055989	363	0	0	0.96302	0.97327	1.0	809	0	0
PIP4K2C__P1P2	8	0.56969	0.021946	0.055989	364	0	0	0.73762	0.62827	1.0	526	0	0
CORO1B__67210174	8	0.57009	0.021946	0.055989	365	0	0	0.55811	0.3148	0.84062	361	0	0
ZNF444__P1P2	8	0.57362	0.021946	0.055989	366	0	0	0.41619	0.12891	0.509361	242	0	0
PLEKHH2__P1P2	8	0.5744	0.021946	0.055989	367	0	0	0.94613	0.95364	1.0	779	0	0
HMBS__P1	8	0.5748	0.021946	0.055989	368	0	0	0.54294	0.29623	0.821178	346	0	0
KDSR__P1P2	8	0.57519	0.021946	0.055989	369	0	0	0.93987	0.94401	1.0	767	0	0
RAB1A__P1P2	8	0.57558	0.021946	0.055989	370	0	0	0.75766	0.65832	1.0	548	0	0
ZEB2__P1	8	0.57597	0.021946	0.055989	371	0	0	0.98067	0.9887	1.0	852	0	0
MUT__P1P2	11	0.57668	0.029989	0.066572	372	0	0	0.99189	0.99558	1.0	888	0	0
NDE1__P1	8	0.57791	0.021946	0.055989	373	0	0	0.55446	0.31176	0.84062	357	0	0
HIF1AN__P1P2	8	0.57985	0.021946	0.055989	374	0	0	0.81379	0.75188	1.0	609	0	0
MINOS1-NBL1__P1P2	8	0.58139	0.021946	0.055989	375	0	0	0.95856	0.96744	1.0	800	0	0
DGCR8__P1P2	8	0.58254	0.021946	0.055989	376	0	0	0.56851	0.33574	0.877262	372	0	0
CHCHD3__P1P2	8	0.58446	0.021946	0.055989	377	0	0	0.42337	0.1364	0.528214	248	0	0
ANP32B__P1P2	8	0.58523	0.021946	0.055989	378	0	0	0.98618	0.99354	1.0	862	0	0
USP3__P1P2	8	0.58637	0.021946	0.055989	379	0	0	0.74345	0.63333	1.0	530	0	0
MRGBP__P1P2	8	0.58752	0.021946	0.055989	380	0	0	0.070765	4.9462e-06	7.6e-05	31	1	1.2155
CCNC__P1P2	8	0.5879	0.021946	0.055989	381	0	0	0.45472	0.18868	0.659246	275	0	0
GFRA4__ENST00000290417.2_ENST00000319242.3	8	0.58866	0.021946	0.055989	382	0	0	0.27542	0.020888	0.126953	147	0	0
PCNXL3__P1P2	8	0.58979	0.021946	0.055989	383	0	0	0.41206	0.12521	0.505007	239	0	0
MBIP__P1P2	8	0.59055	0.021946	0.055989	384	0	0	0.87275	0.84656	1.0	677	0	0
ZCCHC11__P1P2	8	0.59206	0.02617	0.058365	385	0	0	0.50946	0.24726	0.744091	320	0	0
GOLGA7__P1P2	8	0.59281	0.02617	0.058365	386	0	0	0.97361	0.98335	1.0	836	0	0
STX7__P1P2	8	0.59544	0.02617	0.058365	387	0	0	0.81474	0.75298	1.0	611	0	0
MAGED2__P2	8	0.59656	0.02617	0.058365	388	0	0	0.77071	0.68788	1.0	560	0	0
GNB1__P1P2	8	0.59805	0.02617	0.058365	389	0	0	0.77275	0.69307	1.0	562	0	0
LUZP1__P1P2	8	0.5999	0.02617	0.058365	390	0	0	0.99725	0.99935	1.0	908	0	0
DET1__P1P2	8	0.60064	0.02617	0.058365	391	0	0	0.47994	0.213	0.687851	298	0	0
AK2__P1P2	8	0.60101	0.02617	0.058365	392	0	0	0.99878	0.99985	1.0	919	0	0
MKI67__P1P2	8	0.60138	0.02617	0.058365	393	0	0	0.55242	0.30581	0.834958	356	0	0
SSR1__P1P2	8	0.60175	0.02617	0.058365	394	0	0	0.92432	0.92429	1.0	745	0	0
ZNF236__P1P2	8	0.60212	0.02617	0.058365	395	0	0	0.54667	0.29906	0.821178	349	0	0
TATDN2__P1P2	8	0.60322	0.02617	0.058365	396	0	0	0.97891	0.98717	1.0	849	0	0
RBPMS2__P1P2	8	0.60359	0.02617	0.058365	397	0	0	0.96209	0.97219	1.0	804	0	0
DCUN1D1__P1P2	8	0.60396	0.02617	0.058365	398	0	0	0.66158	0.48178	1.0	466	0	0
ZNF460__P1P2	8	0.60432	0.02617	0.058365	399	0	0	0.97617	0.9853	1.0	844	0	0
OCIAD1__P1P2	8	0.60469	0.02617	0.058365	400	0	0	0.88621	0.86199	1.0	695	0	0
HCN2__P1P2	8	0.60506	0.02617	0.058365	401	0	0	0.72508	0.60509	1.0	516	0	0
EIF4A1__P1P2	8	0.60652	0.02617	0.058365	402	0	0	0.49828	0.23721	0.734337	311	0	0
TMEM194A__P1P2	8	0.60798	0.02617	0.058365	403	0	0	0.95279	0.96154	1.0	790	0	0
FAM178A__P1P2	8	0.6087	0.02617	0.058365	404	0	0	0.48272	0.21648	0.696749	301	0	0
MIR205HG__P2	8	0.60907	0.02617	0.058365	405	0	0	0.78272	0.70781	1.0	572	0	0
FAM115A__143598483	8	0.60943	0.02617	0.058365	406	0	0	0.34572	0.062831	0.314854	190	0	0
RABL5__P1P2	8	0.60979	0.02617	0.058365	407	0	0	0.54543	0.29906	0.821178	348	0	0
MSI1__P1P2	8	0.61016	0.02617	0.058365	408	0	0	0.52431	0.26757	0.783096	332	0	0
TOP1__P1P2	8	0.61052	0.02617	0.058365	409	0	0	0.30597	0.029524	0.159482	163	0	0
MDC1__P1P2	8	0.61088	0.02617	0.058365	410	0	0	0.83757	0.79129	1.0	633	0	0
MID1IP1__P1P2	8	0.6116	0.02617	0.058365	411	0	0	0.99952	0.99998	1.0	926	0	0
DNAJC3__P1P2	8	0.61268	0.02617	0.058365	412	0	0	0.99999	1.0	1.0	948	0	0
DHRSX__P1P2	8	0.61555	0.02617	0.058365	413	0	0	0.49647	0.23721	0.734337	308	0	0
FCGR1A__149755456	8	0.61662	0.02617	0.058365	414	0	0	0.65611	0.47937	1.0	459	0	0
USF1__P1P2	8	0.61911	0.02617	0.058365	415	0	0	0.8745	0.84903	1.0	681	0	0
DCP1A__P1P2	8	0.61947	0.02617	0.058365	416	0	0	0.94802	0.95686	1.0	782	0	0
SLC38A10__P1P2	8	0.62405	0.02618	0.058365	417	0	0	0.84353	0.80181	1.0	641	0	0
GPX3__P1P2	8	0.62545	0.02618	0.058365	418	0	0	0.58523	0.37359	0.924019	390	0	0
GDF7__P1P2	8	0.6272	0.02618	0.058365	419	0	0	0.81035	0.74688	1.0	603	0	0
FAM115A__143579171	8	0.62928	0.02618	0.058365	420	0	0	0.64291	0.46489	0.999734	442	0	0
IFT88__P1P2	8	0.62997	0.02618	0.058365	421	0	0	0.54997	0.29907	0.821178	354	0	0
CTNNB1__P1P2	8	0.6317	0.02618	0.058365	422	0	0	0.80489	0.73424	1.0	597	0	0
SERPINB9__P1P2	8	0.63445	0.02618	0.058365	423	0	0	0.72213	0.59913	1.0	514	0	0
BRAP__P1P2	8	0.63513	0.02618	0.058365	424	0	0	0.48734	0.2234	0.711964	303	0	0
WDR89__P1P2	8	0.63718	0.02618	0.058365	425	0	0	0.99764	0.99948	1.0	911	0	0
EIF4B__P1P2	8	0.63752	0.02618	0.058365	426	0	0	0.71834	0.59527	1.0	509	0	0
BEND2__P1P2	8	0.63989	0.02618	0.058365	427	0	0	0.95081	0.95933	1.0	786	0	0
NOSIP__P1P2	8	0.64022	0.02618	0.058365	428	0	0	0.95051	0.95907	1.0	785	0	0
TRIM24__P1P2	8	0.64056	0.02618	0.058365	429	0	0	0.70669	0.57971	1.0	494	0	0
ZWILCH__P1P2	8	0.64191	0.02618	0.058365	430	0	0	0.99467	0.99839	1.0	895	0	0
ARF1__P1P2	8	0.64291	0.02618	0.058365	431	0	0	0.86116	0.82413	1.0	659	0	0
SNF8__P1P2	8	0.64425	0.02618	0.058365	432	0	0	0.80841	0.74449	1.0	602	0	0
CCS__P1P2	8	0.64492	0.02618	0.058365	433	0	0	0.96517	0.97515	1.0	815	0	0
MED12__P1P2	8	0.64692	0.02618	0.058365	434	0	0	0.2161	0.0085421	0.076173	109	0	0
NPDC1__P1P2	8	0.64758	0.02618	0.058365	435	0	0	0.4634	0.19585	0.663311	285	0	0
PPP6C__P1P2	8	0.64791	0.02618	0.058365	436	0	0	0.4375	0.15516	0.57562	260	0	0
LAMC1__P1P2	8	0.64857	0.02618	0.058365	437	0	0	0.7462	0.63886	1.0	533	0	0
FECH__P1P2	8	0.65088	0.034885	0.077241	438	0	0	0.62265	0.43654	0.998446	417	0	0
MLLT4__P1P2	8	0.65187	0.039278	0.086397	439	0	0	0.82826	0.77838	1.0	625	0	0
GTF2IRD2B__74508172	8	0.65383	0.039278	0.086397	440	0	0	0.49783	0.23721	0.734337	310	0	0
ANLN__P1P2	8	0.65611	0.039288	0.086397	441	0	0	0.61591	0.42363	0.997008	410	0	0
CSNK2A1__P1P2	8	0.65934	0.043759	0.094963	442	0	0	0.10504	4.9462e-06	7.6e-05	53	0	0
KIF18B__P1P2	8	0.66062	0.043759	0.094963	443	0	0	0.98844	0.9948	1.0	871	0	0
PDS5A__P1P2	8	0.66254	0.043769	0.094963	444	0	0	0.97425	0.98382	1.0	838	0	0
POC1A__P1P2	8	0.66286	0.043769	0.094963	445	0	0	0.9954	0.99864	1.0	896	0	0
C8orf59__P1P2	8	0.66318	0.043769	0.094963	446	0	0	0.70471	0.5797	1.0	491	0	0
IPO5__P1P2	8	0.66382	0.043769	0.094963	447	0	0	0.40055	0.12156	0.502803	231	0	0
PAN3__P1P2	8	0.6673	0.052415	0.111259	448	0	0	0.72024	0.59528	1.0	512	0	0
CEP128__P1P2	8	0.66856	0.052415	0.111259	449	0	0	0.7555	0.65528	1.0	545	0	0
AEN__P1P2	8	0.66919	0.052415	0.111259	450	0	0	0.98886	0.99494	1.0	873	0	0
YPEL3__P1P2	8	0.67012	0.052415	0.111259	451	0	0	0.83874	0.7913	1.0	636	0	0
REC8__P1P2	8	0.67075	0.052415	0.111259	452	0	0	0.86335	0.827	1.0	663	0	0
XKR8__P1P2	8	0.67169	0.052415	0.111259	453	0	0	0.99299	0.99761	1.0	891	0	0
C1orf101__P1P2	8	0.67324	0.052425	0.111259	454	0	0	0.26539	0.016763	0.11638	137	0	0
IRX1__P1P2	8	0.6751	0.052425	0.111259	455	0	0	0.37475	0.094774	0.428466	213	0	0
EXOSC1__P1P2	8	0.67602	0.052425	0.111259	456	0	0	0.86777	0.83844	1.0	671	0	0
HAX1__P1P2	8	0.67664	0.052425	0.111259	457	0	0	0.99697	0.99924	1.0	904	0	0
PPME1__P1P2	8	0.67817	0.056461	0.117788	458	0	0	0.437	0.15516	0.57562	259	0	0
SPRY4__P1P2	8	0.67878	0.056461	0.117788	459	0	0	0.8227	0.76563	1.0	621	0	0
VEZF1__P1P2	8	0.67909	0.056461	0.117788	460	0	0	0.68304	0.52541	1.0	479	0	0
ARRDC4__P1P2	8	0.67939	0.056461	0.117788	461	0	0	0.35026	0.066828	0.329778	192	0	0
NABP2__P1	8	0.6797	0.056461	0.117788	462	0	0	0.74595	0.63885	1.0	532	0	0
CNTD2__P1	8	0.68031	0.056461	0.117788	463	0	0	0.38021	0.1027	0.447676	215	0	0
CSK__P1P2	8	0.68122	0.056471	0.117788	464	0	0	0.623	0.43654	0.998446	418	0	0
ARHGEF18__P1P2	8	0.68183	0.056471	0.117788	465	0	0	0.54169	0.29281	0.821178	345	0	0
PARN__P1P2	11	0.68397	0.029999	0.066572	466	0	0	0.65103	0.37643	0.928653	454	0	0
GNG4__P1P2	8	0.68484	0.064998	0.134156	467	0	0	0.56453	0.324	0.853463	368	0	0
USP42__P1P2	8	0.68574	0.064998	0.134156	468	0	0	0.8831	0.85954	1.0	693	0	0
STK3__P1P2	8	0.68724	0.064998	0.134156	469	0	0	0.96531	0.97529	1.0	816	0	0
PIH1D1__P1P2	8	0.68754	0.064998	0.134156	470	0	0	0.61734	0.42617	0.998158	412	0	0
PPP1CB__P1P2	8	0.68813	0.065008	0.134156	471	0	0	0.49557	0.23721	0.734337	307	0	0
ZBTB2__P1P2	8	0.69199	0.068925	0.140766	472	0	0	0.60359	0.40162	0.966263	401	0	0
ERCC1__P1P2	8	0.69228	0.068925	0.140766	473	0	0	0.99138	0.9966	1.0	885	0	0
TTC3__P1P2	8	0.69257	0.068925	0.140766	474	0	0	0.53666	0.28981	0.818915	341	0	0
UBE2E3__P1P2	8	0.69375	0.068935	0.140766	475	0	0	0.50143	0.23722	0.734337	313	0	0
SNRPB2__P1P2	8	0.69433	0.068935	0.140766	476	0	0	0.96552	0.97563	1.0	817	0	0
TRAPPC6B__P1P2	8	0.69521	0.07304	0.144613	477	0	0	0.95967	0.9691	1.0	801	0	0
ZNF710__P1P2	8	0.69899	0.07304	0.144613	478	0	0	0.98532	0.99295	1.0	859	0	0
HOXC4__ENST00000430889.2	8	0.69985	0.07304	0.144613	479	0	0	0.74446	0.63705	1.0	531	0	0
PLEKHG2__P1P2	8	0.70014	0.07304	0.144613	480	0	0	0.97799	0.9866	1.0	847	0	0
HAUS8__P1P2	8	0.70157	0.07304	0.144613	481	0	0	0.63955	0.46232	0.999734	437	0	0
ESYT2__P1P2	8	0.70186	0.07304	0.144613	482	0	0	0.9845	0.99202	1.0	858	0	0
ACTR5__P1P2	8	0.70471	0.07305	0.144613	483	0	0	0.50412	0.24046	0.739639	315	0	0
DCPS__P1P2	8	0.705	0.07305	0.144613	484	0	0	0.83774	0.79129	1.0	634	0	0
HSPA14__P1P2	8	0.70669	0.07305	0.144613	485	0	0	0.65121	0.46952	1.0	455	0	0
ELMO3__P1P2	8	0.7081	0.07305	0.144613	486	0	0	0.84914	0.81351	1.0	645	0	0
CHEK2__P1P2	8	0.70838	0.07305	0.144613	487	0	0	0.33424	0.046509	0.241799	182	0	0
PTPN20B__48806138	8	0.70894	0.07305	0.144613	488	0	0	0.86565	0.8339	1.0	668	0	0
PPP4R2__P1P2	8	0.7095	0.07305	0.144613	489	0	0	0.97051	0.98093	1.0	823	0	0
GAL__P1P2	8	0.70978	0.07305	0.144613	490	0	0	0.39045	0.10637	0.457475	225	0	0
SLC30A3__P1P2	8	0.71062	0.077156	0.15001	491	0	0	0.31432	0.029534	0.159482	172	0	0
SMAD1__P1P2	8	0.71146	0.077156	0.15001	492	0	0	0.90976	0.89801	1.0	731	0	0
EXOC5__P1P2	8	0.71201	0.077156	0.15001	493	0	0	0.64957	0.4672	1.0	452	0	0
ADD1__P1P2	8	0.71229	0.077156	0.15001	494	0	0	0.21877	0.012548	0.093181	110	0	0
ZNF296__P1P2	8	0.71285	0.077156	0.15001	495	0	0	0.9956	0.99875	1.0	897	0	0
POLE4__P1P2	8	0.7145	0.077165	0.15001	496	0	0	0.45715	0.19261	0.659246	278	0	0
MLLT1__P1P2	8	0.7156	0.077165	0.15001	497	0	0	0.14109	0.0041301	0.04024	68	0	0
G3BP2__P1P2	8	0.71725	0.077165	0.15001	498	0	0	0.8015	0.73308	1.0	592	0	0
NCOA6__P1P2	8	0.71779	0.077165	0.15001	499	0	0	0.93158	0.93498	1.0	753	0	0
PRAMEF12__ENST00000357726.4	8	0.71861	0.081063	0.156978	500	0	0	0.91116	0.89922	1.0	734	0	0
MYH9__P1P2	8	0.71916	0.081073	0.156978	501	0	0	0.42896	0.1438	0.54603	252	0	0
MRE11A__P1P2	8	0.7197	0.085297	0.163225	502	0	0	0.60212	0.3959	0.955562	400	0	0
GPATCH8__P1P2	8	0.71997	0.085297	0.163225	503	0	0	0.40528	0.1252	0.505007	234	0	0
NUFIP1__P1P2	8	0.72024	0.085297	0.163225	504	0	0	0.87743	0.85228	1.0	685	0	0
CCDC94__P1P2	8	0.72132	0.085307	0.163225	505	0	0	0.54914	0.29907	0.821178	352	0	0
HRAS__P1	8	0.72159	0.085307	0.163225	506	0	0	0.64924	0.4672	1.0	451	0	0
RHOG__P1P2	8	0.72186	0.085307	0.163225	507	0	0	0.63615	0.45455	0.999734	435	0	0
CORO1A__30194716	8	0.72347	0.089046	0.16973	508	0	0	0.51343	0.25432	0.762954	323	0	0
OXR1__ENST00000312046.6	8	0.72428	0.089056	0.16973	509	0	0	0.82288	0.76563	1.0	622	0	0
CCDC137__P1P2	8	0.72773	0.092677	0.175275	510	0	0	0.80568	0.73551	1.0	600	0	0
JMJD1C__P1P2	8	0.72826	0.092687	0.175275	511	0	0	0.4586	0.19262	0.659246	279	0	0
RNF126__P1P2	8	0.72932	0.092687	0.175275	512	0	0	0.79868	0.73163	1.0	586	0	0
CCDC77__P2	8	0.73011	0.092687	0.175275	513	0	0	0.89909	0.88545	1.0	717	0	0
SAP30BP__P1P2	8	0.73089	0.097029	0.182089	514	0	0	0.76866	0.68137	1.0	557	0	0
HSPA4__P1P2	8	0.73141	0.097029	0.182089	515	0	0	0.70556	0.57971	1.0	492	0	0
CISD1__P1P2	8	0.73168	0.097039	0.182089	516	0	0	0.86277	0.82491	1.0	662	0	0
RNF168__P1P2	8	0.73194	0.097039	0.182089	517	0	0	0.65805	0.47938	1.0	462	0	0
CD8B__87088218	8	0.73479	0.10138	0.189871	518	0	0	0.33192	0.046509	0.241799	180	0	0
EVI5__P1P2	8	0.73864	0.10505	0.196366	519	0	0	0.62475	0.43899	0.998446	422	0	0
HIVEP1__P1P2	8	0.74017	0.10904	0.203427	520	0	0	0.89559	0.87769	1.0	711	0	0
SNAP29__P1P2	8	0.74396	0.11715	0.217725	521	0	0	0.79292	0.7229	1.0	579	0	0
LRP6__P1P2	8	0.74471	0.12101	0.224466	522	0	0	0.60615	0.40749	0.975571	402	0	0
NBPF14__148025047	8	0.74744	0.12481	0.231071	523	0	0	0.71615	0.59352	1.0	504	0	0
KIAA0247__P1P2	8	0.74818	0.12853	0.237055	524	0	0	0.34172	0.055066	0.281705	186	0	0
SF1__P1P2	8	0.74892	0.13262	0.241873	525	0	0	0.80764	0.74311	1.0	601	0	0
FOXK2__P1P2	8	0.74917	0.13262	0.241873	526	0	0	0.31254	0.029524	0.159482	169	0	0
KAT6A__P1P2	8	0.74966	0.13262	0.241873	527	0	0	0.26223	0.016753	0.11638	134	0	0
DPF2__P1	8	0.75015	0.13263	0.241873	528	0	0	0.75089	0.64731	1.0	538	0	0
FAM192A__P1P2	8	0.75113	0.13263	0.241873	529	0	0	0.5178	0.26093	0.766253	327	0	0
PFDN5__P1P2	8	0.75235	0.13642	0.24787	530	0	0	0.95835	0.96724	1.0	799	0	0
MBD6__P1P2	8	0.75284	0.13643	0.24787	531	0	0	0.26287	0.016763	0.11638	135	0	0
UFC1__P1P2	8	0.75381	0.14048	0.250556	532	0	0	0.90333	0.89132	1.0	723	0	0
CAP1__P1P2	8	0.75405	0.14048	0.250556	533	0	0	0.64157	0.46489	0.999734	440	0	0
TUFM__28856875	8	0.75429	0.14048	0.250556	534	0	0	0.57401	0.35101	0.902587	378	0	0
GTF3A__P1P2	8	0.75478	0.14048	0.250556	535	0	0	0.53708	0.28982	0.818915	342	0	0
FCGR1B__120935150	8	0.75502	0.14048	0.250556	536	0	0	0.58561	0.3736	0.924019	391	0	0
CNOT11__P1P2	8	0.75526	0.14048	0.250556	537	0	0	0.90107	0.88856	1.0	721	0	0
ATRN__P1P2	8	0.75598	0.14049	0.250556	538	0	0	0.78488	0.70935	1.0	573	0	0
UBE2Q1__P1P2	8	0.7567	0.14049	0.250556	539	0	0	0.19518	0.00414	0.04024	99	0	0
PORCN__P2	8	0.75742	0.14049	0.250556	540	0	0	0.71779	0.59527	1.0	507	0	0
FAM107A__P1P2	8	0.75766	0.14049	0.250556	541	0	0	0.97133	0.98146	1.0	827	0	0
ERC1__P1P2	8	0.75861	0.14441	0.256618	542	0	0	0.99704	0.99928	1.0	905	0	0
STX4__P1P2	8	0.76145	0.1522	0.268995	543	0	0	0.032146	4.9462e-06	7.6e-05	22	1	1.7829
FUT7__P1P2	8	0.76169	0.15221	0.268995	544	0	0	0.29571	0.020898	0.126953	155	0	0
PRMT7__P1P2	8	0.76239	0.15616	0.273501	545	0	0	0.081548	4.9462e-06	7.6e-05	39	0	0
CREBBP__P1P2	8	0.76286	0.15616	0.273501	546	0	0	0.83588	0.78911	1.0	631	0	0
TRIM28__P1P2	8	0.7638	0.15617	0.273501	547	0	0	0.27479	0.020888	0.126953	146	0	0
SRSF6__P1	8	0.76403	0.15617	0.273501	548	0	0	0.84531	0.80371	1.0	644	0	0
PURB__P1P2	8	0.7645	0.15617	0.273501	549	0	0	0.86043	0.82412	1.0	658	0	0
SENP2__P1P2	8	0.76543	0.15982	0.279391	550	0	0	0.96852	0.97915	1.0	822	0	0
SRSF11__P2	8	0.76589	0.16316	0.284724	551	0	0	0.45327	0.18868	0.659246	272	0	0
MYSM1__P1P2	8	0.76682	0.16742	0.290979	552	0	0	0.87597	0.84998	1.0	683	0	0
VPS26A__P1P2	8	0.76797	0.17093	0.290979	553	0	0	0.75956	0.66314	1.0	551	0	0
SUGP1__P1P2	8	0.7682	0.17093	0.290979	554	0	0	0.39949	0.12155	0.502803	229	0	0
UBE2R2__P1P2	8	0.76866	0.17093	0.290979	555	0	0	0.33134	0.046509	0.241799	179	0	0
TMEM229B__P1	8	0.76889	0.17093	0.290979	556	0	0	0.95341	0.96171	1.0	792	0	0
DCLRE1B__P1P2	8	0.76912	0.17093	0.290979	557	0	0	0.97316	0.98284	1.0	835	0	0
SLC4A1AP__P1P2	8	0.76957	0.17093	0.290979	558	0	0	0.27292	0.020888	0.126953	144	0	0
WNT7A__P1P2	8	0.77026	0.17094	0.290979	559	0	0	0.73089	0.61463	1.0	521	0	0
GTF2H2C__68855815	8	0.77049	0.17094	0.290979	560	0	0	0.58752	0.37925	0.930883	393	0	0
RBM15__110881839	8	0.77071	0.17094	0.290979	561	0	0	0.01517	4.9462e-06	7.6e-05	21	1	2.3849
GPALPP1__P1P2	8	0.7714	0.17094	0.290979	562	0	0	0.88695	0.862	1.0	698	0	0
MAU2__P1P2	8	0.77185	0.17094	0.290979	563	0	0	0.71118	0.58558	1.0	497	0	0
DHRS3__P1P2	8	0.77208	0.17094	0.290979	564	0	0	0.68122	0.51856	1.0	477	0	0
AP1G1__P1P2	8	0.77253	0.17094	0.290979	565	0	0	0.94161	0.9458	1.0	771	0	0
FAM3B__P1P2	8	0.77433	0.18604	0.316139	566	0	0	0.94411	0.94911	1.0	777	0	0
CSTF2__P1P2	8	0.77523	0.18927	0.320516	567	0	0	0.55771	0.3148	0.84062	360	0	0
APEX2__P1P2	8	0.77567	0.18928	0.320516	568	0	0	0.87356	0.84816	1.0	678	0	0
UBE2O__P1P2	8	0.77701	0.19614	0.330431	569	0	0	0.90555	0.89315	1.0	727	0	0
FAM203A__ENST00000347708.4	8	0.77767	0.19614	0.330431	570	0	0	0.44592	0.17745	0.643603	266	0	0
FERMT1__P1P2	8	0.77812	0.19615	0.330431	571	0	0	0.65708	0.47937	1.0	461	0	0
USF2__P1P2	8	0.77944	0.19986	0.334379	572	0	0	0.96075	0.96986	1.0	802	0	0
PPM1F__P1P2	8	0.7801	0.19987	0.334379	573	0	0	0.66094	0.48177	1.0	465	0	0
CCR6__ENST00000400926.2	8	0.78076	0.19987	0.334379	574	0	0	0.4818	0.21301	0.687851	300	0	0
TRAPPC2L__P1P2	8	0.78097	0.19987	0.334379	575	0	0	0.46149	0.19584	0.663311	284	0	0
TADA2B__P1P2	8	0.7825	0.20712	0.344157	576	0	0	0.00027387	4.9462e-06	7.6e-05	17	2	1.9208
HIGD2A__P1P2	8	0.78272	0.20713	0.344157	577	0	0	0.79561	0.72729	1.0	582	0	0
SRCAP__P1P2	8	0.78315	0.20713	0.344157	578	0	0	0.95324	0.96171	1.0	791	0	0
PCSK1N__P1P2	11	0.7849	0.070963	0.144604	579	0	0	0.71332	0.50087	1.0	500	0	0
ATF6__P1P2	8	0.78659	0.21069	0.348881	580	0	0	0.14326	0.0041301	0.04024	70	0	0
PAPPA__P1P2	8	0.78745	0.21069	0.348881	581	0	0	0.8576	0.82036	1.0	655	0	0
LRRC28__P1P2	8	0.78957	0.21772	0.358678	582	0	0	0.76286	0.66478	1.0	554	0	0
DYNC1LI1__P1P2	8	0.78978	0.21772	0.358678	583	0	0	0.7698	0.68304	1.0	559	0	0
MESDC2__P1P2	8	0.7902	0.21772	0.358678	584	0	0	0.44395	0.17368	0.632257	264	0	0
GAPVD1__P1P2	8	0.79313	0.22128	0.363928	585	0	0	0.92602	0.92672	1.0	747	0	0
NAIP__70319713	8	0.79479	0.22797	0.372439	586	0	0	0.4776	0.2097	0.683999	296	0	0
RBM34__P1P2	8	0.79643	0.22798	0.372439	587	0	0	0.96128	0.97081	1.0	803	0	0
ARHGEF5__144052240	8	0.79664	0.22798	0.372439	588	0	0	0.92958	0.93192	1.0	749	0	0
MANSC1__P1P2	8	0.79786	0.23822	0.388512	589	0	0	0.93513	0.93851	1.0	764	0	0
NKRF__P1P2	8	0.8003	0.24482	0.398604	590	0	0	0.94243	0.94673	1.0	773	0	0
LOC643037__P1P2	8	0.8027	0.25165	0.408349	591	0	0	0.16957	0.00414	0.04024	81	0	0
INTS6__P1P2	8	0.8031	0.25165	0.408349	592	0	0	0.65285	0.47207	1.0	456	0	0
GTF2IRD2__74267046	8	0.80449	0.25858	0.417527	593	0	0	0.61304	0.42362	0.997008	406	0	0
ZC3H14__P1P2	8	0.80469	0.25858	0.417527	594	0	0	0.85412	0.81555	1.0	652	0	0
PPP1R10__P1P2	8	0.80626	0.25859	0.417527	595	0	0	0.64358	0.46489	0.999734	443	0	0
CCDC64__ENST00000397558.2	8	0.80764	0.2617	0.421841	596	0	0	0.79664	0.7273	1.0	584	0	0
PHYH__P1P2	8	0.80958	0.27144	0.436117	597	0	0	0.40633	0.1252	0.505007	235	0	0
ZNF787__P1P2	8	0.80996	0.27145	0.436117	598	0	0	6.8767e-08	4.9462e-06	7.6e-05	7	4	1.685
RANBP2__109335729	8	0.81265	0.28107	0.450078	599	0	0	0.4355	0.15515	0.57562	258	0	0
CNKSR3__P1P2	8	0.81303	0.28107	0.450078	600	0	0	0.20873	0.0085421	0.076173	105	0	0
AES__P1P2	8	0.8153	0.28758	0.459004	601	0	0	0.26602	0.016763	0.11638	138	0	0
EIF4H__P1P2	8	0.81624	0.28759	0.459004	602	0	0	0.57674	0.35652	0.904813	381	0	0
FAF1__P1P2	8	0.81755	0.29056	0.462997	603	0	0	0.48688	0.2234	0.711964	302	0	0
MAP4K3__P1P2	8	0.81885	0.29707	0.471837	604	0	0	0.31195	0.029524	0.159482	168	0	0
CDC42EP5__P1P2	8	0.81941	0.29708	0.471837	605	0	0	0.88658	0.86199	1.0	697	0	0
CTIF__P1P2	8	0.82051	0.30613	0.483857	606	0	0	0.14181	0.0041301	0.04024	69	0	0
PSMG3__P2	8	0.82106	0.30613	0.483857	607	0	0	0.62159	0.43653	0.998446	416	0	0
PRSS40A__131328218	8	0.82216	0.30614	0.483857	608	0	0	0.91176	0.89982	1.0	735	0	0
CHAMP1__P1P2	8	0.82307	0.3092	0.485546	609	0	0	0.9826	0.99023	1.0	854	0	0
NUDT15__P1P2	8	0.82325	0.30921	0.485546	610	0	0	0.82896	0.77962	1.0	626	0	0
ZNF655__P1P2	8	0.82379	0.30921	0.485546	611	0	0	0.98772	0.99442	1.0	869	0	0
RNF2__P1P2	8	0.82397	0.30921	0.485546	612	0	0	0.89605	0.8777	1.0	713	0	0
C6orf62__P1	11	0.82695	0.11473	0.213629	613	0	0	0.71112	0.50087	1.0	496	0	0
HIST1H2AB__P1P2	8	0.8279	0.32505	0.507154	614	0	0	0.87477	0.84904	1.0	682	0	0
DEDD__P1P2	8	0.82984	0.32506	0.507154	615	0	0	0.87926	0.85398	1.0	688	0	0
G0S2__P1P2	8	0.83072	0.32506	0.507154	616	0	0	0.16747	0.00414	0.04024	79	0	0
CYFIP2__P1P2	8	0.83211	0.32506	0.507154	617	0	0	0.66793	0.49616	1.0	471	0	0
CD22__P1P2	11	0.83218	0.12555	0.232003	618	0	0	0.94271	0.92833	1.0	774	0	0
OBFC1__P1P2	8	0.8328	0.3285	0.510885	619	0	0	0.45034	0.18867	0.659246	269	0	0
ZFYVE9__P1P2	8	0.83314	0.3285	0.510885	620	0	0	0.91342	0.90293	1.0	739	0	0
HEXIM1__P1P2	8	0.83366	0.3315	0.514723	621	0	0	0.75381	0.65373	1.0	543	0	0
SCYL1__P1P2	8	0.83452	0.33456	0.51783	622	0	0	0.71916	0.59528	1.0	510	0	0
CFC1B__131278628	8	0.83469	0.33456	0.51783	623	0	0	0.41309	0.1289	0.509361	240	0	0
JPH3__P1P2	8	0.83537	0.33769	0.521024	624	0	0	0.64056	0.46232	0.999734	438	0	0
AHR__P1P2	11	0.83573	0.13098	0.241122	625	0	0	0.96713	0.96383	1.0	820	0	0
ROCK1__18690984	8	0.83588	0.3377	0.521024	626	0	0	0.82931	0.77962	1.0	627	0	0
ZNF286A__15602675	8	0.83757	0.34372	0.529463	627	0	0	0.50367	0.24046	0.739639	314	0	0
FAM98A__P1P2	8	0.83858	0.34992	0.538165	628	0	0	0.79623	0.7273	1.0	583	0	0
NIPBL__P1P2	8	0.83925	0.35279	0.53918	629	0	0	0.46004	0.19262	0.659246	281	0	0
C19orf53__P1P2	8	0.83975	0.3528	0.53918	630	0	0	0.47526	0.20969	0.683999	294	0	0
C21orf58__P1	8	0.83991	0.3528	0.53918	631	0	0	0.45083	0.18867	0.659246	270	0	0
TRAPPC13__P1P2	8	0.84008	0.3528	0.53918	632	0	0	0.67044	0.50083	1.0	474	0	0
SURF2__P1P2	11	0.84028	0.1417	0.252263	633	0	0	0.72053	0.50987	1.0	513	0	0
KIFC1__P1P2	8	0.84041	0.35577	0.542877	634	0	0	0.85024	0.81351	1.0	647	0	0
LNP1__P1P2	8	0.84107	0.35889	0.546773	635	0	0	0.13964	0.0041301	0.04024	67	0	0
USP44__P1	8	0.84173	0.3619	0.550492	636	0	0	0.48964	0.23061	0.730158	305	0	0
CAPG__P1	8	0.84304	0.36837	0.5586	637	0	0	0.97472	0.98402	1.0	841	0	0
SPINT1__P1P2	8	0.8432	0.36838	0.5586	638	0	0	0.40998	0.12521	0.505007	237	0	0
BPTF__P1P2	8	0.84369	0.37147	0.559817	639	0	0	0.9277	0.92914	1.0	748	0	0
FKBPL__P1P2	8	0.84386	0.37147	0.559817	640	0	0	0.94777	0.95648	1.0	781	0	0
AP3B1__P1P2	8	0.84402	0.37147	0.559817	641	0	0	0.93721	0.94085	1.0	765	0	0
GPRIN2__46993345	8	0.84515	0.37148	0.559817	642	0	0	0.50813	0.24725	0.744091	318	0	0
EVX2__P1P2	11	0.84535	0.15149	0.268696	643	0	0	0.46037	0.11138	0.474844	282	0	0
ZNF462__P1P2	8	0.84628	0.37422	0.563073	644	0	0	0.34629	0.062841	0.314854	191	0	0
SLX1B__29465621	8	0.8474	0.38012	0.5641	645	0	0	0.85273	0.81554	1.0	650	0	0
SF3A2__P2	8	0.84803	0.38012	0.5641	646	0	0	0.62335	0.43654	0.998446	419	0	0
KAT7__P1P2	8	0.8493	0.38013	0.5641	647	0	0	0.90986	0.89801	1.0	732	0	0
PLA2G7__P1P2	8	0.84946	0.38013	0.5641	648	0	0	0.7167	0.59352	1.0	505	0	0
UBE2G2__P1P2	8	0.84977	0.38013	0.5641	649	0	0	0.25907	0.016753	0.11638	132	0	0
PLOD3__P1P2	8	0.85009	0.38013	0.5641	650	0	0	0.57009	0.34502	0.896712	373	0	0
CAB39__P1P2	8	0.85024	0.38013	0.5641	651	0	0	0.57558	0.35394	0.902975	379	0	0
POLE3__P1P2	8	0.85056	0.38013	0.5641	652	0	0	0.57048	0.34503	0.896712	374	0	0
SOS1__P1P2	8	0.85087	0.38013	0.5641	653	0	0	0.25141	0.012558	0.093181	127	0	0
DNASE1L1__P1	8	0.85396	0.3943	0.584245	654	0	0	0.7197	0.59528	1.0	511	0	0
DCAF4__P1P2	8	0.85473	0.40013	0.589299	655	0	0	0.93268	0.9358	1.0	757	0	0
HNRNPLL__P1P2	8	0.85488	0.40013	0.589299	656	0	0	0.059088	4.9462e-06	7.6e-05	26	1	1.1957
RSPRY1__P1P2	8	0.85503	0.40014	0.589299	657	0	0	0.77922	0.70347	1.0	568	0	0
RRP8__P1P2	8	0.85519	0.40014	0.589299	658	0	0	0.75211	0.64894	1.0	540	0	0
CST1__P1P2	8	0.8561	0.4024	0.589954	659	0	0	0.9188	0.91282	1.0	742	0	0
SMURF2__P1P2	8	0.8564	0.40241	0.589954	660	0	0	0.56652	0.32699	0.859005	370	0	0
VPS9D1__P1P2	8	0.85655	0.40241	0.589954	661	0	0	0.84058	0.7966	1.0	640	0	0
PTPN20A__46640202	8	0.85835	0.40532	0.591555	662	0	0	0.64857	0.4649	0.999734	450	0	0
MED25__P1P2	8	0.86013	0.40533	0.591555	663	0	0	0.94765	0.95626	1.0	780	0	0
LRRC40__P1P2	8	0.86028	0.40533	0.591555	664	0	0	0.46388	0.19585	0.663311	286	0	0
HIST2H2BE__149857437	8	0.86087	0.41322	0.601271	665	0	0	0.54791	0.29907	0.821178	350	0	0
IL18R1__P1	8	0.86102	0.41322	0.601271	666	0	0	0.6272	0.44169	0.998446	426	0	0
BBC3__P1P2	8	0.86262	0.42175	0.611861	667	0	0	0.1258	4.9462e-06	7.6e-05	63	0	0
CNR1__P1P2	8	0.86277	0.42176	0.611861	668	0	0	0.40002	0.12156	0.502803	230	0	0
GMEB1__P1P2	8	0.8632	0.4245	0.613106	669	0	0	0.64659	0.4649	0.999734	447	0	0
HNRNPUL1__P1P2	11	0.86326	0.20573	0.343585	670	0	0	0.42639	0.062683	0.314854	250	0	0
TTLL10__P1	8	0.86349	0.4245	0.613106	671	0	0	0.52817	0.27376	0.789589	337	0	0
TMEM81__ENST00000367167.3	8	0.86407	0.42451	0.613106	672	0	0	0.090703	4.9462e-06	7.6e-05	45	0	0
MAZ__P1P2	8	0.86522	0.4298	0.618925	673	0	0	0.31492	0.029534	0.159482	173	0	0
DUSP22__292259	8	0.86579	0.42981	0.618925	674	0	0	0.84515	0.80371	1.0	643	0	0
ATP2C1__P1P2	8	0.86607	0.43253	0.621921	675	0	0	0.60101	0.39589	0.955562	399	0	0
CCNK__P2	11	0.86693	0.22518	0.369713	676	0	0	0.81062	0.69683	1.0	604	0	0
PHC1__P1P2	8	0.86763	0.43516	0.622954	677	0	0	0.87179	0.84582	1.0	675	0	0
POC1B__P1P2	8	0.86777	0.43516	0.622954	678	0	0	0.90804	0.89566	1.0	729	0	0
CHRNA7__32322509	8	0.86819	0.43517	0.622954	679	0	0	0.90471	0.89314	1.0	725	0	0
RSPH3__P1P2	8	0.87014	0.4378	0.624867	680	0	0	0.52731	0.2707	0.783096	336	0	0
PDZK1__145727481	8	0.87193	0.44035	0.624867	681	0	0	0.78076	0.70348	1.0	570	0	0
NAIP__70315936	8	0.87234	0.44035	0.624867	682	0	0	0.73685	0.62826	1.0	524	0	0
ZNRF3__P1P2	8	0.87247	0.44035	0.624867	683	0	0	0.30956	0.029524	0.159482	166	0	0
SPRR2G__P1P2	8	0.87302	0.44036	0.624867	684	0	0	0.9854	0.99296	1.0	860	0	0
FAM216A__P1P2	8	0.87329	0.44036	0.624867	685	0	0	0.71312	0.58953	1.0	499	0	0
C20orf196__P1P2	8	0.8741	0.44836	0.635281	686	0	0	0.93079	0.93391	1.0	752	0	0
ADAMTS16__P2	8	0.87517	0.45106	0.635417	687	0	0	0.81093	0.74689	1.0	605	0	0
KIDINS220__P1P2	8	0.87571	0.45107	0.635417	688	0	0	0.50857	0.24726	0.744091	319	0	0
UBE2E2__P1P2	8	0.87597	0.45107	0.635417	689	0	0	0.82051	0.7616	1.0	618	0	0
RFWD2__P1P2	8	0.8761	0.45107	0.635417	690	0	0	0.10877	4.9462e-06	7.6e-05	55	0	0
FAM58A__P1P2	8	0.87703	0.46089	0.648315	691	0	0	0.65383	0.47431	1.0	457	0	0
ATP6AP2__P1P2	8	0.87821	0.46835	0.656906	692	0	0	0.62088	0.43402	0.998446	415	0	0
LDB3__P1P2	8	0.87834	0.46835	0.656906	693	0	0	0.38183	0.1027	0.447676	216	0	0
DSCR3__P1P2	8	0.87887	0.47327	0.662845	694	0	0	0.85211	0.81471	1.0	649	0	0
CDK10__P1P2	8	0.88055	0.483	0.675505	695	0	0	0.75454	0.65374	1.0	544	0	0
ATG16L1__P1P2	8	0.88144	0.48793	0.681414	696	0	0	0.68664	0.53674	1.0	481	0	0
ROR1__P1P2	8	0.88195	0.49277	0.687197	697	0	0	0.95616	0.96554	1.0	796	0	0
PAXIP1__P1P2	8	0.88485	0.50746	0.706669	698	0	0	0.9802	0.98856	1.0	850	0	0
BOLA2__29465484	8	0.88695	0.51227	0.710377	699	0	0	0.52646	0.2707	0.783096	335	0	0
RAD1__P1P2	8	0.88707	0.51227	0.710377	700	0	0	0.93174	0.93498	1.0	754	0	0
ZNHIT3__P1P2	8	0.88817	0.51743	0.710377	701	0	0	0.5783	0.35926	0.90703	383	0	0
C11orf73__P1P2	8	0.88829	0.51743	0.710377	702	0	0	0.43299	0.15166	0.571389	256	0	0
HIST1H1E__P1P2	8	0.88841	0.51743	0.710377	703	0	0	0.19108	0.00414	0.04024	96	0	0
SREBF1__P1	8	0.8889	0.51743	0.710377	704	0	0	0.21544	0.0085421	0.076173	108	0	0
SFPQ__P1P2	8	0.88926	0.51744	0.710377	705	0	0	0.45618	0.19261	0.659246	276	0	0
KANSL1__P1P2	8	0.8895	0.51744	0.710377	706	0	0	0.53455	0.28981	0.818915	339	0	0
ESYT1__P2	8	0.89034	0.51744	0.710377	707	0	0	0.3559	0.078461	0.38137	196	0	0
PTPN20B__48826780	8	0.89058	0.51744	0.710377	708	0	0	0.96848	0.97915	1.0	821	0	0
TRABD__P1	8	0.8927	0.52838	0.724375	709	0	0	0.98996	0.99581	1.0	880	0	0
PRCP__P1	8	0.89673	0.552	0.755695	710	0	0	0.94134	0.94547	1.0	770	0	0
MNT__P1P2	8	0.89752	0.55881	0.761807	711	0	0	0.088422	4.9462e-06	7.6e-05	43	0	0
GOLGA7B__P1P2	8	0.89786	0.55882	0.761807	712	0	0	0.47243	0.20309	0.673717	291	0	0
TMX2__P1P2	8	0.89797	0.55882	0.761807	713	0	0	0.38723	0.10271	0.447676	220	0	0
AKAP10__P1P2	8	0.89853	0.56097	0.762621	714	0	0	0.31669	0.029534	0.159482	174	0	0
TCTN2__P1P2	8	0.89942	0.56098	0.762621	715	0	0	0.5837	0.36799	0.917147	389	0	0
CORO1B__67206891	8	0.90052	0.56528	0.767398	716	0	0	0.7134	0.58953	1.0	501	0	0
SLC11A2__P1	8	0.90183	0.57118	0.77218	717	0	0	0.66635	0.49615	1.0	469	0	0
TMEM198__P1P2	8	0.90226	0.57119	0.77218	718	0	0	0.88781	0.8637	1.0	699	0	0
WNT3A__P1P2	8	0.90258	0.57119	0.77218	719	0	0	0.75813	0.65833	1.0	549	0	0
HSPA13__P1P2	8	0.90418	0.57716	0.777015	720	0	0	0.75574	0.65529	1.0	546	0	0
TPI1__P1P2	8	0.90429	0.57716	0.777015	721	0	0	0.86189	0.8249	1.0	660	0	0
MLLT3__P1P2	8	0.9045	0.57717	0.777015	722	0	0	0.46052	0.19262	0.659246	283	0	0
GRWD1__P1P2	8	0.90555	0.58134	0.780486	723	0	0	0.83089	0.7821	1.0	628	0	0
AMOTL1__P1P2	8	0.90576	0.58135	0.780486	724	0	0	0.64392	0.46489	0.999734	444	0	0
ARHGAP11A__32907502	8	0.9066	0.58331	0.782036	725	0	0	0.64559	0.4649	0.999734	445	0	0
KLF5__P1P2	8	0.90773	0.59097	0.79121	726	0	0	0.96393	0.97358	1.0	813	0	0
HLA-DMA__P2	8	0.90855	0.59493	0.795425	727	0	0	0.35365	0.070805	0.347586	195	0	0
C1D__P1P2	8	0.90875	0.59684	0.795788	728	0	0	0.70641	0.57971	1.0	493	0	0
ZFAT__P1	8	0.90885	0.59684	0.795788	729	0	0	0.56373	0.324	0.853463	367	0	0
EYA3__P1P2	8	0.90966	0.60086	0.798293	730	0	0	0.10728	4.9462e-06	7.6e-05	54	0	0
C14orf119__P1P2	8	0.91076	0.60282	0.798293	731	0	0	0.36981	0.086504	0.39475	211	0	0
UBE3A__P1P2	8	0.91146	0.60283	0.798293	732	0	0	0.73246	0.62053	1.0	522	0	0
ACADS__P1P2	8	0.91156	0.60283	0.798293	733	0	0	0.36038	0.082448	0.381662	202	0	0
CWC25__P1P2	8	0.91176	0.60283	0.798293	734	0	0	0.92053	0.91543	1.0	744	0	0
BCLAF1__P1P2	8	0.91332	0.60909	0.805488	735	0	0	0.25013	0.012558	0.093181	125	0	0
FRMPD2__49481953	8	0.91371	0.61294	0.809476	736	0	0	0.85998	0.82328	1.0	657	0	0
PRC1__P1P2	8	0.91439	0.61639	0.811842	737	0	0	0.77856	0.70203	1.0	566	0	0
WDR7__P1P2	8	0.91467	0.6164	0.811842	738	0	0	0.42388	0.1364	0.528214	249	0	0
KIF22__P1	8	0.91648	0.62355	0.820151	739	0	0	0.72932	0.61462	1.0	519	0	0
KMT2D__P1P2	8	0.9176	0.6291	0.826332	740	0	0	0.57752	0.35653	0.904813	382	0	0
UFM1__P1P2	8	0.91935	0.63817	0.837116	741	0	0	0.47807	0.2097	0.683999	297	0	0
ICMT__P1P2	8	0.92026	0.64353	0.840528	742	0	0	0.41722	0.12891	0.509361	244	0	0
DDA1__P1P2	8	0.9208	0.64354	0.840528	743	0	0	0.58139	0.36522	0.912609	387	0	0
ZDHHC17__P1P2	8	0.92097	0.64509	0.840528	744	0	0	0.73839	0.62999	1.0	527	0	0
EHBP1__P1P2	8	0.92115	0.64509	0.840528	745	0	0	0.64791	0.4649	0.999734	449	0	0
TNKS2__P1P2	8	0.9216	0.6451	0.840528	746	0	0	0.83314	0.78432	1.0	629	0	0
BCL2L13__P1P2	8	0.92257	0.65019	0.844913	747	0	0	0.30897	0.029524	0.159482	165	0	0
NOTCH2NL__145208892	8	0.92266	0.6502	0.844913	748	0	0	0.51474	0.2576	0.766253	324	0	0
DMRT3__P1P2	8	0.92388	0.65898	0.851773	749	0	0	0.70071	0.57563	1.0	487	0	0
GDI2__P1	8	0.92449	0.65899	0.851773	750	0	0	0.31965	0.029534	0.159482	176	0	0
SRGAP2__206636520	8	0.92466	0.65899	0.851773	751	0	0	0.61555	0.42363	0.997008	409	0	0
UFL1__P1P2	8	0.92543	0.66053	0.852634	752	0	0	0.38992	0.10637	0.457475	224	0	0
CACHD1__P1P2	8	0.92687	0.66921	0.861491	753	0	0	0.62405	0.43898	0.998446	420	0	0
LHFP__P1P2	8	0.9272	0.66922	0.861491	754	0	0	0.66572	0.49398	1.0	468	0	0
PLCG1__P1P2	8	0.9277	0.67093	0.861491	755	0	0	0.8007	0.73164	1.0	589	0	0
ADAM18__P1P2	8	0.92786	0.67094	0.861491	756	0	0	0.68962	0.54354	1.0	483	0	0
DOCK2__P1P2	8	0.92828	0.67271	0.862626	757	0	0	0.2635	0.016763	0.11638	136	0	0
CHST15__P2	8	0.92934	0.67422	0.863427	758	0	0	0.94318	0.948	1.0	775	0	0
TCF3__P1P2	8	0.93047	0.68085	0.869624	759	0	0	0.53834	0.28982	0.818915	343	0	0
SNRK__P1P2	8	0.93142	0.68539	0.870858	760	0	0	0.18626	0.00414	0.04024	92	0	0
CALU__P1P2	8	0.9315	0.68539	0.870858	761	0	0	0.63239	0.44932	0.999734	432	0	0
GTDC1__P1P2	8	0.93158	0.68539	0.870858	762	0	0	0.19655	0.00414	0.04024	100	0	0
SND1__P1P2	8	0.9319	0.6854	0.870858	763	0	0	0.10128	4.9462e-06	7.6e-05	50	0	0
EMD__P1P2	8	0.93221	0.68846	0.87135	764	0	0	0.33366	0.046509	0.241799	181	0	0
FAM115C__143317820	8	0.93252	0.68847	0.87135	765	0	0	0.48087	0.21301	0.687851	299	0	0
CORIN__P1P2	8	0.93268	0.68847	0.87135	766	0	0	0.96352	0.97336	1.0	812	0	0
NOTCH2__120611488	8	0.93299	0.69325	0.875131	767	0	0	0.86607	0.83471	1.0	669	0	0
PCDHGA12__P1P2	8	0.93307	0.69326	0.875131	768	0	0	0.79083	0.71912	1.0	578	0	0
NF2__29999349	8	0.93369	0.69627	0.877787	769	0	0	0.071538	4.9462e-06	7.6e-05	32	0	0
RASA2__P1P2	8	0.93422	0.69931	0.879653	770	0	0	0.54955	0.29907	0.821178	353	0	0
COPE__P1P2	8	0.93453	0.70227	0.879653	771	0	0	0.66286	0.48648	1.0	467	0	0
BCR__P1P2	8	0.9346	0.70227	0.879653	772	0	0	0.17517	0.00414	0.04024	85	0	0
FBXL14__P1P2	8	0.93468	0.70227	0.879653	773	0	0	0.51824	0.26093	0.766253	328	0	0
PRR14L__P1P2	8	0.93513	0.70527	0.88227	774	0	0	0.17377	0.00414	0.04024	84	0	0
ASXL2__P1P2	8	0.93581	0.7068	0.88304	775	0	0	0.65837	0.47938	1.0	463	0	0
NSG1__NM_001040101_NM_014392	8	0.93611	0.7095	0.885077	776	0	0	0.82379	0.7678	1.0	623	0	0
USP15__P1P2	8	0.93655	0.71115	0.885077	777	0	0	0.45956	0.19262	0.659246	280	0	0
TXNDC16__P1P2	8	0.93662	0.71116	0.885077	778	0	0	0.57284	0.351	0.902587	376	0	0
CENPO__P1P2	8	0.93721	0.71393	0.887388	779	0	0	0.78163	0.70485	1.0	571	0	0
AJUBA__P1P2	8	0.93772	0.71841	0.891818	780	0	0	0.17238	0.00414	0.04024	83	0	0
ANAPC7__P1P2	8	0.93823	0.72389	0.897475	781	0	0	0.47432	0.20647	0.682611	293	0	0
TMED2__P1P2	8	0.93973	0.73199	0.904072	782	0	0	0.71752	0.59527	1.0	506	0	0
LNPEP__P1P2	8	0.94008	0.732	0.904072	783	0	0	0.31314	0.029524	0.159482	170	0	0
ZBTB7B__P1P2	8	0.94015	0.732	0.904072	784	0	0	0.5569	0.31479	0.84062	359	0	0
OGFR__P1P2	8	0.94078	0.73342	0.90467	785	0	0	0.87716	0.85228	1.0	684	0	0
SERF1B__69320873	8	0.94127	0.73853	0.907005	786	0	0	0.61484	0.42363	0.997008	408	0	0
IFT57__P1P2	8	0.94141	0.73996	0.907005	787	0	0	0.32844	0.037913	0.203596	178	0	0
SLX1A__30205037	8	0.94148	0.73996	0.907005	788	0	0	0.77878	0.70203	1.0	567	0	0
TM9SF3__P1P2	8	0.94175	0.73997	0.907005	789	0	0	0.41413	0.1289	0.509361	241	0	0
CLK3__P2	8	0.94318	0.74398	0.910073	790	0	0	0.56333	0.32399	0.853463	366	0	0
MARCKS__P1P2	8	0.94344	0.74528	0.910073	791	0	0	0.077709	4.9462e-06	7.6e-05	37	0	0
ATP1A1__P1P2	8	0.94358	0.74529	0.910073	792	0	0	0.36539	0.082458	0.381662	206	0	0
ARHGAP12__P1P2	8	0.94483	0.75308	0.917299	793	0	0	0.075399	4.9462e-06	7.6e-05	35	0	0
SSBP3__P1P2	8	0.9449	0.75309	0.917299	794	0	0	0.74843	0.64385	1.0	536	0	0
ANKRD17__P1P2	8	0.94561	0.7559	0.918431	795	0	0	0.56253	0.32399	0.853463	365	0	0
CAPZA1__P1P2	8	0.94626	0.75591	0.918431	796	0	0	0.61698	0.42616	0.998158	411	0	0
SYT14__P1P2	8	0.94689	0.75704	0.918653	797	0	0	0.26979	0.020888	0.126953	142	0	0
SPIN1__P1P2	8	0.94937	0.76853	0.931439	798	0	0	0.29693	0.020898	0.126953	157	0	0
RTKN2__P1P2	8	0.94985	0.77225	0.933631	799	0	0	0.30357	0.02531	0.150926	161	0	0
TAF5L__P1P2	8	0.95003	0.77226	0.933631	800	0	0	0.1125	4.9462e-06	7.6e-05	59	0	0
PDLIM7__P1	8	0.95033	0.77348	0.933941	801	0	0	0.45424	0.18868	0.659246	274	0	0
CTXN1__P1P2	8	0.95069	0.77473	0.934285	802	0	0	0.90323	0.89132	1.0	722	0	0
EPC1__P1P2	8	0.95128	0.77594	0.934593	803	0	0	0.6265	0.44169	0.998446	424	0	0
STMND1__P1P2	8	0.95204	0.78313	0.942088	804	0	0	0.30116	0.020898	0.126953	160	0	0
GATA3__P1P2	8	0.95267	0.78528	0.942337	805	0	0	0.54502	0.29906	0.821178	347	0	0
SHC1__P2	8	0.95284	0.78528	0.942337	806	0	0	0.52603	0.27069	0.783096	334	0	0
C11orf71__P1P2	8	0.95363	0.79088	0.947886	807	0	0	0.38777	0.10271	0.447676	221	0	0
TICAM2__P2	8	0.95442	0.79426	0.950769	808	0	0	0.68634	0.53674	1.0	480	0	0
SOX2__P1P2	11	0.95464	0.65537	0.850499	809	0	0	0.78797	0.63094	1.0	575	0	0
PYGO2__P1P2	8	0.95502	0.79866	0.95485	810	0	0	0.66062	0.48177	1.0	464	0	0
IFT46__P1P2	8	0.95567	0.80081	0.956252	811	0	0	0.82143	0.76425	1.0	619	0	0
KLHL5__P1P2	11	0.95652	0.67576	0.864265	812	0	0	0.36841	0.028851	0.159482	209	0	0
PTPN20A__46639859	8	0.95701	0.80694	0.962275	813	0	0	0.64725	0.4649	0.999734	448	0	0
NONO__P1P2	8	0.95716	0.80784	0.962275	814	0	0	0.43047	0.14381	0.54603	255	0	0
FNIP1__P1P2	8	0.95727	0.80918	0.96252	815	0	0	0.33597	0.046519	0.241799	184	0	0
GNPNAT1__P1P2	8	0.95763	0.81002	0.96252	816	0	0	0.70414	0.5797	1.0	490	0	0
GMPR2__P1P2	8	0.95891	0.81741	0.970115	817	0	0	0.75861	0.65833	1.0	550	0	0
GGCT__P1P2	8	0.95917	0.81931	0.971183	818	0	0	0.35814	0.082448	0.381662	199	0	0
USP10__P1P2	8	0.96041	0.82596	0.977871	819	0	0	0.38831	0.10271	0.447676	222	0	0
GNE__P1P2	11	0.96178	0.70211	0.879653	820	0	0	0.38612	0.028861	0.159482	219	0	0
PINK1__P1P2	8	0.96288	0.83396	0.984614	821	0	0	0.3676	0.086494	0.39475	208	0	0
TTC23L__P1P2	8	0.96302	0.83462	0.984614	822	0	0	0.34229	0.055066	0.281705	187	0	0
TGFBR2__P1P2	8	0.96339	0.83644	0.984614	823	0	0	0.22803	0.012548	0.093181	115	0	0
CHAF1A__P1P2	8	0.96407	0.83726	0.984614	824	0	0	0.58599	0.3736	0.924019	392	0	0
RALGAPA1__P1P2	8	0.96416	0.83809	0.984614	825	0	0	0.27417	0.020888	0.126953	145	0	0
SPECC1L__P1P2	8	0.96425	0.8381	0.984614	826	0	0	0.27852	0.020888	0.126953	149	0	0
ZNF90__P1P2	8	0.96438	0.83899	0.984614	827	0	0	0.70782	0.57971	1.0	495	0	0
UHMK1__P1P2	8	0.96447	0.83976	0.984614	828	0	0	0.63273	0.44933	0.999734	433	0	0
ILF3__P1P2	8	0.96548	0.84495	0.98951	829	0	0	0.96307	0.97328	1.0	810	0	0
H2AFX__P1P2	8	0.96617	0.84937	0.993491	830	0	0	0.60761	0.41258	0.985317	404	0	0
FAM222B__P1	11	0.96677	0.73555	0.906156	831	0	0	0.34485	0.023084	0.139363	188	0	0
PPP2R5C__P1P2	8	0.96734	0.85485	0.9987	832	0	0	0.55649	0.31479	0.84062	358	0	0
S100A16__P1P2	8	0.96892	0.86224	1.0	833	0	0	0.42184	0.13639	0.528214	246	0	0
NCF1__74188108	8	0.96939	0.86377	1.0	834	0	0	0.84024	0.79547	1.0	639	0	0
OCLN__68788394	8	0.96974	0.86606	1.0	835	0	0	0.43999	0.16614	0.614014	262	0	0
C17orf49__P2	8	0.9704	0.86955	1.0	836	0	0	0.20739	0.0085421	0.076173	104	0	0
ASPM__P1P2	8	0.97051	0.86956	1.0	837	0	0	0.86364	0.82802	1.0	664	0	0
CLDN3__P1P2	8	0.97144	0.87514	1.0	838	0	0	0.79929	0.73163	1.0	587	0	0
B3GAT3__P1P2	8	0.97166	0.87595	1.0	839	0	0	0.26097	0.016753	0.11638	133	0	0
PKDCC__P1P2	8	0.97228	0.87821	1.0	840	0	0	0.59055	0.38197	0.932849	396	0	0
USP48__P1P2	8	0.97231	0.87821	1.0	841	0	0	0.43349	0.15166	0.571389	257	0	0
ACTA2__P2	8	0.97245	0.87822	1.0	842	0	0	0.81643	0.75299	1.0	615	0	0
GLCE__P1P2	8	0.97412	0.88681	1.0	843	0	0	0.77523	0.69616	1.0	564	0	0
ATXN2L__P1P2	8	0.97569	0.88998	1.0	844	0	0	0.17796	0.00414	0.04024	87	0	0
PTPN14__P1P2	8	0.97601	0.89175	1.0	845	0	0	0.28162	0.020888	0.126953	151	0	0
MED19__P1P2	8	0.97645	0.89496	1.0	846	0	0	0.7156	0.59351	1.0	503	0	0
MPHOSPH8__P1	8	0.97709	0.89834	1.0	847	0	0	0.33482	0.046519	0.241799	183	0	0
PTPN20A__46619211	8	0.97719	0.89835	1.0	848	0	0	0.29389	0.020898	0.126953	153	0	0
PKNOX1__P1P2	9	0.97791	0.88124	1.0	849	0	0	0.0016906	4.9462e-06	7.6e-05	19	2	1.3333
KLLN__P1P2	8	0.97842	0.90369	1.0	850	0	0	0.24627	0.012558	0.093181	124	0	0
KIAA1429__P1P2	8	0.97927	0.90786	1.0	851	0	0	3.9346e-07	4.9462e-06	7.6e-05	12	4	1.5433
OPRD1__P1P2	8	0.97949	0.91006	1.0	852	0	0	0.32082	0.029534	0.159482	177	0	0
RPL29__P1P2	8	0.97969	0.9111	1.0	853	0	0	0.93291	0.93581	1.0	759	0	0
PPP1R16B__P1P2	8	0.98028	0.91473	1.0	854	0	0	0.16817	0.00414	0.04024	80	0	0
ARAP3__P1P2	8	0.9803	0.91473	1.0	855	0	0	0.23328	0.012548	0.093181	117	0	0
NDUFC1__P2	8	0.98036	0.91474	1.0	856	0	0	0.22605	0.012548	0.093181	114	0	0
RUNX1T1__P2	8	0.98054	0.91574	1.0	857	0	0	0.89058	0.86797	1.0	704	0	0
TTBK2__P1P2	8	0.9808	0.91778	1.0	858	0	0	0.41154	0.12521	0.505007	238	0	0
AGO1__36348590	8	0.98177	0.92435	1.0	859	0	0	0.90966	0.89801	1.0	730	0	0
TP53BP1__P1	8	0.98238	0.92608	1.0	860	0	0	0.2201	0.012548	0.093181	111	0	0
ZC3H4__P1	8	0.9842	0.93456	1.0	861	0	0	0.86536	0.83389	1.0	667	0	0
WDR37__P1P2	8	0.98437	0.93488	1.0	862	0	0	0.44887	0.18867	0.659246	267	0	0
KDM3A__P1P2	8	0.98459	0.93657	1.0	863	0	0	0.50053	0.23722	0.734337	312	0	0
RBL1__P1P2	8	0.98471	0.93739	1.0	864	0	0	0.36871	0.086494	0.39475	210	0	0
NEUROD1__P1P2	8	0.9848	0.93739	1.0	865	0	0	0.40318	0.12156	0.502803	233	0	0
PCGF2__P1	8	0.98486	0.9374	1.0	866	0	0	0.26917	0.020888	0.126953	141	0	0
MED13__P1P2	8	0.98516	0.93778	1.0	867	0	0	0.044908	4.9462e-06	7.6e-05	23	1	1.4647
UBA5__P1P2	8	0.98528	0.93885	1.0	868	0	0	0.39152	0.1102	0.471853	226	0	0
FAM72A__ENST00000367128.3	8	0.98614	0.9426	1.0	869	0	0	0.31788	0.029534	0.159482	175	0	0
DCUN1D3__P1P2	8	0.98634	0.94362	1.0	870	0	0	0.23589	0.012548	0.093181	118	0	0
TULP3__P2	8	0.98636	0.94362	1.0	871	0	0	0.13165	0.0041301	0.04024	65	0	0
TMTC2__P1P2	8	0.98659	0.94447	1.0	872	0	0	0.42946	0.14381	0.54603	253	0	0
ZMYM4__P1P2	11	0.98703	0.897	1.0	873	0	0	0.29614	0.017673	0.121829	156	0	0
CABIN1__P1P2	8	0.98716	0.94718	1.0	874	0	0	0.18902	0.00414	0.04024	95	0	0
ATM__P1P2	8	0.98742	0.9482	1.0	875	0	0	0.5879	0.37925	0.930883	394	0	0
STRADA__P1P2	8	0.98788	0.95126	1.0	876	0	0	0.47667	0.20969	0.683999	295	0	0
USP22__P1P2	8	0.98849	0.95405	1.0	877	0	0	0.24239	0.012558	0.093181	122	0	0
ATL3__P1P2	8	0.98865	0.95425	1.0	878	0	0	0.65643	0.47937	1.0	460	0	0
CSPP1__P1P2	8	0.9891	0.957	1.0	879	0	0	0.50768	0.24725	0.744091	317	0	0
ZIC2__P1P2	8	0.98949	0.95839	1.0	880	0	0	0.17726	0.00414	0.04024	86	0	0
ING5__P1P2	8	0.98994	0.96139	1.0	881	0	0	0.17098	0.00414	0.04024	82	0	0
ZNF286B__18584835	8	0.9901	0.96212	1.0	882	0	0	0.42082	0.13288	0.52291	245	0	0
EXT1__P1P2	8	0.99045	0.96385	1.0	883	0	0	0.2398	0.012558	0.093181	121	0	0
KAT6B__P1P2	8	0.99056	0.96404	1.0	884	0	0	0.22209	0.012548	0.093181	113	0	0
RBM47__P1P2	8	0.99146	0.97038	1.0	885	0	0	0.23785	0.012558	0.093181	120	0	0
DOT1L__P1P2	8	0.9917	0.97154	1.0	886	0	0	0.37256	0.094764	0.428466	212	0	0
IFT172__P1P2	8	0.99181	0.97193	1.0	887	0	0	0.6244	0.43898	0.998446	421	0	0
DDRGK1__P1P2	8	0.99218	0.97247	1.0	888	0	0	0.2779	0.020888	0.126953	148	0	0
SUFU__104263513	8	0.99226	0.97265	1.0	889	0	0	5.9522e-09	4.9462e-06	7.6e-05	5	4	2.1593
NR2E3__P1P2	8	0.99242	0.97348	1.0	890	0	0	0.40213	0.12156	0.502803	232	0	0
ATP6AP1__P1P2	8	0.99363	0.97902	1.0	891	0	0	0.83639	0.79022	1.0	632	0	0
SERF1A__70196291	8	0.99376	0.97914	1.0	892	0	0	0.29995	0.020898	0.126953	158	0	0
ESRP1__P1P2	8	0.99382	0.97914	1.0	893	0	0	0.15757	0.0041301	0.04024	76	0	0
FBXO42__P1P2	8	0.99397	0.97973	1.0	894	0	0	0.35139	0.066838	0.329778	193	0	0
ZMIZ1__P1P2	11	0.99426	0.95508	1.0	895	0	0	0.78853	0.63095	1.0	576	0	0
KRTCAP3__P1P2	8	0.99428	0.98148	1.0	896	0	0	0.51955	0.26094	0.766253	329	0	0
BTBD9__P1P2	8	0.99469	0.98346	1.0	897	0	0	0.14542	0.0041301	0.04024	72	0	0
SGK223__P1P2	8	0.99536	0.98525	1.0	898	0	0	0.0012077	4.9462e-06	7.6e-05	18	2	1.3293
FAM179B__P1P2	8	0.99539	0.98526	1.0	899	0	0	0.281	0.020888	0.126953	150	0	0
NSMCE4A__P1P2	8	0.99542	0.98534	1.0	900	0	0	0.44444	0.17368	0.632257	265	0	0
CBLL1__P1P2	8	0.99561	0.98619	1.0	901	0	0	1.1204e-09	4.9462e-06	7.6e-05	3	5	1.3463
VGLL3__P1P2	8	0.99586	0.98701	1.0	902	0	0	0.046493	4.9462e-06	7.6e-05	24	1	1.2379
SHCBP1__P1P2	8	0.99593	0.98723	1.0	903	0	0	0.062215	4.9462e-06	7.6e-05	28	1	1.1894
ACAD11__P1P2	8	0.996	0.98731	1.0	904	0	0	0.30477	0.02531	0.150926	162	0	0
MED13L__P1P2	8	0.99609	0.98741	1.0	905	0	0	0.097517	4.9462e-06	7.6e-05	48	0	0
ZNF740__P1P2	8	0.99643	0.98915	1.0	906	0	0	0.18419	0.00414	0.04024	91	0	0
FOXK1__P1P2	8	0.99663	0.98991	1.0	907	0	0	0.099778	4.9462e-06	7.6e-05	49	0	0
ZNF608__P2	8	0.99707	0.99157	1.0	908	0	0	0.8009	0.73164	1.0	590	0	0
L3MBTL2__P1P2	8	0.99729	0.99222	1.0	909	0	0	0.10952	4.9462e-06	7.6e-05	56	0	0
ZNF43__P1	8	0.99737	0.99247	1.0	910	0	0	0.60652	0.40749	0.975571	403	0	0
SERTAD1__P1P2	8	0.99757	0.99315	1.0	911	0	0	0.7598	0.66314	1.0	552	0	0
ARHGAP21__P1P2	8	0.99763	0.99325	1.0	912	0	0	0.083844	4.9462e-06	7.6e-05	42	0	0
TCTN1__P1P2	8	0.99768	0.99345	1.0	913	0	0	0.42845	0.1438	0.54603	251	0	0
KATNA1__P1P2	8	0.9978	0.99386	1.0	914	0	0	0.16676	0.00414	0.04024	78	0	0
GLYR1__P1P2	8	0.99812	0.99505	1.0	915	0	0	0.27042	0.020888	0.126953	143	0	0
IFT52__P1P2	8	0.99837	0.99592	1.0	916	0	0	0.23655	0.012548	0.093181	119	0	0
ZC3H7B__P1P2	8	0.9987	0.99694	1.0	917	0	0	0.26665	0.016763	0.11638	139	0	0
ELK3__P1P2	8	0.99874	0.99719	1.0	918	0	0	0.3587	0.082448	0.381662	200	0	0
ZCCHC8__P1P2	8	0.99878	0.99724	1.0	919	0	0	0.47102	0.20309	0.673717	290	0	0
ARL14EP__P1P2	8	0.99884	0.99738	1.0	920	0	0	0.13384	0.0041301	0.04024	66	0	0
CCDC101__P1P2	8	0.99894	0.99763	1.0	921	0	0	0.34515	0.062831	0.314854	189	0	0
PMAIP1__57567020	8	0.99901	0.99783	1.0	922	0	0	1.4295e-07	4.9462e-06	7.6e-05	9	4	1.7785
UBE2M__P1P2	8	0.99907	0.99801	1.0	923	0	0	0.38454	0.10271	0.447676	218	0	0
C19orf70__P1P2	8	0.99909	0.99802	1.0	924	0	0	0.45666	0.19261	0.659246	277	0	0
ZSCAN10__P1P2	8	0.99915	0.99813	1.0	925	0	0	0.18004	0.00414	0.04024	88	0	0
B4GALT7__P1P2	8	0.99924	0.99829	1.0	926	0	0	0.22142	0.012548	0.093181	112	0	0
FZR1__P1P2	8	0.99933	0.99842	1.0	927	0	0	0.10354	4.9462e-06	7.6e-05	52	0	0
CCDC6__P1P2	8	0.9994	0.99862	1.0	928	0	0	0.21477	0.0085421	0.076173	107	0	0
SALL2__P1P2	8	0.99957	0.99904	1.0	929	0	0	0.15615	0.0041301	0.04024	75	0	0
INPP4A__P1P2	8	0.99964	0.99915	1.0	930	0	0	0.21075	0.0085421	0.076173	106	0	0
DEGS1__P1P2	8	0.99969	0.99928	1.0	931	0	0	0.083079	4.9462e-06	7.6e-05	41	0	0
HDAC8__P1P2	8	0.99971	0.99931	1.0	932	0	0	0.46817	0.20308	0.673717	287	0	0
ATP6V0E1__P1P2	8	0.99979	0.99951	1.0	933	0	0	0.39738	0.12155	0.502803	227	0	0
KCTD3__P1P2	8	0.99982	0.99964	1.0	934	0	0	0.11547	4.9462e-06	7.6e-05	60	0	0
IBTK__P1	8	0.99983	0.99965	1.0	935	0	0	0.5512	0.30259	0.828508	355	0	0
PTBP3__P1P2	8	0.99983	0.99965	1.0	936	0	0	0.35646	0.078471	0.38137	197	0	0
RBM5__P1P2	8	0.99985	0.9997	1.0	937	0	0	0.53624	0.28981	0.818915	340	0	0
SOX4__P1	8	0.99985	0.99972	1.0	938	0	0	0.25269	0.012558	0.093181	128	0	0
FBXO28__P1P2	8	0.99987	0.99975	1.0	939	0	0	0.67479	0.50968	1.0	476	0	0
RASAL2__P1P2	8	0.99988	0.99976	1.0	940	0	0	0.11621	4.9462e-06	7.6e-05	61	0	0
MTF2__P1P2	8	0.99989	0.99976	1.0	941	0	0	0.073857	4.9462e-06	7.6e-05	34	0	0
PTPRF__P1P2	8	0.9999	0.9998	1.0	942	0	0	0.18695	0.00414	0.04024	93	0	0
KDM5C__P1P2	8	0.9999	0.99981	1.0	943	0	0	0.069215	4.9462e-06	7.6e-05	30	1	1.155
KCTD10__P1P2	8	0.9999	0.99981	1.0	944	0	0	0.25525	0.012558	0.093181	130	0	0
PICALM__P1P2	8	0.99992	0.99982	1.0	945	0	0	0.54873	0.29907	0.821178	351	0	0
TRIP6__P1P2	8	0.99993	0.99986	1.0	946	0	0	0.2945	0.020898	0.126953	154	0	0
LSM12__P1P2	8	0.99994	0.99991	1.0	947	0	0	0.089943	4.9462e-06	7.6e-05	44	0	0
USP28__P1P2	8	0.99994	0.99993	1.0	948	0	0	0.12873	0.0041301	0.04024	64	0	0
KAT2A__P1P2	8	0.99995	0.99995	1.0	949	0	0	0.14901	0.0041301	0.04024	73	0	0
INPPL1__P1P2	8	0.99996	0.99996	1.0	950	0	0	0.19313	0.00414	0.04024	97	0	0
RNF146__P1P2	8	0.99996	0.99997	1.0	951	0	0	0.092221	4.9462e-06	7.6e-05	46	0	0
KIFAP3__P1P2	8	0.99997	0.99997	1.0	952	0	0	0.29328	0.020898	0.126953	152	0	0
TFAP4__P1P2	8	0.99997	0.99997	1.0	953	0	0	0.16465	0.00414	0.04024	77	0	0
DUSP11__P1P2	8	0.99997	0.99998	1.0	954	0	0	0.15116	0.0041301	0.04024	74	0	0
GPR137__P1	8	0.99998	0.99999	1.0	955	0	0	2.0257e-07	4.9462e-06	7.6e-05	10	4	1.2641
CPNE1__P1P2	8	0.99999	1.0	1.0	956	0	0	3.2451e-07	4.9462e-06	7.6e-05	11	4	1.2263
SMCHD1__P1P2	8	1.0	1.0	1.0	957	0	0	0.11101	4.9462e-06	7.6e-05	57	0	0
LEO1__P1P2	8	1.0	1.0	1.0	958	0	0	3.2272e-05	4.9462e-06	7.6e-05	14	3	1.3815
TP53__P1P2	8	1.0	1.0	1.0	959	0	0	0.12433	4.9462e-06	7.6e-05	62	0	0
KIRREL__P1P2	8	1.0	1.0	1.0	960	0	0	0.10279	4.9462e-06	7.6e-05	51	0	0
CYP51A1__P1P2	8	1.0	1.0	1.0	961	0	0	3.2851e-09	4.9462e-06	7.6e-05	4	5	1.396
CTNND1__P1P2	8	1.0	1.0	1.0	962	0	0	0.079246	4.9462e-06	7.6e-05	38	0	0
FAM64A__P1P2	8	1.0	1.0	1.0	963	0	0	0.18073	0.00414	0.04024	89	0	0
BAD__P1P2	8	1.0	1.0	1.0	964	0	0	4.1228e-07	4.9462e-06	7.6e-05	13	4	1.1778
MYO9B__P1P2	8	1.0	1.0	1.0	965	0	0	3.3462e-05	4.9462e-06	7.6e-05	15	3	1.2188
HEATR3__P1P2	8	1.0	1.0	1.0	966	0	0	0.082314	4.9462e-06	7.6e-05	40	0	0
ZNF532__P1	8	1.0	1.0	1.0	967	0	0	9.1168e-08	4.9462e-06	7.6e-05	8	4	1.5208
SNAI1__P1P2	8	1.0	1.0	1.0	968	0	0	0.11176	4.9462e-06	7.6e-05	58	0	0
GPR137__P2	8	1.0	1.0	1.0	969	0	0	3.468e-05	4.9462e-06	7.6e-05	16	3	1.1034
BAK1__33547269	8	1.0	1.0	1.0	970	0	0	1.1307e-22	4.9462e-06	7.6e-05	1	8	2.5359
SUPT20H__P1P2	8	1.0	1.0	1.0	971	0	0	8.4433e-22	4.9462e-06	7.6e-05	2	8	2.4874
