id	num	neg|score	neg|p-value	neg|fdr	neg|rank	neg|goodsgrna	neg|lfc	pos|score	pos|p-value	pos|fdr	pos|rank	pos|goodsgrna	pos|lfc
PIGY__P1P2	8	1.1288e-11	4.9462e-06	4.4e-05	1	8	-3.4902	1.0	1.0	1.0	969	0	0
NKRF__P1P2	8	1.0378e-10	4.9462e-06	4.4e-05	2	8	-3.1733	1.0	1.0	1.0	971	0	0
PDS5B__P1P2	8	1.0685e-10	4.9462e-06	4.4e-05	3	8	-2.6768	1.0	1.0	1.0	970	0	0
MINOS1-NBL1__P1P2	8	1.2664e-09	4.9462e-06	4.4e-05	4	8	-2.5486	1.0	1.0	1.0	968	0	0
NDUFS8__P1P2	8	1.7676e-09	4.9462e-06	4.4e-05	5	8	-2.9175	1.0	1.0	1.0	961	0	0
MLF1IP__P1P2	8	4.9032e-09	4.9462e-06	4.4e-05	6	8	-2.1853	1.0	1.0	1.0	967	0	0
ANAPC13__P1P2	8	6.0183e-09	4.9462e-06	4.4e-05	7	8	-2.981	1.0	1.0	1.0	966	0	0
CEP63__P1P2	8	6.799e-09	4.9462e-06	4.4e-05	8	7	-2.6403	0.99272	0.9966	1.0	869	0	0
PARL__P1P2	8	1.0082e-08	4.9462e-06	4.4e-05	9	8	-2.5859	1.0	1.0	1.0	962	0	0
HUS1__P1P2	8	3.271e-08	4.9462e-06	4.4e-05	10	8	-2.8868	0.99955	0.99999	1.0	916	0	0
ILK__P1P2	8	3.7235e-08	4.9462e-06	4.4e-05	11	7	-2.7425	0.97024	0.96536	1.0	796	0	0
PPM1G__P1	8	5.3277e-08	4.9462e-06	4.4e-05	12	8	-1.9419	1.0	1.0	1.0	965	0	0
MYSM1__P1P2	8	6.0049e-08	4.9462e-06	4.4e-05	13	8	-2.9387	1.0	1.0	1.0	964	0	0
FNBP4__P1P2	8	9.2964e-08	4.9462e-06	4.4e-05	14	7	-2.4416	0.99182	0.99573	1.0	862	0	0
BTAF1__P1P2	8	1.1039e-07	4.9462e-06	4.4e-05	15	7	-2.384	0.96739	0.96028	1.0	791	0	0
AUNIP__P1P2	8	2.5121e-07	4.9462e-06	4.4e-05	16	7	-1.9348	0.59168	0.17994	0.543165	318	0	0
FDX1__P1P2	8	2.729e-07	4.9462e-06	4.4e-05	17	8	-1.9937	1.0	1.0	1.0	958	0	0
PAN2__P1P2	8	3.5337e-07	4.9462e-06	4.4e-05	18	8	-2.2932	1.0	1.0	1.0	955	0	0
GPI__P1P2	8	4.2276e-07	4.9462e-06	4.4e-05	19	8	-1.2892	1.0	1.0	1.0	963	0	0
TSPYL1__P1P2	8	6.2346e-07	4.9462e-06	4.4e-05	20	8	-1.5268	1.0	1.0	1.0	960	0	0
CENPF__P1P2	8	6.8444e-07	4.9462e-06	4.4e-05	21	8	-2.396	0.99987	1.0	1.0	930	0	0
UBE2S__P1P2	8	7.4295e-07	4.9462e-06	4.4e-05	22	8	-1.2443	1.0	1.0	1.0	959	0	0
MKI67__P1P2	8	9.1687e-07	4.9462e-06	4.4e-05	23	8	-2.2631	0.99998	1.0	1.0	945	0	0
NDUFAF6__P1P2	8	1.0714e-06	4.9462e-06	4.4e-05	24	8	-2.3808	0.99973	1.0	1.0	921	0	0
DCP2__P1P2	8	1.1333e-06	4.9462e-06	4.4e-05	25	8	-2.3617	1.0	1.0	1.0	957	0	0
TMEM68__P1P2	8	1.2996e-06	4.9462e-06	4.4e-05	26	8	-2.4112	1.0	1.0	1.0	953	0	0
PDSS1__P1P2	11	1.3311e-06	4.9462e-06	4.4e-05	27	10	-1.5308	0.99905	0.99979	1.0	908	0	0
RNF8__P1P2	8	1.3397e-06	4.9462e-06	4.4e-05	28	8	-2.0306	1.0	1.0	1.0	956	0	0
ORC5__P1P2	8	1.4087e-06	4.9462e-06	4.4e-05	29	7	-2.1683	0.7432	0.42493	0.897899	459	0	0
MMAB__P1P2	8	1.7297e-06	4.9462e-06	4.4e-05	30	8	-1.3256	1.0	1.0	1.0	954	0	0
CMC1__P1P2	8	2.0392e-06	4.9462e-06	4.4e-05	31	7	-1.9683	0.91506	0.83641	1.0	686	0	0
PRKDC__P1P2	8	2.5744e-06	4.9462e-06	4.4e-05	32	8	-2.3269	0.99976	1.0	1.0	923	0	0
CSDE1__P1P2	8	4.6351e-06	4.9462e-06	4.4e-05	33	8	-1.5054	1.0	1.0	1.0	952	0	0
NEK2__P1P2	8	5.6222e-06	4.9462e-06	4.4e-05	34	7	-1.4009	0.93361	0.88393	1.0	720	0	0
KIAA0020__P1	8	5.8674e-06	4.9462e-06	4.4e-05	35	8	-2.1094	0.9983	0.99989	1.0	896	0	0
C1QTNF9B-AS1__P1P2	8	6.6357e-06	4.9462e-06	4.4e-05	36	7	-2.0489	0.86678	0.68866	1.0	614	0	0
MUT__P1P2	11	7.0791e-06	4.9462e-06	4.4e-05	37	11	-1.1133	0.99999	1.0	1.0	951	0	0
SNAI1__P1P2	8	7.7631e-06	4.9462e-06	4.4e-05	38	8	-0.71049	0.99999	1.0	1.0	950	0	0
GHITM__P1P2	8	8.7637e-06	4.9462e-06	4.4e-05	39	8	-1.3992	0.99999	1.0	1.0	949	0	0
SMARCC1__P1P2	8	8.802e-06	4.9462e-06	4.4e-05	40	8	-1.6639	0.99993	1.0	1.0	939	0	0
FKBPL__P1P2	8	1.2058e-05	4.9462e-06	4.4e-05	41	8	-1.6332	0.99999	1.0	1.0	948	0	0
ZC3H4__P1	8	1.239e-05	4.9462e-06	4.4e-05	42	8	-0.82961	0.99999	1.0	1.0	947	0	0
PPP2R5C__P1P2	8	1.475e-05	4.9462e-06	4.4e-05	43	8	-1.2887	0.99999	1.0	1.0	946	0	0
WDR89__P1P2	8	1.509e-05	4.9462e-06	4.4e-05	44	7	-1.6928	0.99561	0.9985	1.0	881	0	0
MBIP__P1P2	8	1.6841e-05	4.9462e-06	4.4e-05	45	6	-1.9272	0.69956	0.35777	0.818269	413	0	0
MAD2L1BP__P1P2	8	1.7822e-05	4.9462e-06	4.4e-05	46	8	-1.8935	0.99995	1.0	1.0	941	0	0
DUSP12__P1P2	8	1.8948e-05	4.9462e-06	4.4e-05	47	6	-1.65	0.82051	0.57216	1.0	553	0	0
RNF168__P1P2	8	2.0508e-05	4.9462e-06	4.4e-05	48	7	-1.5421	0.8009	0.52992	0.977385	525	0	0
DBF4__P1P2	8	2.5497e-05	4.9462e-06	4.4e-05	49	7	-1.2481	0.96407	0.95558	1.0	779	0	0
SIN3B__P1P2	8	2.6256e-05	4.9462e-06	4.4e-05	50	8	-1.5977	0.99978	1.0	1.0	925	0	0
FGD1__P1P2	8	2.8835e-05	4.9462e-06	4.4e-05	51	7	-1.4211	0.73141	0.40051	0.868958	446	0	0
SPTLC2__P1P2	8	3.0721e-05	4.9462e-06	4.4e-05	52	8	-1.4666	0.99906	0.99996	1.0	909	0	0
UBE2C__P1P2	8	3.0721e-05	4.9462e-06	4.4e-05	53	7	-2.196	0.99126	0.99532	1.0	860	0	0
VWA9__P1P2	8	3.106e-05	4.9462e-06	4.4e-05	54	7	-1.7913	0.705	0.35778	0.818269	421	0	0
UBE2O__P1P2	8	3.1215e-05	4.9462e-06	4.4e-05	55	8	-0.69368	0.99997	1.0	1.0	944	0	0
ZBTB4__P1	8	3.8683e-05	4.9462e-06	4.4e-05	56	8	-1.3026	0.99996	1.0	1.0	943	0	0
METTL15__P2	8	4.001e-05	4.9462e-06	4.4e-05	57	8	-1.5882	0.99996	1.0	1.0	942	0	0
MID1IP1__P1P2	8	4.1444e-05	4.9462e-06	4.4e-05	58	7	-0.77443	0.98559	0.98912	1.0	839	0	0
NPM1__P1P2	8	4.6367e-05	4.9462e-06	4.4e-05	59	8	-1.4054	0.99994	1.0	1.0	940	0	0
XKR8__P1P2	8	4.8544e-05	4.9462e-06	4.4e-05	60	7	-0.99141	0.96617	0.95891	1.0	784	0	0
RBM34__P1P2	8	5.0613e-05	4.9462e-06	4.4e-05	61	7	-1.6143	0.9692	0.96305	1.0	795	0	0
CHTF18__P1P2	8	5.3158e-05	4.9462e-06	4.4e-05	62	7	-2.0058	0.98837	0.99224	1.0	853	0	0
TIMM17B__P1P2	8	5.411e-05	4.9462e-06	4.4e-05	63	7	-1.6889	0.86378	0.68042	1.0	609	0	0
SMN2__69345238	8	5.6093e-05	4.9462e-06	4.4e-05	64	8	-1.7308	0.99922	0.99998	1.0	910	0	0
DROSHA__31531421	8	5.9247e-05	4.9462e-06	4.4e-05	65	8	-1.8414	0.9987	0.99994	1.0	903	0	0
ANKRA2__P1P2	8	6.0778e-05	4.9462e-06	4.4e-05	66	7	-1.5116	0.7095	0.36313	0.819933	429	0	0
MOSPD2__P1P2	8	6.1634e-05	4.9462e-06	4.4e-05	67	6	-1.8195	0.90387	0.79431	1.0	671	0	0
TLN1__P1P2	8	6.487e-05	4.9462e-06	4.4e-05	68	7	-1.3595	0.97885	0.98081	1.0	819	0	0
CDC26__P1P2	8	6.6154e-05	4.9462e-06	4.4e-05	69	5	-1.5367	0.89329	0.7645	1.0	653	0	0
NABP2__P1	8	7.304e-05	4.9462e-06	4.4e-05	70	6	-1.1921	0.95403	0.93434	1.0	762	0	0
EAF1__P1P2	8	7.3229e-05	4.9462e-06	4.4e-05	71	8	-1.1338	0.99993	1.0	1.0	938	0	0
KIF18B__P1P2	8	7.3404e-05	4.9462e-06	4.4e-05	72	8	-0.96289	0.99725	0.99951	1.0	887	0	0
MRRF__P1P2	8	7.4228e-05	4.9462e-06	4.4e-05	73	8	-1.5538	0.99993	1.0	1.0	937	0	0
LIMS1__P1P2	8	7.5394e-05	4.9462e-06	4.4e-05	74	8	-1.6943	0.99984	1.0	1.0	928	0	0
NRBP1__P1P2	8	7.648e-05	4.9462e-06	4.4e-05	75	8	-1.8682	0.99871	0.99994	1.0	904	0	0
C7orf26__P1P2	8	7.7091e-05	4.9462e-06	4.4e-05	76	8	-1.4338	0.99992	1.0	1.0	936	0	0
ELMO3__P1P2	8	8.0051e-05	4.9462e-06	4.4e-05	77	8	-0.7017	0.99992	1.0	1.0	935	0	0
SAE1__P1P2	8	8.3554e-05	4.9462e-06	4.4e-05	78	8	-1.1718	0.99992	1.0	1.0	934	0	0
BRMS1__P1P2	8	8.9421e-05	4.9462e-06	4.4e-05	79	8	-1.2984	0.99613	0.99887	1.0	884	0	0
TRIP13__P1P2	8	9.2379e-05	4.9462e-06	4.4e-05	80	6	-1.505	0.72641	0.39201	0.858184	442	0	0
NUTF2__P1P2	8	9.5883e-05	4.9462e-06	4.4e-05	81	8	-1.3661	0.9999	1.0	1.0	933	0	0
PCGF1__P1P2	8	0.00010051	4.9462e-06	4.4e-05	82	8	-1.3202	0.9999	1.0	1.0	932	0	0
SREK1IP1__P1P2	8	0.00010303	4.9462e-06	4.4e-05	83	7	-1.6319	0.98344	0.98661	1.0	832	0	0
KDM4A__P1P2	8	0.00011582	4.9462e-06	4.4e-05	84	8	-1.3898	0.99856	0.99991	1.0	901	0	0
LUZP1__P1P2	8	0.00012014	4.9462e-06	4.4e-05	85	7	-0.72045	0.98499	0.98822	1.0	838	0	0
DDX10__P1P2	8	0.00012225	4.9462e-06	4.4e-05	86	8	-1.6525	0.99988	1.0	1.0	931	0	0
TUBA1C__P1P2	8	0.00013003	4.9462e-06	4.4e-05	87	8	-0.6204	0.99926	0.99998	1.0	911	0	0
DCAF4__P1P2	8	0.00014116	4.9462e-06	4.4e-05	88	8	-0.81899	0.99986	1.0	1.0	929	0	0
PTK2__P1P2	8	0.00014997	4.9462e-06	4.4e-05	89	7	-1.0608	0.84803	0.64075	1.0	585	0	0
MDM4__P1P2	8	0.00015114	4.9462e-06	4.4e-05	90	6	-1.4423	0.8895	0.75453	1.0	649	0	0
NSDHL__P1P2	8	0.0001598	4.9462e-06	4.4e-05	91	8	-1.1597	0.99984	1.0	1.0	927	0	0
TAF11__P1P2	8	0.00016459	4.9462e-06	4.4e-05	92	8	-1.1416	0.99984	1.0	1.0	926	0	0
IPO7__P1P2	8	0.00017736	4.9462e-06	4.4e-05	93	7	-1.4112	0.9714	0.9674	1.0	802	0	0
BRAP__P1P2	8	0.00017847	4.9462e-06	4.4e-05	94	8	-1.2115	0.99973	1.0	1.0	920	0	0
COL4A3BP__P1P2	8	0.00018265	4.9462e-06	4.4e-05	95	7	-1.3402	0.99361	0.99713	1.0	874	0	0
DUSP11__P1P2	8	0.000188	4.9462e-06	4.4e-05	96	8	-1.172	0.99931	0.99999	1.0	913	0	0
BMS1__P1P2	8	0.00018992	4.9462e-06	4.4e-05	97	7	-1.3464	0.99469	0.99792	1.0	880	0	0
FAR1__P1P2	8	0.00020571	4.9462e-06	4.4e-05	98	7	-0.89934	0.57048	0.16475	0.523331	303	0	0
USP42__P1P2	8	0.00021532	4.9462e-06	4.4e-05	99	8	-1.1222	0.99855	0.99991	1.0	900	0	0
RPS11__P1P2	8	0.00022236	4.9462e-06	4.4e-05	100	8	-0.83401	0.99978	1.0	1.0	924	0	0
MIEF1__P1P2	8	0.00027239	4.9462e-06	4.4e-05	101	8	-1.6773	0.99973	1.0	1.0	922	0	0
PMVK__P1P2	8	0.00027991	4.9462e-06	4.4e-05	102	8	-1.8054	0.99877	0.99995	1.0	906	0	0
PRPF40A__P1P2	8	0.0002827	4.9462e-06	4.4e-05	103	7	-1.216	0.5879	0.17244	0.527077	315	0	0
PARN__P1P2	11	0.00032265	2.4731e-05	0.000178	104	8	-1.2746	0.84472	0.52533	0.976679	579	0	0
ANKRD17__P1P2	8	0.00033877	4.9462e-06	4.4e-05	105	8	-1.4726	0.99966	1.0	1.0	919	0	0
AK2__P1P2	8	0.00034097	4.9462e-06	4.4e-05	106	8	-1.0419	0.9993	0.99999	1.0	912	0	0
NXT1__P1P2	8	0.00034858	4.9462e-06	4.4e-05	107	8	-1.2963	0.99878	0.99995	1.0	907	0	0
FECH__P1P2	8	0.00035111	4.9462e-06	4.4e-05	108	8	-0.95522	0.99965	1.0	1.0	918	0	0
ZC3H7A__P1P2	8	0.00035372	4.9462e-06	4.4e-05	109	7	-1.1425	0.92371	0.85837	1.0	702	0	0
UQCRC2__P1P2	11	0.00040952	2.4731e-05	0.000178	110	9	-1.3998	0.9901	0.98667	1.0	855	0	0
C1D__P1P2	8	0.00041587	4.9462e-06	4.4e-05	111	7	-1.326	0.96416	0.95559	1.0	780	0	0
USP1__P1P2	8	0.00042074	4.9462e-06	4.4e-05	112	8	-1.045	0.99958	1.0	1.0	917	0	0
HIBADH__P1P2	8	0.00045908	1.4839e-05	0.000114	113	8	-0.64721	0.99741	0.99961	1.0	889	0	0
USMG5__P1P2	8	0.00047687	1.4839e-05	0.000114	114	6	-1.1367	0.73298	0.40339	0.869382	449	0	0
RRNAD1__P1P2	8	0.00048087	1.4839e-05	0.000114	115	5	-1.115	0.98563	0.98913	1.0	840	0	0
UBR5__P1P2	8	0.00048316	1.4839e-05	0.000114	116	6	-1.1499	0.87847	0.72905	1.0	633	0	0
SLC25A33__P1P2	8	0.00049476	1.4839e-05	0.000114	117	8	-1.2938	0.99766	0.99969	1.0	892	0	0
BUB1__P1P2	8	0.00051253	1.4839e-05	0.000114	118	7	-1.5539	0.98402	0.9874	1.0	835	0	0
SLTM__P1P2	8	0.00054996	1.4839e-05	0.000114	119	7	-0.80187	0.99452	0.99776	1.0	879	0	0
SOX4__P1	8	0.0005764	1.4839e-05	0.000114	120	7	-0.67129	0.9657	0.95816	1.0	783	0	0
RAD9A__P1P2	8	0.00057676	1.4839e-05	0.000114	121	6	-1.3738	0.61376	0.19464	0.55483	336	0	0
APEX2__P1P2	8	0.00061023	1.4839e-05	0.000114	122	7	-0.79791	0.89797	0.77738	1.0	660	0	0
RPL36A__P1P2	8	0.00061599	1.4839e-05	0.000114	123	8	-1.3465	0.99938	0.99999	1.0	915	0	0
PAN3__P1P2	8	0.00062372	1.4839e-05	0.000114	124	8	-1.3522	0.99938	0.99999	1.0	914	0	0
WDR48__P1P2	8	0.00064723	1.4839e-05	0.000114	125	7	-1.4845	0.96366	0.9545	1.0	777	0	0
USP15__P1P2	8	0.0006516	1.4839e-05	0.000114	126	7	-0.78491	0.9525	0.93133	1.0	755	0	0
CCDC137__P1P2	8	0.00066229	1.4839e-05	0.000114	127	6	-1.3171	0.98806	0.99203	1.0	851	0	0
POLE4__P1P2	8	0.00067749	1.4839e-05	0.000114	128	7	-0.88273	0.9068	0.80859	1.0	676	0	0
XRCC1__P1P2	11	0.00068607	5.4408e-05	0.000362	129	10	-1.0642	0.93253	0.77632	1.0	718	0	0
TIMM10__P1P2	8	0.00073318	2.4731e-05	0.000178	130	5	-1.2254	0.94967	0.92341	1.0	748	0	0
CSTF2__P1P2	8	0.00076987	2.4731e-05	0.000178	131	7	-0.68138	0.9869	0.99057	1.0	848	0	0
LEO1__P1P2	8	0.00080956	2.4731e-05	0.000178	132	7	-0.84217	0.98226	0.98544	1.0	828	0	0
DNAJC2__P1P2	8	0.00082305	2.4731e-05	0.000178	133	7	-1.3112	0.97589	0.97605	1.0	810	0	0
TATDN2__P1P2	8	0.00083323	2.4731e-05	0.000178	134	7	-0.78989	0.97553	0.97542	1.0	808	0	0
RPS13__P1P2	8	0.00085116	2.4731e-05	0.000178	135	7	-1.4794	0.99345	0.99702	1.0	873	0	0
PHF6__P1P2	8	0.00086645	2.4731e-05	0.000178	136	8	-1.0173	0.99691	0.99934	1.0	886	0	0
UNC45A__P1	8	0.00097634	4.4516e-05	0.000311	137	7	-0.97555	0.88234	0.73834	1.0	641	0	0
TAF6__P1P2	8	0.00099096	4.4516e-05	0.000311	138	8	-1.4509	0.99753	0.99967	1.0	891	0	0
CTDSPL2__P1P2	8	0.001003	4.4516e-05	0.000311	139	6	-1.3768	0.78999	0.51622	0.972648	512	0	0
CCS__P1P2	8	0.0010824	4.4516e-05	0.000311	140	7	-0.37136	0.98649	0.98996	1.0	846	0	0
U2SURP__P1P2	8	0.0011168	5.4408e-05	0.000362	141	7	-1.4698	0.94961	0.9234	1.0	747	0	0
H2AFZ__P1P2	8	0.0011211	5.4408e-05	0.000362	142	7	-1.1418	0.96246	0.95198	1.0	776	0	0
ZNF121__P1P2	8	0.0011835	5.4408e-05	0.000362	143	6	-0.2874	0.43849	0.050179	0.232257	208	0	0
TINF2__P1P2	8	0.0012047	5.4408e-05	0.000362	144	6	-1.3589	0.15473	4.9462e-06	5.1e-05	66	0	0
PPP1R10__P1P2	8	0.0012506	5.4408e-05	0.000362	145	8	-0.73707	0.99875	0.99995	1.0	905	0	0
KAT5__P1P2	8	0.0012713	5.4408e-05	0.000362	146	7	-1.1775	0.69081	0.34303	0.813262	408	0	0
AKAP3__P1	8	0.0013126	7.4193e-05	0.000491	147	6	-1.1681	0.85579	0.65771	1.0	596	0	0
PLEKHG2__P1P2	8	0.0013516	8.4085e-05	0.000545	148	8	-0.45801	0.99865	0.99992	1.0	902	0	0
DOCK1__P1P2	8	0.0013743	8.4085e-05	0.000545	149	7	-1.226	0.98632	0.9896	1.0	844	0	0
RBM14-RBM4__P2	8	0.0013813	8.4085e-05	0.000545	150	6	-1.1461	0.87464	0.71355	1.0	625	0	0
BCKDHA__P1	8	0.0014707	9.3978e-05	0.000605	151	7	-1.4762	0.97249	0.96994	1.0	804	0	0
NAA30__P1P2	8	0.0014927	0.00010387	0.000651	152	8	-1.1991	0.99851	0.9999	1.0	899	0	0
COG6__P1P2	8	0.0015573	0.00010387	0.000651	153	6	-1.2366	0.93007	0.87435	1.0	713	0	0
DNAJC3__P1P2	8	0.0015839	0.00010387	0.000651	154	7	-0.47221	0.98606	0.98941	1.0	843	0	0
CEP128__P1P2	8	0.0015874	0.00010387	0.000651	155	7	-0.63457	0.99581	0.99862	1.0	882	0	0
TAF3__P1P2	8	0.0016254	0.00011376	0.000695	156	8	-1.1562	0.99837	0.99989	1.0	898	0	0
CWC27__P1P2	8	0.0016625	0.00011376	0.000695	157	7	-1.2075	0.95057	0.92662	1.0	751	0	0
RRP8__P1P2	8	0.001674	0.00011376	0.000695	158	8	-0.6037	0.99833	0.99989	1.0	897	0	0
HMGCS1__P1P2	8	0.0016764	0.00011376	0.000695	159	6	-0.67161	0.98252	0.98563	1.0	829	0	0
LIAS__P1P2	8	0.0017778	0.00013355	0.000811	160	7	-1.0126	0.35196	0.029247	0.17229	153	0	0
LTN1__P1P2	8	0.0018042	0.00014344	0.000861	161	8	-0.65395	0.9982	0.99986	1.0	895	0	0
NAA15__P1P2	8	0.0018097	0.00014344	0.000861	162	4	-0.79244	0.82433	0.58036	1.0	556	0	0
ZFC3H1__P1P2	8	0.0018742	0.00015333	0.000892	163	8	-0.64428	0.99813	0.99985	1.0	894	0	0
DCP1A__P1P2	8	0.0018764	0.00015333	0.000892	164	6	-0.57771	0.51518	0.094724	0.354124	255	0	0
SMARCAL1__P1P2	8	0.0019116	0.00015333	0.000892	165	7	-1.1919	0.9673	0.96028	1.0	790	0	0
RBPMS2__P1P2	8	0.0019132	0.00015333	0.000892	166	5	-0.84876	0.92301	0.8557	1.0	701	0	0
DNMT1__P1P2	8	0.0019185	0.00015333	0.000892	167	5	-0.98488	0.92231	0.8557	1.0	697	0	0
DCPS__P1P2	8	0.0019667	0.00016322	0.000933	168	7	-1.3817	0.98575	0.98927	1.0	841	0	0
C14orf169__P1P2	8	0.0019782	0.00016322	0.000933	169	7	-0.56069	0.8021	0.53229	0.979904	526	0	0
INTS10__P1P2	8	0.0020007	0.00016322	0.000933	170	6	-1.3193	0.9315	0.87637	1.0	716	0	0
PFDN1__P1P2	8	0.0020406	0.00017312	0.000978	171	8	-1.087	0.99753	0.99967	1.0	890	0	0
NUP188__P1P2	8	0.0020506	0.00017312	0.000978	172	5	-1.0382	0.70922	0.36313	0.819933	428	0	0
COG5__P1P2	8	0.0021026	0.00018301	0.001028	173	8	-0.3798	0.9979	0.99982	1.0	893	0	0
PPME1__P1P2	8	0.0022973	0.00030172	0.001685	174	6	-1.1859	0.94161	0.90194	1.0	734	0	0
AGPS__P1P2	8	0.0023511	0.0003215	0.001766	175	5	-0.65538	0.70014	0.35777	0.818269	414	0	0
TSSC1__P1P2	8	0.0023532	0.0003215	0.001766	176	7	-0.81013	0.77944	0.49415	0.96432	496	0	0
ATPAF2__P1P2	8	0.0023823	0.0003215	0.001766	177	6	-0.86786	0.59544	0.18356	0.545651	324	0	0
STX7__P1P2	8	0.0024374	0.00033139	0.00181	178	7	-0.78703	0.79354	0.51835	0.972648	517	0	0
MEX3A__P1P2	8	0.0024798	0.00035118	0.001907	179	7	-0.81079	0.97752	0.97874	1.0	815	0	0
ZRSR2__P1P2	8	0.0024982	0.00036107	0.00195	180	7	-1.0439	0.95215	0.93064	1.0	753	0	0
TBC1D31__P1P2	8	0.0026078	0.00044021	0.002364	181	7	-0.73303	0.91486	0.83641	1.0	684	0	0
NSMCE4A__P1P2	8	0.0026381	0.0004501	0.002404	182	8	-0.70647	0.99736	0.99957	1.0	888	0	0
KIFC1__P1P2	8	0.0026657	0.00046	0.002443	183	6	-0.40122	0.72879	0.4005	0.868958	445	0	0
GART__P1P2	8	0.002814	0.00053913	0.002833	184	7	-0.59197	0.94882	0.9211	1.0	744	0	0
WDR70__P1P2	8	0.0028164	0.00053913	0.002833	185	7	-0.70738	0.99231	0.99617	1.0	865	0	0
KDM5A__P1P2	8	0.0028696	0.0005787	0.003024	186	7	-0.94839	0.93103	0.87558	1.0	715	0	0
C8orf59__P1P2	8	0.0030386	0.00066774	0.003471	187	7	-1.1461	0.94594	0.91239	1.0	739	0	0
NRF1__P1P2	8	0.0030553	0.00067763	0.003503	188	5	-0.31128	0.32727	0.029237	0.17229	142	0	0
SAP30__P1P2	8	0.0031056	0.00069741	0.003587	189	7	-0.82463	0.73711	0.41712	0.890798	452	0	0
NOSIP__P1P2	8	0.0033619	0.00079634	0.004074	190	7	-0.41856	0.90408	0.79432	1.0	672	0	0
CCDC12__P1	8	0.0034303	0.00086558	0.004382	191	6	-1.2944	0.96487	0.95739	1.0	781	0	0
MTF1__P1P2	8	0.0034886	0.00089526	0.004509	192	6	-1.2518	0.82469	0.58037	1.0	557	0	0
ERC1__P1P2	8	0.0035713	0.00091504	0.004561	193	8	-0.47036	0.99643	0.99912	1.0	885	0	0
HELLS__P1P2	8	0.003578	0.00091504	0.004561	194	5	-0.72243	0.53158	0.12357	0.433647	270	0	0
NCSTN__P1P2	8	0.0037877	0.0010832	0.005372	195	7	-0.73579	0.76051	0.45481	0.905325	479	0	0
DCLRE1B__P1P2	8	0.0038409	0.0011624	0.005735	196	7	-0.70953	0.87624	0.7205	1.0	630	0	0
CHERP__P1P2	8	0.0040523	0.0012613	0.006129	197	5	-1.1396	0.58675	0.17244	0.527077	314	0	0
PPP2CA__P1P2	8	0.0042378	0.0012712	0.006129	198	6	-0.94014	0.97816	0.9799	1.0	818	0	0
DPF2__P1	8	0.0042743	0.0012712	0.006129	199	7	-0.99212	0.99235	0.99618	1.0	866	0	0
FDXR__P1P2	11	0.0046434	0.0008458	0.004304	200	9	-0.84647	0.93799	0.80142	1.0	728	0	0
SLC25A46__P1P2	8	0.0046803	0.0013008	0.006129	201	6	-0.87466	0.8115	0.5548	0.986533	539	0	0
GTF3C4__P1P2	8	0.0048499	0.0013107	0.006129	202	7	-0.94309	0.97636	0.97667	1.0	811	0	0
RIF1__P1P2	8	0.0048943	0.0013107	0.006129	203	7	-1.1491	0.41361	0.04642	0.224526	191	0	0
VPS51__P1P2	8	0.0050469	0.0013107	0.006129	204	7	-1.2077	0.97284	0.97053	1.0	805	0	0
HMBS__P1	8	0.00507	0.0013107	0.006129	205	5	-0.82309	0.64157	0.23571	0.631441	359	0	0
LYRM7__P1P2	8	0.0050958	0.0013107	0.006129	206	7	-0.82022	0.86087	0.66762	1.0	605	0	0
CNOT3__P1P2	8	0.0052048	0.0013206	0.006129	207	5	-1.065	0.38454	0.03358	0.188667	171	0	0
EMC1__P1P2	8	0.0053025	0.0013206	0.006129	208	5	-1.0402	0.86664	0.68866	1.0	613	0	0
TTC3__P1P2	8	0.0053528	0.0013206	0.006129	209	7	-0.39465	0.42642	0.04643	0.224526	200	0	0
OXR1__ENST00000312046.6	8	0.005414	0.0013305	0.006129	210	6	-0.35753	0.71588	0.37188	0.825266	436	0	0
TM9SF2__P1P2	8	0.0055191	0.0013305	0.006129	211	6	-0.49138	0.98006	0.98253	1.0	824	0	0
FLII__18161284	8	0.0057065	0.0013602	0.006141	212	5	-0.8967	0.857	0.65772	1.0	598	0	0
VEZF1__P1P2	8	0.0057205	0.0013701	0.006141	213	7	-0.69175	0.98784	0.99175	1.0	850	0	0
RAB1A__P1P2	8	0.0057209	0.0013701	0.006141	214	6	-0.67171	0.89886	0.78001	1.0	663	0	0
TRAPPC13__P1P2	8	0.0060562	0.00138	0.006141	215	7	-0.48715	0.8088	0.55016	0.986533	534	0	0
SDF2__P1P2	8	0.0061898	0.00138	0.006141	216	6	-1.0522	0.87517	0.71485	1.0	627	0	0
PLEKHA5__P1P2	8	0.0062355	0.00138	0.006141	217	7	-0.62207	0.90019	0.78002	1.0	664	0	0
AP1G1__P1P2	8	0.0063398	0.00138	0.006141	218	6	-0.50774	0.97419	0.97353	1.0	806	0	0
ING1__P1	8	0.0065526	0.0013899	0.006141	219	6	-0.807	0.91572	0.83728	1.0	688	0	0
GET4__P1P2	8	0.0066799	0.0013899	0.006141	220	7	-0.60395	0.99244	0.99623	1.0	867	0	0
ZNF462__P1P2	8	0.006807	0.0013998	0.006156	221	6	-0.44471	0.85242	0.65089	1.0	590	0	0
IMMT__P1P2	8	0.007167	0.0014591	0.006305	222	6	-0.7212	0.31965	0.029237	0.17229	136	0	0
SF3A2__P2	8	0.0072695	0.001469	0.006305	223	7	-0.41245	0.99401	0.99743	1.0	876	0	0
ZZZ3__P1P2	8	0.0072944	0.001469	0.006305	224	7	-0.27113	0.97066	0.9656	1.0	799	0	0
SMG7__P1P2	8	0.0073025	0.001469	0.006305	225	7	-1.224	0.99449	0.99771	1.0	878	0	0
USF1__P1P2	8	0.007363	0.0014789	0.006305	226	7	-0.94637	0.95397	0.93434	1.0	761	0	0
ABHD16A__P1P2	8	0.0073823	0.0014789	0.006305	227	7	-1.1043	0.98679	0.99031	1.0	847	0	0
CDK4__P1P2	8	0.0075055	0.0014789	0.006305	228	7	-0.37384	0.50857	0.086929	0.339338	247	0	0
CMC2__P1P2	8	0.0078461	0.0014987	0.006361	229	7	-1.1528	0.90783	0.8115	1.0	677	0	0
EXOC5__P1P2	8	0.0079281	0.0015185	0.006362	230	7	-0.60815	0.98593	0.9894	1.0	842	0	0
GTF2H2__ENST00000274400.5_ENST00000330280.7	8	0.0079471	0.0015185	0.006362	231	5	-1.0704	0.75909	0.45209	0.905325	478	0	0
ISCA1__P1P2	8	0.007962	0.0015185	0.006362	232	6	-0.99686	0.79847	0.5277	0.977005	522	0	0
OBFC1__P1P2	8	0.0079814	0.0015284	0.006376	233	6	-0.86269	0.95917	0.94456	1.0	771	0	0
NPLOC4__P1P2	8	0.0083172	0.0015679	0.006431	234	6	-0.94783	0.98634	0.9896	1.0	845	0	0
CHCHD3__P1P2	8	0.0083372	0.0015679	0.006431	235	7	-0.73302	0.99049	0.99484	1.0	857	0	0
NDC1__P1P2	8	0.0083937	0.0015679	0.006431	236	6	-0.96983	0.98373	0.98687	1.0	833	0	0
CFDP1__P1	8	0.0083988	0.0015679	0.006431	237	7	-1.0728	0.99026	0.99458	1.0	856	0	0
PPP4R2__P1P2	8	0.0088298	0.0016075	0.006565	238	6	-0.82481	0.99112	0.99518	1.0	859	0	0
GNA13__P1P2	8	0.0089704	0.0016372	0.006658	239	6	-0.56074	0.96655	0.95892	1.0	788	0	0
KLF5__P1P2	8	0.009232	0.0016669	0.006707	240	6	-0.42003	0.94516	0.91088	1.0	736	0	0
PDS5A__P1P2	8	0.0093324	0.0016768	0.006707	241	7	-0.57522	0.9927	0.99658	1.0	868	0	0
TACC3__P1	8	0.0093523	0.0016768	0.006707	242	5	-0.95232	0.88106	0.73706	1.0	637	0	0
CCDC130__P1	8	0.009413	0.0016768	0.006707	243	6	-0.85028	0.43198	0.050169	0.232257	202	0	0
JMJD1C__P1P2	8	0.0096743	0.0016965	0.006758	244	7	-0.34765	0.98194	0.98506	1.0	827	0	0
HSPA14__P1P2	8	0.010196	0.0017757	0.007045	245	6	-0.72206	0.92611	0.86474	1.0	706	0	0
POLG__P1P2	8	0.010461	0.0018153	0.007172	246	6	-0.65335	0.98694	0.99057	1.0	849	0	0
IBA57__P1P2	8	0.010494	0.001835	0.007221	247	6	-0.6	0.52172	0.099107	0.363516	262	0	0
ASUN__P1P2	8	0.010635	0.0018449	0.007231	248	5	-0.95135	0.86043	0.66761	1.0	603	0	0
MGEA5__P1P2	8	0.011109	0.0019537	0.007627	249	6	-0.99861	0.88498	0.7467	1.0	643	0	0
TERF1__P1P2	8	0.011173	0.0019636	0.007635	250	6	-0.75713	0.97043	0.96537	1.0	797	0	0
FOXK2__P1P2	8	0.01156	0.0020329	0.007848	251	7	-0.7568	0.94943	0.92258	1.0	746	0	0
RAD51AP1__P1P2	8	0.011881	0.0020428	0.007848	252	6	-0.58895	0.94477	0.91087	1.0	735	0	0
ARHGEF2__P1P2	8	0.011907	0.0020428	0.007848	253	6	-0.51755	0.95347	0.93382	1.0	758	0	0
GNB1__P1P2	8	0.012903	0.0021714	0.008309	254	7	-0.63332	0.98949	0.99377	1.0	854	0	0
ARF1__P1P2	8	0.013027	0.0022406	0.008507	255	7	-0.6252	0.41309	0.04642	0.224526	190	0	0
CENPL__P1P2	8	0.013099	0.0022406	0.008507	256	6	-0.77602	0.92795	0.86943	1.0	708	0	0
MDC1__P1P2	8	0.013277	0.0022604	0.008549	257	6	-0.46269	0.95009	0.92543	1.0	749	0	0
MPHOSPH8__P1	8	0.014289	0.0025869	0.009746	258	6	-0.27777	0.74991	0.4412	0.905325	464	0	0
AEN__P1P2	8	0.014539	0.0026858	0.010079	259	6	-0.5284	0.78185	0.49902	0.96432	500	0	0
MED15__P1	8	0.014741	0.0027748	0.010334	260	7	-0.30606	0.45083	0.05841	0.25694	214	0	0
FAM178A__P1P2	8	0.014743	0.0027748	0.010334	261	6	-0.66486	0.91971	0.84673	1.0	694	0	0
HNRNPA2B1__P1P2	8	0.015118	0.0028539	0.010588	262	7	-0.59298	0.99602	0.99867	1.0	883	0	0
FAM122A__P1P2	8	0.015307	0.0028737	0.010621	263	5	-0.58306	0.90513	0.80132	1.0	673	0	0
ZWILCH__P1P2	8	0.01537	0.0029034	0.01069	264	7	-0.60631	0.91496	0.83641	1.0	685	0	0
CENPQ__P1P2	11	0.01586	0.0029232	0.010722	265	9	-0.497	0.78658	0.39086	0.857603	506	0	0
BRD1__P1P2	8	0.0159	0.0030914	0.011296	266	5	-0.32027	0.45521	0.058419	0.25694	219	0	0
KPNA2__P1P2	8	0.015968	0.0031112	0.011326	267	6	-0.58155	0.87234	0.70712	1.0	621	0	0
USF2__P1P2	8	0.016162	0.0032101	0.011643	268	6	-0.43126	0.8711	0.70435	1.0	619	0	0
UBA3__P1P2	8	0.016544	0.0032991	0.011921	269	3	-0.97784	0.16112	4.9462e-06	5.1e-05	69	0	0
ANKRD49__P1P2	8	0.016798	0.0033684	0.012126	270	5	-0.85914	0.86522	0.6837	1.0	611	0	0
UBE2D3__P1P2	8	0.017121	0.0034871	0.012507	271	7	-0.87388	0.98321	0.9866	1.0	831	0	0
TAF9__P1P2	8	0.017334	0.0035662	0.012744	272	7	-0.67169	0.99158	0.9955	1.0	861	0	0
PFDN4__P1P2	8	0.017611	0.0036058	0.012838	273	6	-0.49738	0.32552	0.029237	0.17229	140	0	0
DDX31__P1P2	8	0.017795	0.0036849	0.013072	274	6	-0.80194	0.53243	0.12357	0.433647	272	0	0
CHEK1__P1P2	8	0.018759	0.0040509	0.014318	275	5	-0.36004	0.41671	0.04642	0.224526	193	0	0
MON2__P1P2	8	0.018894	0.0041696	0.014684	276	7	-0.6173	0.7109	0.36609	0.819933	431	0	0
PDIA4__P1P2	8	0.019236	0.0043378	0.015221	277	5	-0.54287	0.98293	0.98602	1.0	830	0	0
IPO5__P1P2	8	0.019779	0.0045258	0.015824	278	7	-0.59557	0.68574	0.32735	0.781811	405	0	0
HUWE1__P1P2	8	0.020178	0.0047038	0.016388	279	5	-0.79658	0.87769	0.72763	1.0	632	0	0
NFYB__P1P2	8	0.020327	0.0048027	0.016672	280	7	-1.0916	0.96808	0.96137	1.0	794	0	0
RAD17__P1P2	8	0.021734	0.0056634	0.01959	281	2	-0.48065	0.67571	0.3061	0.747596	395	0	0
VPS26A__P1P2	8	0.021784	0.0057227	0.019725	282	5	-0.64064	0.97691	0.97762	1.0	814	0	0
TMEM258__P1P2	8	0.022564	0.006158	0.02115	283	6	-0.71304	0.97177	0.96788	1.0	803	0	0
EPC1__P1P2	8	0.022815	0.0062965	0.02155	284	6	-0.29196	0.42997	0.050169	0.232257	201	0	0
G3BP2__P1P2	8	0.023985	0.0067713	0.023094	285	7	-0.26796	0.99363	0.99716	1.0	875	0	0
TRAPPC6B__P1P2	8	0.025069	0.0071176	0.02419	286	6	-0.44101	0.68092	0.31822	0.767525	402	0	0
UHRF1__P1P2	8	0.02569	0.0075627	0.025514	287	7	-0.54084	0.85412	0.65265	1.0	594	0	0
ARID1A__P1P2	8	0.025735	0.0075627	0.025514	288	6	-0.66483	0.61627	0.19819	0.563273	339	0	0
UBE2Q1__P1P2	8	0.025795	0.0076122	0.025514	289	7	-0.24827	0.96041	0.94712	1.0	772	0	0
TRABD__P1	8	0.025831	0.0076122	0.025514	290	7	-0.28427	0.84787	0.64075	1.0	584	0	0
SKP2__P1P2	8	0.026471	0.0080474	0.026821	291	7	-0.40959	0.97688	0.97762	1.0	813	0	0
TM9SF3__P1P2	8	0.026651	0.0080573	0.026821	292	7	-0.31168	0.98378	0.98696	1.0	834	0	0
PNKP__P1P2	8	0.027239	0.0082849	0.027484	293	6	-0.73942	0.87369	0.71039	1.0	624	0	0
ZAR1L__P1P2	8	0.02732	0.0083442	0.027587	294	5	-0.75218	0.60943	0.19092	0.549058	331	0	0
DICER1__P1P2	8	0.02825	0.0088685	0.029187	295	5	-0.27676	0.64291	0.23905	0.631441	360	0	0
BRD2__P1	8	0.028278	0.0088883	0.029187	296	7	-0.73928	0.97922	0.98113	1.0	822	0	0
ZC3H14__P1P2	8	0.029199	0.0092246	0.030052	297	7	-0.46114	0.53497	0.12759	0.436704	274	0	0
LYPLA2__P1P2	8	0.029507	0.0092444	0.030052	298	6	-0.19989	0.70754	0.36312	0.819933	425	0	0
POC1B__P1P2	8	0.02955	0.0092444	0.030052	299	7	-0.32711	0.95637	0.93871	1.0	767	0	0
TAF4__P1P2	8	0.030249	0.0099765	0.032324	300	6	-0.83555	0.79334	0.51835	0.972648	516	0	0
NDUFS4__P1P2	8	0.031181	0.010432	0.033686	301	5	-0.14242	0.57323	0.1685	0.526666	306	0	0
EIF3F__P1P2	11	0.03298	0.010718	0.034498	302	7	-0.70554	0.91414	0.71658	1.0	683	0	0
RABL5__P1P2	8	0.034899	0.013488	0.043269	303	6	-0.37073	0.69725	0.35777	0.818269	412	0	0
PRKRIR__P1P2	8	0.035448	0.013805	0.044026	304	5	-0.78305	0.71257	0.3661	0.819933	433	0	0
GNB2L1__P1P2	8	0.03569	0.013815	0.044026	305	6	-0.52208	0.74421	0.42756	0.899548	460	0	0
SMARCA5__P1P2	8	0.036377	0.013953	0.044178	306	6	-0.41136	0.98452	0.98807	1.0	837	0	0
MYH9__P1P2	8	0.036413	0.013953	0.044178	307	4	-0.24225	0.60286	0.18357	0.545651	326	0	0
TRIM24__P1P2	8	0.038517	0.01426	0.045002	308	6	-0.30954	0.90301	0.79089	1.0	669	0	0
ACLY__P1P2	8	0.038841	0.014349	0.045136	309	5	-0.48993	0.42388	0.04643	0.224526	199	0	0
ROCK1__18690984	8	0.039634	0.014557	0.045253	310	6	-0.29012	0.99067	0.99496	1.0	858	0	0
RPL14__P1P2	8	0.039958	0.014576	0.045253	311	6	-0.59242	0.9638	0.95451	1.0	778	0	0
SPAG9__P1P2	8	0.040054	0.014576	0.045253	312	4	-0.46771	0.65805	0.26931	0.690722	372	0	0
GLYR1__P1P2	8	0.040394	0.014586	0.045253	313	6	-0.18783	0.83211	0.60197	1.0	567	0	0
PPP6R3__P1P2	8	0.040778	0.014656	0.045253	314	6	-0.74369	0.91381	0.82973	1.0	681	0	0
GPR89A__ENST00000313835.9	8	0.040874	0.014665	0.045253	315	5	-0.63169	0.53792	0.12759	0.436704	278	0	0
POC1A__P1P2	8	0.042393	0.014873	0.045749	316	5	-0.44588	0.95866	0.94418	1.0	770	0	0
WNT3A__P1P2	8	0.04343	0.015101	0.045769	317	6	-0.13237	0.51737	0.099097	0.363516	258	0	0
MAGOHB__P1P2	8	0.043445	0.015101	0.045769	318	4	-0.45551	0.74917	0.43553	0.905325	463	0	0
CYLD__P1P2	8	0.044325	0.01521	0.045769	319	5	-0.61376	0.79888	0.5277	0.977005	523	0	0
CDK2__P1P2	8	0.04442	0.01521	0.045769	320	6	-0.36681	0.96552	0.95815	1.0	782	0	0
RPUSD4__P1P2	8	0.044537	0.01521	0.045769	321	6	-0.49747	0.85056	0.64627	1.0	587	0	0
RHOG__P1P2	8	0.044981	0.015249	0.045769	322	6	-0.45684	0.70386	0.35778	0.818269	419	0	0
ARHGEF5__144052240	8	0.045056	0.015259	0.045769	323	5	-0.23268	0.89375	0.7645	1.0	655	0	0
PALB2__P1P2	8	0.04579	0.015308	0.045769	324	5	-0.63145	0.94907	0.92111	1.0	745	0	0
ESYT1__P2	8	0.046078	0.015378	0.045769	325	6	-0.2768	0.65643	0.26609	0.690722	369	0	0
SCYL1__P1P2	8	0.046693	0.015388	0.045769	326	6	-0.45617	0.66509	0.27983	0.706506	382	0	0
WDR82__P1P2	8	0.046937	0.015397	0.045769	327	6	-0.79413	0.91953	0.84673	1.0	692	0	0
NAE1__P1P2	8	0.047284	0.015506	0.045952	328	3	-0.44454	0.32493	0.029237	0.17229	139	0	0
KDSR__P1P2	8	0.049568	0.016179	0.047799	329	5	-0.53718	0.81755	0.56127	0.986533	550	0	0
HMGCR__P1P2	8	0.050445	0.016308	0.047888	330	5	-0.55961	0.88732	0.75064	1.0	647	0	0
WEE1__P1P2	8	0.050544	0.016308	0.047888	331	5	-0.5994	0.89831	0.77854	1.0	661	0	0
NONO__P1P2	8	0.051627	0.016466	0.048091	332	6	-0.31938	0.75381	0.44391	0.905325	470	0	0
CORO1A__30194716	8	0.051693	0.016476	0.048091	333	6	-0.44655	0.98157	0.98454	1.0	826	0	0
ZNHIT3__P1P2	8	0.051956	0.016545	0.048149	334	6	-0.1905	0.62859	0.21874	0.61095	344	0	0
RAI14__P1P2	8	0.053019	0.016782	0.048232	335	6	-0.52621	0.95419	0.93435	1.0	763	0	0
TOP1__P1P2	8	0.053149	0.016792	0.048232	336	6	-0.27766	0.93816	0.89266	1.0	730	0	0
SMN1__70220656	8	0.053596	0.016881	0.048232	337	4	-0.45761	0.76496	0.45732	0.905325	486	0	0
SUB1__P1	8	0.053842	0.016921	0.048232	338	5	-0.66492	0.85273	0.65089	1.0	591	0	0
MAPRE1__P1P2	8	0.054065	0.01696	0.048232	339	5	-0.34402	0.73272	0.40339	0.869382	448	0	0
TBCC__P1P2	8	0.054165	0.01696	0.048232	340	6	-0.57035	0.56413	0.15798	0.511843	297	0	0
KIF22__P1	8	0.054216	0.01696	0.048232	341	6	-0.19848	0.48596	0.07491	0.307226	234	0	0
PEX7__P1P2	8	0.054369	0.01697	0.048232	342	6	-0.34212	0.81112	0.5548	0.986533	538	0	0
DR1__P1P2	8	0.054916	0.01704	0.048287	343	4	-0.47423	0.75837	0.44929	0.905325	477	0	0
RPL29__P1P2	8	0.055537	0.017198	0.048594	344	6	-0.47826	0.96157	0.95044	1.0	773	0	0
SEC62__P1P2	8	0.055838	0.017307	0.04876	345	6	-0.62315	0.94606	0.9124	1.0	740	0	0
OCIAD1__P1P2	8	0.056653	0.017712	0.049615	346	6	-0.27311	0.95335	0.93342	1.0	757	0	0
AP1B1__P1P2	8	0.05669	0.017712	0.049615	347	6	-0.57754	0.73813	0.41713	0.890798	453	0	0
CPNE1__P1P2	8	0.057071	0.017772	0.049638	348	5	-0.50084	0.57166	0.1685	0.526666	304	0	0
CABIN1__P1P2	8	0.059195	0.018425	0.051314	349	5	-0.27886	0.84058	0.62855	1.0	573	0	0
MEAF6__P1P2	8	0.059871	0.018642	0.051505	350	1	0.081559	0.16041	4.9462e-06	5.1e-05	68	0	0
ACTR8__P1P2	8	0.060014	0.018652	0.051505	351	5	-0.76929	0.75598	0.44392	0.905325	474	0	0
NEDD8-MDP1__P1P2	8	0.06002	0.018652	0.051505	352	2	-0.44542	0.13964	4.9462e-06	5.1e-05	53	0	0
TMSB10__P1P2	8	0.060509	0.01886	0.051931	353	6	-0.64517	0.88119	0.73707	1.0	638	0	0
HAX1__P1P2	8	0.063383	0.01974	0.054103	354	5	-0.24282	0.75526	0.44392	0.905325	472	0	0
MLLT4__P1P2	8	0.064001	0.01976	0.054103	355	6	-0.23662	0.8567	0.65772	1.0	597	0	0
XPC__P1	8	0.064847	0.019899	0.05433	356	5	-0.79096	0.81662	0.55927	0.986533	549	0	0
MCM7__P1P2	8	0.066109	0.020482	0.055767	357	4	-0.57296	0.84107	0.62856	1.0	575	0	0
PIGB__P1P2	8	0.066656	0.020611	0.05596	358	6	-0.41583	0.96195	0.951	1.0	775	0	0
INO80C__P1P2	8	0.068076	0.021026	0.056614	359	5	-0.41095	0.88878	0.75318	1.0	648	0	0
PSPC1__P1P2	8	0.068255	0.021026	0.056614	360	6	-0.21836	0.47243	0.066581	0.281375	226	0	0
PPP6C__P1P2	8	0.068276	0.021026	0.056614	361	5	-0.51505	0.77388	0.47213	0.925238	493	0	0
NUFIP1__P1P2	8	0.069788	0.021461	0.057626	362	5	-0.27985	0.66254	0.27298	0.692822	379	0	0
ARHGAP4__P1	8	0.070728	0.021689	0.057917	363	3	-0.55698	0.78681	0.51404	0.972648	507	0	0
PCNXL3__P1P2	8	0.070793	0.021689	0.057917	364	6	-0.20944	0.63785	0.22886	0.617935	354	0	0
TRIM52__P1P2	8	0.07617	0.024162	0.064344	365	2	-0.11597	0.61232	0.19093	0.549058	335	0	0
UBE2L3__P1P2	8	0.081295	0.026091	0.069207	366	5	-0.5874	0.57401	0.1685	0.526666	307	0	0
SAP30BP__P1P2	8	0.081365	0.026131	0.069207	367	6	-0.39987	0.96763	0.96051	1.0	792	0	0
C19orf53__P1P2	8	0.084041	0.027338	0.072207	368	6	-0.55138	0.90117	0.78245	1.0	666	0	0
FAM216A__P1P2	8	0.084228	0.027466	0.07235	369	6	-0.15451	0.50546	0.086929	0.339338	244	0	0
RPL28__P1P2	8	0.08493	0.027664	0.072674	370	6	-0.47459	0.86072	0.66762	1.0	604	0	0
ELOVL6__P1P2	8	0.086096	0.027812	0.072867	371	4	-0.22072	0.81379	0.55926	0.986533	542	0	0
OGFR__P1P2	8	0.086207	0.027911	0.07293	372	6	-0.29374	0.97769	0.9791	1.0	816	0	0
PSPH__P2	8	0.088491	0.028901	0.075312	373	5	-0.38661	0.92097	0.85017	1.0	696	0	0
EIF4A1__P1P2	8	0.089678	0.029781	0.077399	374	5	-0.52697	0.95296	0.93168	1.0	756	0	0
SLC38A10__P1P2	8	0.090303	0.030543	0.079167	375	5	-0.25035	0.81189	0.5548	0.986533	540	0	0
STAG2__P1	8	0.090643	0.03075	0.079493	376	6	-0.47706	0.87315	0.71038	1.0	622	0	0
TMEM198__P1P2	8	0.091348	0.031344	0.080813	377	6	-0.14372	0.90555	0.80235	1.0	674	0	0
CCNE1__P1P2	8	0.091494	0.031522	0.081057	378	5	-0.35616	0.95546	0.93646	1.0	766	0	0
ACAT2__P1P2	8	0.092037	0.032027	0.082137	379	6	-0.22496	0.62194	0.20185	0.568687	342	0	0
TMEM110__P1P2	8	0.094554	0.033184	0.084881	380	6	-0.3568	0.83124	0.60016	1.0	566	0	0
GRWD1__P1P2	8	0.09547	0.033867	0.0864	381	6	-0.45127	0.97813	0.97989	1.0	817	0	0
PAXIP1__P1P2	8	0.096289	0.034618	0.088086	382	6	-0.21033	0.7825	0.49903	0.96432	501	0	0
DSCR3__P1P2	8	0.097092	0.035598	0.090342	383	5	-0.30199	0.9514	0.92832	1.0	752	0	0
PRR14L__P1P2	8	0.097424	0.035894	0.090622	384	6	-0.023381	0.76889	0.46217	0.913061	490	0	0
POLE3__P1P2	8	0.097469	0.035894	0.090622	385	5	-0.44573	0.94664	0.9152	1.0	741	0	0
FOXK1__P1P2	8	0.098254	0.036528	0.091981	386	6	-0.32417	0.83656	0.61555	1.0	571	0	0
RBX1__P1P2	8	0.099081	0.036706	0.092191	387	4	-0.54259	0.79602	0.52075	0.973401	519	0	0
FCGR1A__149755456	8	0.10195	0.039505	0.098967	388	6	-0.053292	0.66635	0.28315	0.711178	384	0	0
SOS1__P1P2	8	0.1028	0.040663	0.101604	389	5	-0.090774	0.35478	0.029247	0.17229	155	0	0
ENY2__P1P2	8	0.10416	0.041642	0.103785	390	5	-0.34903	0.81624	0.55927	0.986533	547	0	0
SNAP29__P1P2	8	0.10457	0.042226	0.10497	391	4	-0.22949	0.6603	0.26932	0.690722	376	0	0
SUGP1__P1P2	8	0.10553	0.042789	0.1061	392	5	-0.54411	0.70157	0.35778	0.818269	417	0	0
TNKS2__P1P2	8	0.10676	0.043739	0.108179	393	6	-0.30572	0.96647	0.95892	1.0	786	0	0
TNRC6A__P1P2	8	0.10706	0.044006	0.108564	394	6	-0.26493	0.70556	0.35778	0.818269	422	0	0
RPS8__P1P2	8	0.10794	0.044699	0.109681	395	6	-0.72864	0.91215	0.82586	1.0	680	0	0
RIC8A__P2	8	0.10881	0.044798	0.109681	396	5	-0.18774	0.90365	0.7933	1.0	670	0	0
GPBP1__P1P2	8	0.10893	0.044798	0.109681	397	5	-0.052273	0.42184	0.04643	0.224526	197	0	0
FAM192A__P1P2	8	0.11007	0.04549	0.111096	398	6	-0.23759	0.71062	0.36609	0.819933	430	0	0
UFC1__P1P2	8	0.11234	0.046588	0.113493	399	6	-0.041232	0.88448	0.74669	1.0	642	0	0
RUNX1T1__P2	8	0.11378	0.047746	0.116022	400	4	-0.25537	0.93581	0.88674	1.0	725	0	0
EXOSC1__P1P2	8	0.11454	0.04921	0.119281	401	4	-0.19109	0.63376	0.22568	0.617935	350	0	0
MDM2__P1P2	8	0.11521	0.049576	0.119869	402	5	-1.1951	0.93772	0.89197	1.0	726	0	0
SNF8__P1P2	8	0.11563	0.049952	0.119884	403	4	-0.1939	0.36038	0.029247	0.17229	158	0	0
CHRNA7__32322509	8	0.11572	0.049952	0.119884	404	5	-0.18378	0.89352	0.7645	1.0	654	0	0
RAC1__P1P2	8	0.11576	0.049952	0.119884	405	4	-0.5264	0.89605	0.7729	1.0	657	0	0
MSI1__P1P2	8	0.11946	0.05283	0.12648	406	6	-0.22467	0.76612	0.45732	0.905325	488	0	0
ZFAT__P1	8	0.12004	0.053641	0.127793	407	6	-0.23227	0.95015	0.92544	1.0	750	0	0
PPP2R1A__P1	8	0.12018	0.053988	0.128303	408	5	-0.63695	0.97058	0.96559	1.0	798	0	0
ESRP1__P1P2	8	0.12042	0.054373	0.128778	409	5	-0.098633	0.50635	0.086929	0.339338	245	0	0
PRKCI__P1P2	8	0.1209	0.054453	0.128778	410	5	-0.43357	0.88547	0.7467	1.0	645	0	0
KAT7__P1P2	8	0.12198	0.054977	0.129703	411	6	-0.10773	0.96651	0.95892	1.0	787	0	0
FAM60A__P1P2	8	0.12314	0.056401	0.131807	412	4	-0.57997	0.76543	0.45732	0.905325	487	0	0
CALU__P1P2	8	0.1238	0.056401	0.131807	413	5	0.067117	0.52301	0.10359	0.374339	263	0	0
C6orf47__P1P2	8	0.12442	0.056411	0.131807	414	6	-0.40755	0.9583	0.94384	1.0	769	0	0
MAGED2__P2	8	0.12466	0.056411	0.131807	415	6	-0.189	0.86621	0.68865	1.0	612	0	0
COPS8__237994319	8	0.12506	0.056787	0.132367	416	4	-0.41586	0.67137	0.293	0.726513	391	0	0
ARHGAP11B__30918117	8	0.12653	0.058261	0.134672	417	4	-0.29065	0.85289	0.6509	1.0	592	0	0
STK3__P1P2	8	0.12726	0.05833	0.134672	418	6	-0.38911	0.99217	0.99605	1.0	864	0	0
HES1__P1P2	8	0.12737	0.05833	0.134672	419	5	-0.30729	0.92869	0.87089	1.0	711	0	0
NDE1__P1	8	0.12748	0.05833	0.134672	420	4	-0.18755	0.50188	0.086919	0.339338	241	0	0
HEATR3__P1P2	8	0.13011	0.061892	0.142556	421	4	-1.2002	0.15899	4.9462e-06	5.1e-05	67	0	0
RYR3__P1P2	8	0.13166	0.062327	0.143219	422	6	-0.21116	0.89093	0.76215	1.0	652	0	0
SURF2__P1P2	11	0.13341	0.053068	0.126736	423	6	-0.22422	0.59502	0.10209	0.371669	323	0	0
TRAPPC2L__P1P2	8	0.13384	0.064731	0.148043	424	6	-0.35173	0.85939	0.6643	1.0	602	0	0
GTF3A__P1P2	8	0.13433	0.065087	0.148508	425	3	0.059933	0.24691	0.0085124	0.072032	105	0	0
SUPT3H__P1P2	8	0.13511	0.066442	0.150914	426	3	-0.13633	0.41619	0.04642	0.224526	192	0	0
ASPM__P1P2	8	0.13551	0.066452	0.150914	427	6	-0.20776	0.98441	0.98801	1.0	836	0	0
ATG16L1__P1P2	8	0.13629	0.066937	0.151661	428	6	-0.16456	0.84531	0.63731	1.0	580	0	0
SLX1B__29465621	8	0.13747	0.067956	0.153389	429	6	-0.11242	0.90916	0.81439	1.0	678	0	0
PLEKHH2__P1P2	8	0.1376	0.068015	0.153389	430	6	-0.54036	0.99445	0.9977	1.0	877	0	0
SERF1B__69320873	8	0.13826	0.068599	0.154347	431	6	-0.12935	0.68514	0.32735	0.781811	404	0	0
GDI2__P1	8	0.13899	0.068856	0.154568	432	4	-0.41281	0.74043	0.41974	0.890798	454	0	0
LRP6__P1P2	8	0.14024	0.070627	0.157981	433	6	-0.085725	0.77767	0.48959	0.957505	495	0	0
MRE11A__P1P2	8	0.14077	0.070864	0.157981	434	6	-0.15286	0.9028	0.7899	1.0	668	0	0
ZFYVE9__P1P2	8	0.14091	0.070864	0.157981	435	6	-0.2307	0.93566	0.88593	1.0	724	0	0
PAPPA__P1P2	8	0.14238	0.072546	0.16136	436	6	-0.057663	0.87342	0.71039	1.0	623	0	0
RBM7__P1P2	8	0.1447	0.077433	0.171837	437	1	0.68589	0.22539	0.0041301	0.04024	98	0	0
FBXO8__P1	8	0.14578	0.0777	0.172037	438	5	-0.52715	0.98834	0.99223	1.0	852	0	0
TPR__P1P2	8	0.15187	0.079035	0.174243	439	5	-0.38157	0.75064	0.44391	0.905325	466	0	0
PPIL1__P1P2	8	0.15218	0.079055	0.174243	440	5	-0.49473	0.91935	0.84672	1.0	691	0	0
CSNK1A1__P1P2	8	0.1563	0.080163	0.176286	441	4	-0.43557	0.7555	0.44392	0.905325	473	0	0
ABCB10__P1P2	8	0.15686	0.08044	0.176495	442	1	-0.21578	0.82648	0.59053	1.0	560	0	0
SPEN__P1P2	8	0.15907	0.080816	0.176904	443	5	-0.14451	0.57946	0.17243	0.527077	311	0	0
RPL34__P1P2	8	0.15949	0.081014	0.176904	444	5	-0.692	0.51167	0.094715	0.354124	250	0	0
TXNDC16__P1P2	8	0.15979	0.081172	0.176904	445	5	-0.21299	0.92457	0.86138	1.0	704	0	0
DENND5A__P1P2	11	0.16129	0.062911	0.144219	446	6	-0.16073	0.65666	0.17067	0.527077	370	0	0
SERBP1__P1P2	8	0.16735	0.082468	0.179326	447	5	-0.35008	0.81474	0.55927	0.986533	545	0	0
AATF__P1P2	8	0.16862	0.082972	0.18002	448	5	-1.0059	0.99327	0.99696	1.0	870	0	0
GATA3__P1P2	8	0.17157	0.083823	0.181461	449	5	-0.017403	0.75718	0.44392	0.905325	475	0	0
C11orf58__P1P2	8	0.17385	0.084743	0.182894	450	5	-0.23262	0.84596	0.63914	1.0	581	0	0
ISOC2__P1	8	0.1753	0.085208	0.182894	451	5	-0.13979	0.64525	0.23906	0.631441	364	0	0
CRLS1__P1P2	8	0.17547	0.085218	0.182894	452	4	-0.57743	0.95233	0.93132	1.0	754	0	0
ICMT__P1P2	8	0.17593	0.085238	0.182894	453	5	-0.059591	0.64459	0.23906	0.631441	362	0	0
PKMYT1__P1P2	8	0.1778	0.085792	0.183677	454	4	-0.20157	0.81341	0.55926	0.986533	541	0	0
ZSCAN18__P2	8	0.18143	0.087216	0.186317	455	4	-0.23594	0.78054	0.49649	0.96432	498	0	0
ATRIP__P1P2	8	0.18212	0.087562	0.186646	456	1	0.44104	0.36317	0.029247	0.17229	161	0	0
SMURF2__P1P2	8	0.18329	0.087869	0.18689	457	5	-0.33174	0.94127	0.90193	1.0	733	0	0
TICAM2__P2	8	0.18425	0.088334	0.187469	458	5	-0.10889	0.83605	0.6136	1.0	570	0	0
ZNF236__P1P2	8	0.1864	0.08872	0.187877	459	4	-0.19944	0.49647	0.082675	0.334876	237	0	0
DDA1__P1P2	8	0.18673	0.088937	0.187929	460	5	-0.20512	0.85304	0.6509	1.0	593	0	0
LRRC28__P1P2	8	0.18893	0.08958	0.188877	461	4	-0.29346	0.93794	0.89265	1.0	727	0	0
ATF6__P1P2	8	0.18967	0.090322	0.190029	462	5	-0.38582	0.95825	0.94383	1.0	768	0	0
CLK3__P2	8	0.19226	0.091351	0.191367	463	5	-0.0055859	0.51211	0.094715	0.354124	251	0	0
FAM102A__P1P2	8	0.19243	0.09144	0.191367	464	5	-0.16462	0.46293	0.062574	0.27157	222	0	0
KRTCAP3__P1P2	8	0.19277	0.091549	0.191367	465	5	-0.073634	0.9003	0.78002	1.0	665	0	0
RAD21__P1P2	8	0.19772	0.093992	0.196053	466	5	-0.35375	0.78293	0.50156	0.965394	502	0	0
DEDD__P1P2	8	0.20611	0.10501	0.21857	467	5	-0.079289	0.43899	0.050179	0.232257	209	0	0
ZNF43__P1	8	0.20885	0.10538	0.218581	468	5	-0.1546	0.95375	0.93434	1.0	760	0	0
GNPNAT1__P1P2	8	0.20992	0.10547	0.218581	469	5	-0.31909	0.85149	0.64785	1.0	588	0	0
GTF3C2__P1P2	8	0.2181	0.10833	0.224028	470	4	-0.36815	0.85775	0.66254	1.0	600	0	0
CD8B__87088218	8	0.22104	0.11018	0.226909	471	5	-0.061381	0.84612	0.63914	1.0	582	0	0
CCDC64__ENST00000397558.2	8	0.22141	0.11019	0.226909	472	5	-0.09672	0.60979	0.19092	0.549058	332	0	0
MANSC1__P1P2	8	0.22268	0.11087	0.227655	473	5	-0.40913	0.89628	0.77372	1.0	658	0	0
RNPS1__P1P2	8	0.22486	0.11153	0.227655	474	3	-0.29102	0.66062	0.26932	0.690722	377	0	0
HAUS8__P1P2	8	0.22489	0.11153	0.227655	475	3	-0.095295	0.7902	0.51622	0.972648	513	0	0
G0S2__P1P2	8	0.22525	0.11167	0.227655	476	5	-0.1558	0.97563	0.97543	1.0	809	0	0
OPRD1__P1P2	8	0.22554	0.11172	0.227655	477	4	-0.17013	0.93023	0.87435	1.0	714	0	0
ZBTB2__P1P2	8	0.22795	0.11356	0.23092	478	4	-0.18383	0.96672	0.95918	1.0	789	0	0
FAM115C__143317820	8	0.23265	0.11721	0.237845	479	5	-0.24529	0.94683	0.91565	1.0	742	0	0
NPY4R__P1P2	8	0.23621	0.11918	0.241336	480	5	-0.08968	0.69667	0.35777	0.818269	411	0	0
POLR1B__P1P2	8	0.24211	0.12275	0.248051	481	4	-0.55492	0.99329	0.99696	1.0	871	0	0
TPI1__P1P2	8	0.24705	0.12579	0.253661	482	5	-0.076023	0.68031	0.31821	0.767525	401	0	0
RPS14__P1P2	8	0.24799	0.12655	0.254668	483	4	-1.334	0.99334	0.99697	1.0	872	0	0
SGK3__ENST00000396596.1_ENST00000522398.1	8	0.25461	0.12967	0.26042	484	3	-0.16765	0.78851	0.51621	0.972648	509	0	0
PURB__P1P2	8	0.25617	0.13027	0.261073	485	5	-0.14737	0.87597	0.72049	1.0	628	0	0
ESYT2__P1P2	8	0.25716	0.1315	0.263008	486	4	-0.2632	0.81074	0.55479	0.986533	537	0	0
CD99L2__P1P2	8	0.25907	0.13289	0.265233	487	5	-0.31264	0.63853	0.22886	0.617935	355	0	0
GPR89B__147400326	8	0.26287	0.13566	0.269811	488	3	-0.1877	0.41774	0.04643	0.224526	195	0	0
LAMC1__P1P2	8	0.26306	0.13574	0.269811	489	5	-0.14078	0.54252	0.1276	0.436704	280	0	0
TMEM194A__P1P2	8	0.26463	0.13741	0.272577	490	4	-0.18428	0.97916	0.98113	1.0	821	0	0
ATP12A__P1P2	8	0.26476	0.13784	0.272863	491	4	-0.14881	0.58941	0.17606	0.536457	316	0	0
SMAD1__P1P2	8	0.26544	0.13882	0.274263	492	5	-0.074296	0.63273	0.22213	0.611639	349	0	0
ANAPC7__P1P2	8	0.27043	0.14274	0.281211	493	5	-0.13134	0.84467	0.63379	1.0	578	0	0
UBE2E3__P1P2	8	0.27083	0.14292	0.281211	494	5	-0.15768	0.94548	0.91088	1.0	737	0	0
CYFIP2__P1P2	8	0.27306	0.1447	0.284139	495	4	-0.14201	0.82487	0.58037	1.0	558	0	0
PTBP1__P1P2	8	0.2779	0.15088	0.295683	496	1	0.15594	0.51562	0.094724	0.354124	256	0	0
SENP2__P1P2	8	0.27851	0.1514	0.296094	497	5	-0.12477	0.60761	0.19092	0.549058	329	0	0
ISY1__P1P2	8	0.27933	0.15247	0.297585	498	5	-0.26176	0.89775	0.77738	1.0	659	0	0
C20orf196__P1P2	8	0.28034	0.15325	0.29851	499	5	-0.068903	0.7954	0.52075	0.973401	518	0	0
TMEM86A__P1P2	8	0.28136	0.15377	0.298933	500	5	-0.24879	0.38616	0.03358	0.188667	173	0	0
HYDIN__71263838	8	0.28532	0.15849	0.307491	501	4	-0.31222	0.91962	0.84673	1.0	693	0	0
WDR18__P1P2	8	0.28705	0.16176	0.313218	502	4	-0.17439	0.76192	0.45731	0.905325	481	0	0
TGDS__P1P2	8	0.289	0.16443	0.317738	503	4	-0.39104	0.92007	0.8484	1.0	695	0	0
C7orf49__P1P2	8	0.29084	0.16628	0.320675	504	3	-0.42425	0.023286	4.9462e-06	5.1e-05	11	0	0
CHAF1A__P1P2	8	0.29186	0.16783	0.323029	505	5	-0.2066	0.9161	0.83729	1.0	689	0	0
NUDT22__P1P2	8	0.29487	0.17121	0.32889	506	3	0.13591	0.3615	0.029247	0.17229	159	0	0
HNRNPLL__P1P2	8	0.29512	0.1718	0.32936	507	4	-0.0057901	0.54377	0.1276	0.436704	281	0	0
RPL9__P1P2	8	0.29638	0.1725	0.330056	508	3	-0.82184	0.96796	0.96137	1.0	793	0	0
ERCC1__P1P2	8	0.29714	0.17322	0.330786	509	4	-0.18734	0.88522	0.7467	1.0	644	0	0
SRCAP__P1P2	8	0.30485	0.17885	0.340198	510	5	-0.026175	0.6184	0.20184	0.568687	341	0	0
KIAA0247__P1P2	8	0.30718	0.18143	0.344435	511	5	-0.074215	0.71423	0.36913	0.824812	434	0	0
RPS4Y1__P1P2	8	0.30824	0.18248	0.345078	512	5	0.029361	0.39419	0.037754	0.202746	179	0	0
SUPT4H1__P1P2	8	0.30837	0.18248	0.345078	513	2	-0.10184	0.78914	0.51621	0.972648	510	0	0
ZNF444__P1P2	8	0.30873	0.18324	0.345846	514	4	-0.36582	0.94827	0.92005	1.0	743	0	0
HDAC7__P1P2	8	0.30956	0.18488	0.348269	515	3	-0.30272	0.88962	0.75453	1.0	650	0	0
GGCT__P1P2	8	0.31016	0.18644	0.350515	516	4	-0.28127	0.92861	0.87088	1.0	710	0	0
REC8__P1P2	8	0.31593	0.19271	0.360929	517	5	-0.16325	0.35814	0.029247	0.17229	157	0	0
C19orf70__P1P2	8	0.31635	0.19272	0.360929	518	4	-0.13088	0.87964	0.73042	1.0	634	0	0
C14orf119__P1P2	8	0.31857	0.19394	0.36185	519	4	-0.099244	0.81549	0.55927	0.986533	546	0	0
KAT2A__P1P2	8	0.31906	0.19395	0.36185	520	4	-0.31768	0.6574	0.26931	0.690722	371	0	0
CD22__P1P2	11	0.31918	0.17783	0.338923	521	6	0.0075973	0.67057	0.18612	0.549058	389	0	0
IRX1__P1P2	8	0.32	0.19577	0.364546	522	5	-0.070702	0.27976	0.016763	0.127366	120	0	0
NCF1__74188108	8	0.3213	0.1981	0.36817	523	5	-0.048332	0.89842	0.77855	1.0	662	0	0
CISD1__P1P2	8	0.32238	0.19897	0.369082	524	5	-0.23695	0.97092	0.96603	1.0	800	0	0
GNAI1__P1P2	8	0.32346	0.20001	0.369225	525	5	-0.19928	0.4105	0.04642	0.224526	188	0	0
ROR1__P1P2	8	0.32411	0.20016	0.369225	526	5	-0.05628	0.9618	0.95099	1.0	774	0	0
BEND2__P1P2	8	0.32454	0.20019	0.369225	527	5	-0.051866	0.67664	0.30611	0.747596	397	0	0
ATRN__P1P2	8	0.32693	0.20321	0.374099	528	5	-0.16543	0.99187	0.99574	1.0	863	0	0
HIST2H2BE__149857437	8	0.32802	0.20378	0.374427	529	5	0.012866	0.8808	0.73706	1.0	636	0	0
PIGL__P1P2	8	0.33328	0.20933	0.383899	530	4	-0.11709	0.5337	0.12358	0.433647	273	0	0
HOXC4__ENST00000430889.2	8	0.33438	0.21011	0.384606	531	4	0.070554	0.5516	0.13883	0.46057	287	0	0
TAF5L__P1P2	8	0.33557	0.21233	0.38795	532	3	0.44303	0.29632	0.016773	0.127366	126	0	0
ITGB3__P1P2	8	0.33985	0.21808	0.397703	533	5	-0.18994	0.62963	0.22212	0.611639	346	0	0
FUBP3__P1P2	8	0.34058	0.2188	0.398273	534	3	0.0067217	0.29935	0.016773	0.127366	128	0	0
UBE2G2__P1P2	8	0.3456	0.22391	0.406803	535	5	-0.046405	0.6654	0.27984	0.706506	383	0	0
CCR6__ENST00000400926.2	8	0.34626	0.22549	0.408914	536	5	-0.078815	0.63887	0.22886	0.617935	356	0	0
CSK__P1P2	8	0.348	0.22814	0.412222	537	3	0.18789	0.18833	4.9462e-06	5.1e-05	85	0	0
ATP6AP2__P1P2	8	0.34849	0.22859	0.412222	538	5	-0.06159	0.98059	0.98317	1.0	825	0	0
DHH__P1P2	8	0.34856	0.22859	0.412222	539	3	-0.087501	0.37749	0.03357	0.188667	166	0	0
GPALPP1__P1P2	8	0.35322	0.23392	0.421056	540	3	-0.13671	0.70043	0.35777	0.818269	415	0	0
HIF1AN__P1P2	8	0.35384	0.23437	0.421077	541	5	-0.073378	0.56811	0.16162	0.516748	301	0	0
PKDCC__P1P2	8	0.35563	0.23706	0.425126	542	5	0.044768	0.82896	0.59435	1.0	563	0	0
PINK1__P1P2	8	0.35743	0.23838	0.425949	543	5	-0.069193	0.93252	0.87958	1.0	717	0	0
PLA2G7__P1P2	8	0.35765	0.23839	0.425949	544	5	0.076323	0.78032	0.49648	0.96432	497	0	0
RSPRY1__P1P2	8	0.36344	0.25303	0.451279	545	4	-0.2128	0.91185	0.82586	1.0	679	0	0
GTDC1__P1P2	8	0.37239	0.2555	0.454838	546	4	0.060183	0.703	0.35778	0.818269	418	0	0
PFDN5__P1P2	8	0.37688	0.25734	0.457276	547	4	0.057886	0.77298	0.47213	0.925238	492	0	0
ILF3__P1P2	8	0.3781	0.25793	0.457494	548	3	-0.079641	0.71118	0.36609	0.819933	432	0	0
CCDC77__P2	8	0.38256	0.26041	0.460211	549	4	-0.10649	0.78358	0.50157	0.965394	503	0	0
RAD1__P1P2	8	0.38256	0.26042	0.460211	550	4	-0.23828	0.97118	0.96694	1.0	801	0	0
HLA-DMA__P2	8	0.38729	0.26189	0.460211	551	3	0.079202	0.66887	0.28636	0.71553	386	0	0
RASAL2__P1P2	8	0.38831	0.2622	0.460211	552	2	0.37787	0.39099	0.037744	0.202746	176	0	0
RNF2__P1P2	8	0.3885	0.2622	0.460211	553	4	0.17918	0.39045	0.037744	0.202746	175	0	0
GNG4__P1P2	8	0.38913	0.2623	0.460211	554	4	-0.25099	0.82613	0.58851	1.0	559	0	0
GOLGA7__P1P2	8	0.39255	0.26291	0.460309	555	4	-0.059997	0.70443	0.35778	0.818269	420	0	0
CNTD2__P1	8	0.39472	0.26336	0.460309	556	3	-0.30327	0.97905	0.98112	1.0	820	0	0
SAMD1__P1P2	8	0.3964	0.26436	0.460309	557	2	0.2171	0.40737	0.04642	0.224526	186	0	0
FRMPD2__49481953	8	0.39661	0.2645	0.460309	558	4	-0.086714	0.81455	0.55926	0.986533	544	0	0
HCN2__P1P2	8	0.39685	0.26472	0.460309	559	3	-0.15417	0.82861	0.59434	1.0	562	0	0
S100A16__P1P2	8	0.40258	0.26744	0.463775	560	4	-0.023835	0.87179	0.70711	1.0	620	0	0
RANBP2__109335729	8	0.40306	0.26767	0.463775	561	4	0.04269	0.32785	0.029237	0.17229	143	0	0
SNRNP40__P1P2	8	0.40842	0.27026	0.467433	562	3	-0.083237	0.74892	0.43553	0.905325	462	0	0
RBL1__P1P2	8	0.41169	0.27137	0.468515	563	4	0.25474	0.33713	0.029237	0.17229	147	0	0
ARHGEF18__P1P2	8	0.41458	0.27343	0.471231	564	4	-0.093793	0.67386	0.29944	0.738713	393	0	0
STT3B__P1P2	8	0.42396	0.28078	0.482545	565	4	0.045096	0.55201	0.13883	0.46057	288	0	0
CHEK2__P1P2	8	0.4246	0.28099	0.482545	566	2	0.29731	0.45278	0.058419	0.25694	216	0	0
UNC13B__P1P2	8	0.42693	0.28465	0.487968	567	4	-0.23552	0.82106	0.57217	1.0	554	0	0
DGCR8__P1P2	8	0.42809	0.28556	0.488666	568	4	0.055488	0.37036	0.029247	0.17229	165	0	0
ANLN__P1P2	8	0.43279	0.28812	0.492184	569	4	-0.0043972	0.64592	0.23906	0.631441	365	0	0
HIGD2A__P1P2	8	0.43361	0.28869	0.492299	570	4	0.11322	0.29389	0.016773	0.127366	124	0	0
COPE__P1P2	8	0.44813	0.29876	0.50858	571	4	-0.065315	0.84091	0.62856	1.0	574	0	0
GFRA4__ENST00000290417.2_ENST00000319242.3	8	0.4557	0.30297	0.513953	572	4	-0.14779	0.86833	0.69463	1.0	615	0	0
TUFM__28856875	8	0.45583	0.30298	0.513953	573	4	-0.15396	0.92712	0.86786	1.0	707	0	0
MRGBP__P1P2	8	0.4586	0.30443	0.515018	574	1	0.34815	0.18626	4.9462e-06	5.1e-05	83	0	0
STX4__P1P2	8	0.46362	0.30854	0.515018	575	3	0.18272	0.2945	0.016773	0.127366	125	0	0
MTCH2__P1P2	8	0.46363	0.30854	0.515018	576	4	0.021346	0.8035	0.5389	0.986533	528	0	0
WDR86__P1P2	8	0.46451	0.30869	0.515018	577	3	-0.12169	0.77455	0.47214	0.925238	494	0	0
CNKSR3__P1P2	8	0.4646	0.30869	0.515018	578	4	-0.21539	0.8474	0.64074	1.0	583	0	0
CDC42EP5__P1P2	8	0.46484	0.30869	0.515018	579	2	-0.082114	0.75429	0.44392	0.905325	471	0	0
ZCCHC11__P1P2	8	0.46557	0.30965	0.515018	580	4	-0.062975	0.86393	0.68043	1.0	610	0	0
DHRSX__P1P2	8	0.46608	0.30966	0.515018	581	3	-0.05454	0.73557	0.41177	0.883543	451	0	0
FBXL14__P1P2	8	0.46764	0.31004	0.515018	582	3	-0.073414	0.88003	0.73178	1.0	635	0	0
ACADS__P1P2	8	0.46816	0.31053	0.515018	583	3	0.10576	0.52903	0.11999	0.427215	268	0	0
KMT2D__P1P2	8	0.46848	0.31054	0.515018	584	4	-0.10877	0.63649	0.22886	0.617935	353	0	0
IL18R1__P1	8	0.46865	0.31054	0.515018	585	4	-0.11295	0.67817	0.31207	0.758329	399	0	0
HEXIM2__P2	11	0.46873	0.30729	0.515018	586	6	-0.13024	0.87087	0.58285	1.0	618	0	0
ADAMTS16__P2	8	0.47042	0.31242	0.515018	587	4	-0.054687	0.87055	0.7015	1.0	617	0	0
LDB3__P1P2	8	0.47051	0.31242	0.515018	588	3	-0.050761	0.79313	0.51835	0.972648	515	0	0
FAM107A__P1P2	8	0.47091	0.3126	0.515018	589	4	0.029132	0.50367	0.086919	0.339338	243	0	0
PDLIM7__P1	8	0.47163	0.31261	0.515018	590	4	0.14893	0.52774	0.11998	0.427215	267	0	0
MAP3K7__P1P2	8	0.47243	0.31323	0.515155	591	1	0.1149	0.47385	0.066581	0.281375	229	0	0
MAZ__P1P2	8	0.47551	0.31491	0.517046	592	4	0.026265	0.57245	0.1685	0.526666	305	0	0
SSR1__P1P2	8	0.48197	0.31946	0.523633	593	3	-0.088007	0.93866	0.89378	1.0	731	0	0
TMX2__P1P2	8	0.48378	0.32188	0.525337	594	3	0.11375	0.25461	0.0085223	0.072032	110	0	0
FCGR1B__120935150	8	0.48449	0.32211	0.525337	595	4	0.18702	0.61734	0.20184	0.568687	340	0	0
TMEM229B__P1	8	0.48497	0.32212	0.525337	596	4	0.13053	0.51343	0.094724	0.354124	253	0	0
GNE__P1P2	11	0.48883	0.33095	0.537041	597	6	-0.060191	0.93808	0.80143	1.0	729	0	0
DMRT3__P1P2	8	0.49079	0.32839	0.534669	598	4	-0.00017563	0.91843	0.84503	1.0	690	0	0
CCNK__P2	11	0.49134	0.33515	0.542037	599	6	-0.11486	0.9224	0.74712	1.0	699	0	0
AP3B1__P1P2	8	0.49442	0.33031	0.536894	600	4	0.028217	0.55283	0.13883	0.46057	289	0	0
DYNC1LI1__P1P2	8	0.49829	0.33483	0.542037	601	3	-0.015145	0.38292	0.03358	0.188667	169	0	0
PPP1CB__P1P2	8	0.50191	0.33763	0.545146	602	2	0.12165	0.75015	0.44121	0.905325	465	0	0
TTLL10__P1	8	0.50267	0.33884	0.545442	603	3	0.16738	0.38075	0.03357	0.188667	168	0	0
FERMT1__P1P2	8	0.50314	0.33894	0.545442	604	4	-0.082422	0.9663	0.95891	1.0	785	0	0
TMED2__P1P2	8	0.51152	0.34645	0.555685	605	3	0.059202	0.47667	0.070716	0.293783	230	0	0
SERPINB9__P1P2	8	0.5116	0.34645	0.555685	606	4	-0.064828	0.9398	0.89674	1.0	732	0	0
PHC1__P1P2	8	0.51244	0.34751	0.55648	607	3	0.12573	0.5256	0.10751	0.387019	265	0	0
NOTCH2__120611488	8	0.51594	0.35107	0.561243	608	4	-0.035873	0.91534	0.83642	1.0	687	0	0
TRIM56__P1P2	8	0.5251	0.35855	0.572273	609	4	-0.097329	0.8591	0.6643	1.0	601	0	0
GTF2H2C__68855815	8	0.52607	0.36027	0.574062	610	4	0.02344	0.8352	0.61174	1.0	569	0	0
ZNRF3__P1P2	8	0.53112	0.36865	0.586468	611	4	0.013416	0.84451	0.63379	1.0	577	0	0
PTPN20A__46619211	8	0.5316	0.36939	0.586672	612	4	0.24942	0.4375	0.050179	0.232257	206	0	0
WNT7A__P1P2	8	0.5354	0.37277	0.591079	613	4	-0.049319	0.62928	0.22212	0.611639	345	0	0
ANP32B__P1P2	8	0.53809	0.37525	0.594048	614	2	0.58474	0.30897	0.020987	0.151104	132	0	0
SMCHD1__P1P2	8	0.53976	0.3785	0.59821	615	4	0.04821	0.36372	0.029247	0.17229	162	0	0
INTS6__P1P2	8	0.54646	0.38883	0.612556	616	3	-0.090357	0.72078	0.38305	0.846187	439	0	0
NCOA6__P1P2	8	0.54679	0.38883	0.612556	617	4	-0.11908	0.92284	0.8557	1.0	700	0	0
PIH1D1__P1P2	8	0.54861	0.38979	0.613074	618	4	0.024112	0.71505	0.37187	0.825266	435	0	0
PPP2R5E__P1P2	8	0.54997	0.39062	0.613373	619	1	0.59724	0.34458	0.029237	0.17229	150	0	0
HIVEP1__P1P2	8	0.55196	0.3944	0.618324	620	4	0.12593	0.63445	0.22886	0.617935	351	0	0
CORO1B__67206891	8	0.56022	0.40993	0.641622	621	3	0.29792	0.43349	0.050179	0.232257	203	0	0
PTRHD1__P1P2	8	0.56077	0.41104	0.642337	622	4	-0.028917	0.89034	0.76094	1.0	651	0	0
GPRIN2__46993345	8	0.56148	0.41177	0.642448	623	4	0.075389	0.7579	0.44662	0.905325	476	0	0
FAM83H__P1P2	8	0.56338	0.41458	0.645795	624	4	-0.012382	0.67786	0.31206	0.758329	398	0	0
MED12__P1P2	8	0.56648	0.41821	0.650408	625	3	-0.19431	0.083844	4.9462e-06	5.1e-05	30	0	0
FBXO28__P1P2	8	0.57751	0.43039	0.668277	626	4	0.13391	0.23066	0.00414	0.04024	100	0	0
PTPN12__P1P2	8	0.58139	0.43815	0.679234	627	1	0.27308	0.052809	4.9462e-06	5.1e-05	21	0	0
NEUROD1__P1P2	8	0.58363	0.44132	0.683067	628	3	0.11337	0.74093	0.41974	0.890798	455	0	0
ACTA2__P2	8	0.59055	0.45287	0.699821	629	3	-0.13705	0.9224	0.8557	1.0	698	0	0
ZNF460__P1P2	8	0.59096	0.4538	0.700145	630	4	0.052985	0.60907	0.19092	0.549058	330	0	0
PRC1__P1P2	8	0.596	0.46086	0.709916	631	3	0.024751	0.93551	0.88593	1.0	723	0	0
PTPN20B__48806138	8	0.59769	0.46191	0.710405	632	3	0.0071407	0.80429	0.54113	0.986533	529	0	0
GOLGA7B__P1P2	8	0.59981	0.46502	0.714052	633	4	0.07244	0.80568	0.54114	0.986533	531	0	0
GAPVD1__P1P2	8	0.60121	0.46581	0.714139	634	4	-0.12083	0.97982	0.98193	1.0	823	0	0
LOC730183__NM_001256932	8	0.60396	0.47196	0.722433	635	3	-0.015765	0.64325	0.23905	0.631441	361	0	0
CTXN1__P1P2	8	0.60538	0.47281	0.722598	636	4	-0.10978	0.83106	0.60016	1.0	565	0	0
C17orf49__P2	8	0.61001	0.47979	0.73212	637	4	-0.00037232	0.9244	0.86137	1.0	703	0	0
FAM69B__P1P2	8	0.61116	0.48301	0.735869	638	4	-0.040876	0.90226	0.7867	1.0	667	0	0
ZNF655__P1P2	8	0.61231	0.48418	0.735869	639	4	-0.038638	0.80822	0.55015	0.986533	533	0	0
PGPEP1__P1P2	8	0.61369	0.48603	0.735869	640	4	-0.12367	0.79271	0.51834	0.972648	514	0	0
DPP9__P1	8	0.61407	0.48604	0.735869	641	3	0.08916	0.55487	0.14249	0.467954	291	0	0
DHX35__P1P2	8	0.61415	0.48604	0.735869	642	4	-0.017355	0.67448	0.30279	0.745095	394	0	0
LOC643037__P1P2	8	0.61724	0.49052	0.741499	643	3	-0.02919	0.27914	0.016763	0.127366	119	0	0
SRGAP2__206636520	8	0.61959	0.49484	0.746872	644	3	0.046508	0.8005	0.52991	0.977385	524	0	0
LSR__P1P2	8	0.62018	0.49809	0.750201	645	1	0.03602	0.15401	4.9462e-06	5.1e-05	65	0	0
SLC11A2__P1	8	0.621	0.49859	0.750201	646	3	0.15537	0.72481	0.38903	0.855519	441	0	0
PTPN20A__46640202	8	0.62332	0.50037	0.750556	647	4	-0.048959	0.94574	0.91132	1.0	738	0	0
BIVM__P1	8	0.62335	0.50037	0.750556	648	3	-0.195	0.97648	0.97668	1.0	812	0	0
PCDHGA12__P1P2	8	0.6256	0.50257	0.752689	649	4	0.15658	0.69169	0.34304	0.813262	409	0	0
GPX3__P1P2	8	0.62779	0.50456	0.754504	650	3	-0.091732	0.95363	0.93434	1.0	759	0	0
PCGF2__P1	8	0.63015	0.50886	0.75977	651	4	0.13373	0.70894	0.36313	0.819933	427	0	0
ZEB2__P1	8	0.63136	0.51117	0.76049	652	3	-0.11724	0.9543	0.93435	1.0	764	0	0
NAIP__70319713	8	0.63151	0.51146	0.76049	653	4	0.035307	0.86277	0.67578	1.0	607	0	0
CENPO__P1P2	8	0.63513	0.52227	0.775037	654	3	-0.013218	0.80508	0.54114	0.986533	530	0	0
PRMT7__P1P2	8	0.63649	0.52705	0.780935	655	4	0.13523	0.73246	0.40338	0.869382	447	0	0
ADAM18__P1P2	8	0.64078	0.53013	0.784298	656	3	0.092375	0.80938	0.55016	0.986533	535	0	0
CAPZA1__P1P2	8	0.64331	0.53219	0.78616	657	2	0.62656	0.28655	0.016773	0.127366	122	0	0
AKAP10__P1P2	8	0.65282	0.53649	0.791299	658	3	0.16136	0.56692	0.16162	0.516748	299	0	0
CORO1B__67210174	8	0.65578	0.53852	0.793087	659	3	-0.035875	0.66824	0.28636	0.71553	385	0	0
PIP4K2C__P1P2	8	0.66158	0.54237	0.796777	660	3	-0.0385	0.1533	4.9462e-06	5.1e-05	64	0	0
CAB39__P1P2	8	0.66269	0.54266	0.796777	661	3	-0.067368	0.86291	0.67578	1.0	608	0	0
KLHL5__P1P2	11	0.66736	0.51169	0.76049	662	5	0.0071205	0.81434	0.4542	0.905325	543	0	0
NDUFC1__P2	8	0.6678	0.54475	0.798635	663	3	0.1926	0.70071	0.35777	0.818269	416	0	0
HEXIM1__P1P2	8	0.67882	0.55167	0.806369	664	3	-0.011138	0.73402	0.40884	0.87918	450	0	0
ARRDC4__P1P2	8	0.67953	0.55168	0.806369	665	3	0.024797	0.85519	0.656	1.0	595	0	0
HIST1H2AB__P1P2	8	0.6857	0.55688	0.812738	666	3	-0.091481	0.93284	0.88017	1.0	719	0	0
PLOD3__P1P2	8	0.68728	0.55813	0.813351	667	2	0.192	0.59431	0.18356	0.545651	322	0	0
TMTC2__P1P2	8	0.68961	0.55944	0.814033	668	3	-0.031414	0.95442	0.93435	1.0	765	0	0
DEGS1__P1P2	8	0.69492	0.56508	0.819798	669	1	0.58068	0.41154	0.04642	0.224526	189	0	0
NAIP__70315936	8	0.69532	0.56509	0.819798	670	3	0.069681	0.7272	0.39501	0.860868	444	0	0
WDR7__P1P2	8	0.69785	0.5676	0.821015	671	3	-0.02447	0.78702	0.51405	0.972648	508	0	0
PRSS40A__131328218	8	0.69891	0.56789	0.821015	672	3	0.12404	0.51911	0.099097	0.363516	259	0	0
CTIF__P1P2	8	0.70038	0.56846	0.821015	673	3	0.19417	0.51998	0.099107	0.363516	260	0	0
GDF7__P1P2	8	0.70174	0.56963	0.821481	674	3	-0.041793	0.8941	0.7645	1.0	656	0	0
STMND1__P1P2	8	0.70332	0.5714	0.822813	675	2	-0.097049	0.14181	4.9462e-06	5.1e-05	54	0	0
EIF4H__P1P2	8	0.70686	0.57501	0.826788	676	3	-0.10046	0.8761	0.7205	1.0	629	0	0
PRAMEF12__ENST00000357726.4	8	0.71531	0.58206	0.834773	677	3	0.12961	0.74446	0.42756	0.899548	461	0	0
KANSL1__P1P2	8	0.71613	0.58228	0.834773	678	3	0.11427	0.76659	0.45732	0.905325	489	0	0
HSPA4__P1P2	8	0.71817	0.58526	0.837493	679	2	0.35369	0.435	0.050179	0.232257	204	0	0
PDZK1__145727481	8	0.71958	0.5859	0.837493	680	3	0.090865	0.7167	0.37188	0.825266	437	0	0
SLC30A3__P1P2	8	0.72561	0.59231	0.844441	681	2	0.12043	0.51474	0.094724	0.354124	254	0	0
ACTR5__P1P2	8	0.72722	0.5925	0.844441	682	3	0.20933	0.437	0.050179	0.232257	205	0	0
SERF1A__70196291	8	0.73221	0.59674	0.849244	683	3	0.15691	0.4855	0.07491	0.307226	233	0	0
RBM15__110881839	8	0.73673	0.59962	0.852085	684	3	0.089467	0.0020619	4.9462e-06	5.1e-05	5	1	6.8903
NOTCH2NL__145208892	8	0.7381	0.60049	0.852085	685	3	-0.039597	0.92803	0.86944	1.0	709	0	0
SPRR2G__P1P2	8	0.74122	0.60445	0.855202	686	3	0.075968	0.72694	0.395	0.860868	443	0	0
UBE2E2__P1P2	8	0.74126	0.60445	0.855202	687	2	0.10255	0.70641	0.35778	0.818269	424	0	0
LHFP__P1P2	8	0.74335	0.60794	0.858893	688	3	0.10935	0.51078	0.094715	0.354124	248	0	0
WDR37__P1P2	8	0.74777	0.61268	0.864331	689	3	0.14534	0.53582	0.12759	0.436704	275	0	0
BOLA2__29465484	8	0.76188	0.63321	0.891994	690	3	0.050784	0.88183	0.73833	1.0	639	0	0
SPINT1__P1P2	8	0.76885	0.64009	0.899963	691	3	0.15815	0.30417	0.020977	0.151104	129	0	0
ZNF710__P1P2	8	0.76958	0.64096	0.899963	692	3	0.035715	0.83452	0.60976	1.0	568	0	0
MIR205HG__P2	8	0.77031	0.64166	0.899963	693	3	0.081645	0.66382	0.27299	0.692822	381	0	0
KIDINS220__P1P2	8	0.77229	0.64366	0.899963	694	3	0.07193	0.78445	0.50663	0.971296	504	0	0
RSPH3__P1P2	8	0.77283	0.64419	0.899963	695	3	0.18201	0.44148	0.054502	0.251071	210	0	0
SLX1A__30205037	8	0.77337	0.64507	0.899963	696	3	-0.016246	0.75113	0.44391	0.905325	467	0	0
DUSP22__292259	8	0.77481	0.64534	0.899963	697	3	0.11575	0.65121	0.25588	0.670394	368	0	0
SUPT7L__P1P2	8	0.77701	0.64835	0.902861	698	1	0.21796	0.56293	0.15797	0.511843	296	0	0
MLLT3__P1P2	8	0.77855	0.65025	0.904114	699	3	0.15576	0.26728	0.0085223	0.072032	115	0	0
PRCP__P1	8	0.77926	0.65111	0.904114	700	3	-0.021026	0.97439	0.97367	1.0	807	0	0
FAM203A__ENST00000347708.4	8	0.7805	0.65386	0.906401	701	3	0.14302	0.66981	0.28991	0.722547	388	0	0
CAP1__P1P2	8	0.78097	0.65462	0.906401	702	1	0.17479	0.78936	0.51621	0.972648	511	0	0
LCOR__P1P2	8	0.78745	0.66549	0.920143	703	3	-0.11477	0.26476	0.0085223	0.072032	114	0	0
TTC23L__P1P2	8	0.79246	0.67279	0.928916	704	3	0.039247	0.82325	0.57649	1.0	555	0	0
TMEM81__ENST00000367167.3	8	0.79792	0.68327	0.940707	705	3	0.11545	0.17447	4.9462e-06	5.1e-05	76	0	0
AES__P1P2	8	0.79947	0.68534	0.942219	706	2	0.14262	0.75308	0.44391	0.905325	468	0	0
SRSF11__P2	8	0.80068	0.6883	0.944949	707	2	0.074648	0.18764	4.9462e-06	5.1e-05	84	0	0
CTNNB1__P1P2	8	0.80271	0.69336	0.94979	708	3	0.53422	0.36261	0.029247	0.17229	160	0	0
ZNF286B__18584835	8	0.8029	0.69378	0.94979	709	2	0.10679	0.61448	0.19465	0.55483	337	0	0
CCDC94__P1P2	8	0.80436	0.69682	0.95262	710	3	0.041422	0.88208	0.73833	1.0	640	0	0
EVX2__P1P2	11	0.80728	0.67911	0.9363	711	3	0.052044	0.12958	4.9462e-06	5.1e-05	47	0	0
FUT7__P1P2	8	0.80796	0.70455	0.961829	712	2	0.15842	0.28532	0.016763	0.127366	121	0	0
ZNF286A__15602675	8	0.80996	0.7076	0.964633	713	3	-0.0153	0.92594	0.86474	1.0	705	0	0
ZNF532__P2	8	0.81112	0.71094	0.966481	714	2	0.10646	0.13457	4.9462e-06	5.1e-05	50	0	0
CSNK2A1__P1P2	8	0.81131	0.71094	0.966481	715	2	-0.42444	0.11101	4.9462e-06	5.1e-05	41	0	0
FAM115A__143598483	8	0.81407	0.71318	0.968166	716	3	-0.019962	0.9291	0.87219	1.0	712	0	0
PSMG3__P2	8	0.81739	0.71749	0.972663	717	3	0.21398	0.53201	0.12357	0.433647	271	0	0
NUDT15__P1P2	8	0.81928	0.72214	0.976342	718	3	0.014525	0.86248	0.67578	1.0	606	0	0
SYT14__P1P2	8	0.81957	0.72322	0.976342	719	2	0.19503	0.52945	0.11999	0.427215	269	0	0
GMEB1__P1P2	8	0.82216	0.7304	0.983968	720	2	0.17688	0.63955	0.232	0.624667	357	0	0
CDK10__P1P2	8	0.82301	0.73158	0.983968	721	3	0.33651	0.47713	0.070726	0.293783	231	0	0
MAP4K3__P1P2	8	0.82316	0.7319	0.983968	722	3	0.47974	0.42082	0.04643	0.224526	196	0	0
ATL3__P1P2	8	0.8247	0.73445	0.986035	723	3	0.18201	0.48642	0.07491	0.307226	235	0	0
FNIP1__P1P2	8	0.83159	0.74831	1.0	724	2	0.095315	0.64791	0.24582	0.645803	366	0	0
SLC4A1AP__P1P2	8	0.83295	0.74895	1.0	725	2	0.27039	0.35702	0.029247	0.17229	156	0	0
XPO5__P1P2	8	0.83385	0.75012	1.0	726	2	0.38278	0.43799	0.050179	0.232257	207	0	0
C6orf62__P1	11	0.83444	0.72303	0.976342	727	4	0.20816	0.58031	0.090936	0.353558	312	0	0
YPEL3__P1P2	8	0.83524	0.75451	1.0	728	3	0.064904	0.72401	0.38607	0.85094	440	0	0
USP22__P1P2	8	0.83571	0.755	1.0	729	2	0.22347	0.39791	0.037754	0.202746	180	0	0
DHRS3__P1P2	8	0.83583	0.75501	1.0	730	3	0.14598	0.63513	0.22886	0.617935	352	0	0
UFL1__P1P2	8	0.83656	0.75549	1.0	731	3	0.24846	0.67602	0.3061	0.747596	396	0	0
PORCN__P2	8	0.8369	0.75576	1.0	732	1	0.25156	0.57791	0.17243	0.527077	309	0	0
ATP1A1__P1P2	8	0.83773	0.7585	1.0	733	3	0.46566	0.49738	0.082685	0.334876	238	0	0
C1orf101__P1P2	8	0.83979	0.76405	1.0	734	2	0.22419	0.44543	0.05841	0.25694	212	0	0
THAP2__P1	8	0.84107	0.76679	1.0	735	3	0.21715	0.61052	0.19093	0.549058	333	0	0
CNR1__P1P2	8	0.84124	0.7668	1.0	736	1	0.21971	0.37858	0.03357	0.188667	167	0	0
SPECC1L__P1P2	8	0.84322	0.76979	1.0	737	3	-0.0031632	0.87743	0.72624	1.0	631	0	0
AGO2__141644983	8	0.84357	0.77111	1.0	738	2	0.16545	0.53708	0.12759	0.436704	277	0	0
CCDC101__P1P2	8	0.84578	0.77683	1.0	739	3	0.31458	0.21142	4.9462e-06	5.1e-05	92	0	0
USP44__P1	8	0.84644	0.77684	1.0	740	2	0.095586	0.81792	0.56127	0.986533	551	0	0
CLDN3__P1P2	8	0.84677	0.77793	1.0	741	3	0.15095	0.66286	0.27299	0.692822	380	0	0
LRRC40__P1P2	8	0.84719	0.7786	1.0	742	3	0.057433	0.87028	0.7015	1.0	616	0	0
ATP6AP1__P1P2	8	0.84813	0.78079	1.0	743	2	0.14838	0.67878	0.31488	0.763248	400	0	0
CFC1B__131278628	8	0.84912	0.78198	1.0	744	2	0.036914	0.81643	0.55927	0.986533	548	0	0
JPH3__P1P2	8	0.84915	0.78198	1.0	745	3	0.21612	0.56133	0.15438	0.503533	295	0	0
CWC25__P1P2	8	0.84929	0.78199	1.0	746	3	0.060114	0.78163	0.49902	0.96432	499	0	0
ARHGAP11A__32907502	8	0.84968	0.78248	1.0	747	2	0.20175	0.67106	0.29299	0.726513	390	0	0
LNP1__P1P2	8	0.85335	0.7905	1.0	748	1	0.31003	0.51122	0.094715	0.354124	249	0	0
AGO1__36348590	8	0.85397	0.79377	1.0	749	3	0.090775	0.80744	0.54778	0.986533	532	0	0
UHMK1__P1P2	8	0.8595	0.80289	1.0	750	2	0.18425	0.74144	0.41974	0.890798	456	0	0
PCSK1N__P1P2	11	0.86068	0.76738	1.0	751	3	0.29499	0.66974	0.18612	0.549058	387	0	0
FAM58A__P1P2	8	0.86146	0.80396	1.0	752	1	0.39308	0.51606	0.094724	0.354124	257	0	0
PHYH__P1P2	8	0.86267	0.80406	1.0	753	2	0.024046	0.82666	0.59053	1.0	561	0	0
PHF8__P1P2	11	0.86647	0.77873	1.0	754	3	0.099303	0.74283	0.2806	0.706594	458	0	0
PYGO2__P1P2	8	0.87	0.81015	1.0	755	1	0.49422	0.49963	0.086919	0.339338	239	0	0
PTPN20B__48826780	8	0.87135	0.81184	1.0	756	2	0.11074	0.83791	0.62325	1.0	572	0	0
UBA2__P1P2	8	0.87165	0.81197	1.0	757	2	0.19285	0.55038	0.13883	0.46057	284	0	0
BCL2L13__P1P2	8	0.87795	0.81673	1.0	758	2	-0.037215	0.13892	4.9462e-06	5.1e-05	52	0	0
KCTD3__P1P2	8	0.88093	0.81943	1.0	759	1	0.47598	0.27042	0.012865	0.1078	116	0	0
EMD__P1P2	8	0.88462	0.82229	1.0	760	2	0.13343	0.70585	0.35778	0.818269	423	0	0
LNPEP__P1P2	8	0.8851	0.82248	1.0	761	1	0.26831	0.13165	4.9462e-06	5.1e-05	48	0	0
GLCE__P1P2	8	0.88817	0.8246	1.0	762	1	0.80887	0.38562	0.03358	0.188667	172	0	0
FAM222B__P1	11	0.88908	0.82636	1.0	763	3	0.037588	0.91389	0.71657	1.0	682	0	0
MCTS1__P1P2	8	0.89129	0.82871	1.0	764	2	0.12244	0.68604	0.32736	0.781811	406	0	0
ZBTB7B__P1P2	8	0.89244	0.82974	1.0	765	2	0.1945	0.76356	0.45731	0.905325	484	0	0
SPRY4__P1P2	8	0.89524	0.83276	1.0	766	2	0.34384	0.0069953	4.9462e-06	5.1e-05	6	1	6.0121
ELK3__P1P2	8	0.89639	0.83371	1.0	767	1	0.42683	0.41722	0.04643	0.224526	194	0	0
EVI5__P1P2	8	0.90237	0.84049	1.0	768	1	0.44614	0.25397	0.0085223	0.072032	109	0	0
ING5__P1P2	8	0.90344	0.84153	1.0	769	2	0.24471	0.026516	4.9462e-06	5.1e-05	13	0	0
NPDC1__P1P2	8	0.90376	0.84252	1.0	770	1	0.12288	0.10203	4.9462e-06	5.1e-05	36	0	0
RFWD2__P1P2	8	0.90608	0.84456	1.0	771	2	0.57246	0.33424	0.029237	0.17229	146	0	0
IFT88__P1P2	8	0.9066	0.84565	1.0	772	1	0.21453	0.18073	4.9462e-06	5.1e-05	80	0	0
PTPRF__P1P2	8	0.9068	0.84593	1.0	773	1	0.75652	0.14685	4.9462e-06	5.1e-05	58	0	0
C21orf58__P1	8	0.90691	0.84593	1.0	774	2	0.088724	0.81941	0.57026	1.0	552	0	0
C19orf43__P1P2	8	0.91235	0.85305	1.0	775	2	0.21172	0.64857	0.24583	0.645803	367	0	0
NR2E3__P1P2	8	0.91303	0.85398	1.0	776	2	0.16353	0.65998	0.26932	0.690722	375	0	0
BCLAF1__P1P2	8	0.91361	0.85462	1.0	777	1	0.4051	0.54708	0.13882	0.46057	282	0	0
USP10__P1P2	8	0.91371	0.85463	1.0	778	1	0.41582	0.35365	0.029247	0.17229	154	0	0
SNRPB2__P1P2	8	0.914	0.85483	1.0	779	1	0.35747	0.53876	0.12759	0.436704	279	0	0
VPS9D1__P1P2	8	0.91419	0.85535	1.0	780	2	0.24787	0.3676	0.029247	0.17229	163	0	0
SERTAD1__P1P2	8	0.91423	0.85535	1.0	781	2	0.21138	0.60579	0.18714	0.549058	327	0	0
SCAF11__P1P2	8	0.91825	0.86041	1.0	782	1	0.32146	0.50768	0.086929	0.339338	246	0	0
MAU2__P1P2	8	0.91926	0.86158	1.0	783	1	0.30046	0.099778	4.9462e-06	5.1e-05	33	0	0
PTPN20A__46639859	8	0.92222	0.86531	1.0	784	2	0.084562	0.87477	0.71356	1.0	626	0	0
VGLL3__P1P2	8	0.92223	0.86531	1.0	785	2	0.18185	0.68843	0.33415	0.796062	407	0	0
SSBP3__P1P2	8	0.92499	0.87035	1.0	786	2	0.16252	0.85211	0.65089	1.0	589	0	0
ZMYM4__P1P2	11	0.92739	0.86883	1.0	787	2	0.18738	0.53661	0.069261	0.291438	276	0	0
ZC3H7B__P1P2	8	0.92886	0.87732	1.0	788	2	0.31535	0.54955	0.13882	0.46057	283	0	0
DNASE1L1__P1	8	0.93111	0.88068	1.0	789	1	0.082203	0.8856	0.7467	1.0	646	0	0
SREBF1__P1	8	0.93276	0.88346	1.0	790	1	0.17737	0.82931	0.59435	1.0	564	0	0
GTF2IRD2B__74508172	8	0.93584	0.88819	1.0	791	2	0.19525	0.7081	0.36312	0.819933	426	0	0
CST1__P1P2	8	0.93611	0.88873	1.0	792	2	0.14416	0.79786	0.52552	0.976679	521	0	0
MESDC2__P1P2	8	0.93671	0.88932	1.0	793	2	0.13062	0.65934	0.26932	0.690722	373	0	0
GTF2IRD2__74267046	8	0.93916	0.89408	1.0	794	1	0.1722	0.76216	0.45731	0.905325	482	0	0
CXorf56__P1P2	11	0.94109	0.89089	1.0	795	1	0.17349	0.084534	4.9462e-06	5.1e-05	31	0	0
PKNOX1__P1P2	9	0.94223	0.90085	1.0	796	2	0.28763	0.64095	0.20579	0.576438	358	0	0
KIAA1429__P1P2	8	0.94374	0.90481	1.0	797	2	-0.084027	0.024902	4.9462e-06	5.1e-05	12	0	0
ZSCAN10__P1P2	8	0.94398	0.90482	1.0	798	1	0.68224	0.17377	4.9462e-06	5.1e-05	75	0	0
HIST1H1E__P1P2	8	0.94483	0.90715	1.0	799	1	0.45398	0.52085	0.099107	0.363516	261	0	0
EYA3__P1P2	8	0.94813	0.91563	1.0	800	2	0.42916	0.45424	0.058419	0.25694	218	0	0
MTF2__P1P2	8	0.94888	0.91679	1.0	801	1	0.45448	0.59093	0.17993	0.543165	317	0	0
ZNF608__P2	8	0.94917	0.91752	1.0	802	2	0.57831	0.40318	0.042107	0.220042	184	0	0
FAM3B__P1P2	8	0.94935	0.91771	1.0	803	2	0.15981	0.77071	0.46481	0.916416	491	0	0
RNF126__P1P2	8	0.94949	0.9178	1.0	804	1	0.36054	0.65966	0.26932	0.690722	374	0	0
FAM115A__143579171	8	0.95224	0.92217	1.0	805	2	0.053021	0.84288	0.63378	1.0	576	0	0
ARL14EP__P1P2	8	0.95227	0.92217	1.0	806	1	0.12323	0.84914	0.64254	1.0	586	0	0
UBA5__P1P2	8	0.95307	0.92438	1.0	807	1	0.56702	0.47291	0.066581	0.281375	227	0	0
KDM5C__P1P2	8	0.95358	0.9255	1.0	808	1	0.60842	0.074628	4.9462e-06	5.1e-05	27	0	0
ZNF296__P1P2	8	0.95406	0.92675	1.0	809	2	0.19611	0.76074	0.45481	0.905325	480	0	0
MED13L__P1P2	8	0.95573	0.92933	1.0	810	1	0.78733	0.16887	4.9462e-06	5.1e-05	72	0	0
ARHGAP12__P1P2	8	0.95616	0.93014	1.0	811	1	0.67875	0.21276	4.9462e-06	5.1e-05	93	0	0
ACAD11__P1P2	8	0.95815	0.93372	1.0	812	2	0.33195	0.56732	0.16162	0.516748	300	0	0
USP3__P1P2	8	0.95847	0.93386	1.0	813	2	-0.0037283	0.93445	0.88449	1.0	721	0	0
SRSF6__P1	8	0.95979	0.93725	1.0	814	2	0.16855	0.79643	0.52306	0.975851	520	0	0
SHCBP1__P1P2	8	0.96147	0.94144	1.0	815	1	0.91928	0.24563	0.0085124	0.072032	104	0	0
MED25__P1P2	8	0.96281	0.9433	1.0	816	2	0.35529	0.2616	0.0085223	0.072032	113	0	0
RNF146__P1P2	8	0.96352	0.94497	1.0	817	1	1.1326	0.2779	0.016763	0.127366	117	0	0
NSG1__NM_001040101_NM_014392	8	0.96402	0.94575	1.0	818	1	0.14833	0.76426	0.45731	0.905325	485	0	0
HSPA13__P1P2	8	0.96451	0.94796	1.0	819	1	0.96653	0.32435	0.029237	0.17229	138	0	0
HNRNPUL1__P1P2	11	0.96576	0.94325	1.0	820	3	0.26176	0.59402	0.10209	0.371669	321	0	0
UFM1__P1P2	8	0.96776	0.9511	1.0	821	1	0.37982	0.69463	0.3521	0.818269	410	0	0
AJUBA__P1P2	8	0.97005	0.95259	1.0	822	1	0.51126	0.24239	0.0085124	0.072032	103	0	0
MLLT1__P1P2	8	0.97361	0.9552	1.0	823	1	0.23346	0.063774	4.9462e-06	5.1e-05	24	0	0
UBE3A__P1P2	8	0.97442	0.956	1.0	824	1	0.53796	0.289	0.016773	0.127366	123	0	0
ZMIZ1__P1P2	11	0.97474	0.95592	1.0	825	2	0.46745	0.52578	0.063613	0.274808	266	0	0
PABPC4__P1P2	8	0.97488	0.95619	1.0	826	1	0.35767	0.45132	0.05841	0.25694	215	0	0
CUL3__P1P2	8	0.97837	0.95905	1.0	827	1	0.71909	0.35083	0.029247	0.17229	152	0	0
TRIP12__P1P2	8	0.97944	0.95985	1.0	828	1	0.4897	0.55079	0.13883	0.46057	285	0	0
DET1__P1P2	8	0.98129	0.9615	1.0	829	1	0.54532	0.56652	0.16162	0.516748	298	0	0
CNOT11__P1P2	8	0.98262	0.9625	1.0	830	1	0.096032	0.073857	4.9462e-06	5.1e-05	26	0	0
SF1__P1P2	8	0.98274	0.96267	1.0	831	1	0.15733	0.81054	0.55479	0.986533	536	0	0
CHST15__P2	8	0.98318	0.96329	1.0	832	1	0.17396	0.63239	0.22213	0.611639	348	0	0
AHR__P1P2	11	0.98325	0.96734	1.0	833	2	0.1487	0.85738	0.55227	0.986533	599	0	0
ATP2C1__P1P2	8	0.98398	0.96407	1.0	834	1	0.55279	0.19791	4.9462e-06	5.1e-05	87	0	0
TCF7L1__P1P2	8	0.98488	0.96512	1.0	835	1	0.46787	0.5783	0.17243	0.527077	310	0	0
MED19__P1P2	8	0.98518	0.96552	1.0	836	1	0.13604	0.10354	4.9462e-06	5.1e-05	38	0	0
KAT6B__P1P2	8	0.98557	0.96596	1.0	837	1	0.34634	0.60615	0.18715	0.549058	328	0	0
UBE2R2__P1P2	8	0.98599	0.96649	1.0	838	1	0.52693	0.47338	0.066581	0.281375	228	0	0
SFPQ__P1P2	8	0.98653	0.96724	1.0	839	1	0.38696	0.61519	0.19465	0.55483	338	0	0
ADD1__P1P2	8	0.98674	0.96736	1.0	840	1	0.37422	0.17796	4.9462e-06	5.1e-05	79	0	0
SPIN1__P1P2	8	0.98675	0.96737	1.0	841	1	0.28945	0.57009	0.16475	0.523331	302	0	0
FBXO42__P1P2	8	0.98729	0.96793	1.0	842	1	0.54069	0.11991	4.9462e-06	5.1e-05	44	0	0
C11orf73__P1P2	8	0.98766	0.96824	1.0	843	1	0.68723	0.40108	0.042097	0.220042	182	0	0
DDRGK1__P1P2	8	0.98774	0.96832	1.0	844	1	0.37201	0.6619	0.27298	0.692822	378	0	0
ZNF740__P1P2	8	0.98854	0.9692	1.0	845	1	0.5077	0.46722	0.066571	0.281375	225	0	0
ZNF787__P1P2	8	0.98865	0.96941	1.0	846	1	0.62479	0.030541	4.9462e-06	5.1e-05	14	0	0
CAPG__P1	8	0.98886	0.96966	1.0	847	1	0.25747	0.63066	0.22212	0.611639	347	0	0
STRADA__P1P2	8	0.98966	0.97148	1.0	848	1	0.96244	0.24756	0.0085124	0.072032	106	0	0
ATP6V0E1__P1P2	8	0.99005	0.97195	1.0	849	1	0.24288	0.50278	0.086919	0.339338	242	0	0
MED13__P1P2	8	0.99038	0.97271	1.0	850	1	0.66114	0.042526	4.9462e-06	5.1e-05	18	0	0
TULP3__P2	8	0.99148	0.97479	1.0	851	1	0.94085	0.2398	0.0085124	0.072032	101	0	0
SOX2__P1P2	11	0.99209	0.98397	1.0	852	1	0.53999	0.45385	0.040771	0.217746	217	0	0
PLCG1__P1P2	8	0.99314	0.97988	1.0	853	1	0.6022	0.10128	4.9462e-06	5.1e-05	35	0	0
ASXL2__P1P2	8	0.99375	0.98179	1.0	854	1	0.63981	0.51299	0.094715	0.354124	252	0	0
TCF3__P1P2	8	0.99376	0.9818	1.0	855	1	0.5948	0.39896	0.037754	0.202746	181	0	0
NBPF14__148025047	8	0.99377	0.9818	1.0	856	1	0.12466	0.90639	0.80757	1.0	675	0	0
TFAP4__P1P2	8	0.99392	0.98215	1.0	857	1	0.2088	0.78466	0.50663	0.971296	505	0	0
CORIN__P1P2	8	0.99416	0.98254	1.0	858	1	0.28589	0.623	0.2051	0.576187	343	0	0
OCLN__68788394	8	0.99445	0.98363	1.0	859	1	0.1932	0.8033	0.5389	0.986533	527	0	0
H2AFX__P1P2	8	0.99471	0.98421	1.0	860	1	0.2534	0.67324	0.29943	0.738713	392	0	0
LSM12__P1P2	8	0.99509	0.98506	1.0	861	1	0.77902	0.21877	4.9462e-06	5.1e-05	94	0	0
TRIM28__P1P2	8	0.99513	0.98507	1.0	862	1	0.38492	0.46197	0.058419	0.25694	221	0	0
FAF1__P1P2	8	0.99513	0.98507	1.0	863	1	0.48049	0.46388	0.062574	0.27157	223	0	0
ATM__P1P2	8	0.99545	0.98596	1.0	864	1	0.57228	0.38346	0.03358	0.188667	170	0	0
TCTN2__P1P2	8	0.99649	0.99039	1.0	865	0	0.92935	0.31195	0.020987	0.151104	134	0	0
ELOF1__P1P2	8	0.99658	0.99068	1.0	866	0	0.59137	0.15116	4.9462e-06	5.1e-05	63	0	0
B4GALT7__P1P2	8	0.99707	0.99274	1.0	867	0	0.78063	0.14757	4.9462e-06	5.1e-05	59	0	0
TADA2B__P1P2	8	0.99709	0.99275	1.0	868	0	0.18642	0.020858	4.9462e-06	5.1e-05	9	0	0
USP48__P1P2	8	0.99733	0.99359	1.0	869	0	0.35479	0.5573	0.1425	0.467954	293	0	0
DCUN1D3__P1P2	8	0.99757	0.99456	1.0	870	0	0.71449	0.42286	0.04643	0.224526	198	0	0
EIF4B__P1P2	8	0.99767	0.99482	1.0	871	0	0.55612	0.29753	0.016773	0.127366	127	0	0
L3MBTL2__P1P2	8	0.99819	0.99632	1.0	872	0	0.57098	0.16394	4.9462e-06	5.1e-05	70	0	0
SND1__P1P2	8	0.99824	0.99661	1.0	873	0	0.20109	0.10728	4.9462e-06	5.1e-05	39	0	0
MBD6__P1P2	8	0.99839	0.99685	1.0	874	0	0.40561	0.68273	0.32143	0.773336	403	0	0
NIPBL__P1P2	8	0.99842	0.99698	1.0	875	0	0.83193	0.13238	4.9462e-06	5.1e-05	49	0	0
PATL1__P1P2	8	0.99855	0.99726	1.0	876	0	0.14363	0.93536	0.88592	1.0	722	0	0
KDM3A__P1P2	8	0.99864	0.99751	1.0	877	0	0.15008	0.75332	0.44391	0.905325	469	0	0
ZNF644__P1P2	8	0.99867	0.99764	1.0	878	0	0.55585	0.55365	0.13883	0.46057	290	0	0
MARCKS__P1P2	8	0.99874	0.9978	1.0	879	0	0.48485	0.5748	0.16851	0.526666	308	0	0
ATF7IP__P1	8	0.99876	0.99788	1.0	880	0	1.054	0.19108	4.9462e-06	5.1e-05	86	0	0
ARHGAP21__P1P2	8	0.9989	0.99833	1.0	881	0	0.99393	0.15044	4.9462e-06	5.1e-05	62	0	0
IFT46__P1P2	8	0.99894	0.99836	1.0	882	0	0.68424	0.22737	0.0041301	0.04024	99	0	0
ZDHHC17__P1P2	8	0.99899	0.99846	1.0	883	0	0.47415	0.5512	0.13883	0.46057	286	0	0
RALGAPA1__P1P2	8	0.9991	0.99873	1.0	884	0	0.54369	0.45763	0.058419	0.25694	220	0	0
PMAIP1__57567020	8	0.9991	0.99873	1.0	885	0	0.34538	1.8653e-07	4.9462e-06	5.1e-05	3	3	6.9007
CREBBP__P1P2	8	0.99914	0.99889	1.0	886	0	0.63017	0.014355	4.9462e-06	5.1e-05	8	1	5.5179
RASA2__P1P2	8	0.99914	0.99889	1.0	887	0	1.0685	0.22076	0.0041301	0.04024	96	0	0
RBM47__P1P2	8	0.99927	0.99903	1.0	888	0	0.34677	0.55851	0.14655	0.47962	294	0	0
KAT6A__P1P2	8	0.99929	0.99908	1.0	889	0	0.63678	0.14901	4.9462e-06	5.1e-05	61	0	0
GTF2I__74071821	8	0.99929	0.99909	1.0	890	0	0.38334	0.6116	0.19093	0.549058	334	0	0
UBE2M__P1P2	8	0.99941	0.99936	1.0	891	0	0.64813	0.11176	4.9462e-06	5.1e-05	42	0	0
AMOTL1__P1P2	8	0.99944	0.99938	1.0	892	0	0.61216	0.47807	0.070726	0.293783	232	0	0
GMPR2__P1P2	8	0.99946	0.99942	1.0	893	0	0.5922	0.20469	4.9462e-06	5.1e-05	90	0	0
DCUN1D1__P1P2	8	0.99948	0.99943	1.0	894	0	0.36876	0.71834	0.37468	0.829584	438	0	0
TTBK2__P1P2	8	0.99954	0.99949	1.0	895	0	0.60396	0.17517	4.9462e-06	5.1e-05	77	0	0
MED24__P1P2	8	0.99957	0.99953	1.0	896	0	0.5811	0.03615	4.9462e-06	5.1e-05	17	0	0
CHAMP1__P1P2	8	0.99962	0.99966	1.0	897	0	0.6309	0.39366	0.037754	0.202746	178	0	0
FZR1__P1P2	8	0.99964	0.99969	1.0	898	0	0.42773	0.64492	0.23906	0.631441	363	0	0
SHC1__P2	8	0.99969	0.99981	1.0	899	0	0.73907	0.40266	0.042097	0.220042	183	0	0
B3GAT3__P1P2	8	0.9997	0.99981	1.0	900	0	0.71598	0.19995	4.9462e-06	5.1e-05	89	0	0
ATXN2L__P1P2	8	0.99971	0.99983	1.0	901	0	1.0338	0.25333	0.0085223	0.072032	108	0	0
NF2__29999349	8	0.99972	0.99983	1.0	902	0	0.64983	0.010272	4.9462e-06	5.1e-05	7	1	5.8494
TCTN1__P1P2	8	0.99972	0.99983	1.0	903	0	0.78217	0.20873	4.9462e-06	5.1e-05	91	0	0
RTKN2__P1P2	8	0.99975	0.99987	1.0	904	0	0.29171	0.7427	0.42492	0.897899	457	0	0
PPM1F__P1P2	8	0.99976	0.99987	1.0	905	0	0.52662	0.60138	0.18357	0.545651	325	0	0
EXT1__P1P2	8	0.99976	0.99988	1.0	906	0	0.60667	0.14614	4.9462e-06	5.1e-05	57	0	0
CBLL1__P1P2	8	0.99977	0.99988	1.0	907	0	1.0228	0.19859	4.9462e-06	5.1e-05	88	0	0
PTPN14__P1P2	8	0.99977	0.99988	1.0	908	0	1.1294	0.17238	4.9462e-06	5.1e-05	73	0	0
IFT172__P1P2	8	0.99978	0.99989	1.0	909	0	1.1563	0.1447	4.9462e-06	5.1e-05	55	0	0
HRAS__P1	8	0.99982	0.99992	1.0	910	0	0.34656	0.76286	0.45731	0.905325	483	0	0
BPTF__P1P2	8	0.99983	0.99993	1.0	911	0	0.93001	0.25652	0.0085223	0.072032	111	0	0
GPR137__P1	8	0.99983	0.99993	1.0	912	0	0.95998	0.32259	0.029237	0.17229	137	0	0
ZIC2__P1P2	8	0.99984	0.99994	1.0	913	0	0.85913	0.11027	4.9462e-06	5.1e-05	40	0	0
CCNC__P1P2	8	0.99988	0.99997	1.0	914	0	0.99464	0.3377	0.029237	0.17229	148	0	0
FAM98A__P1P2	8	0.99988	0.99997	1.0	915	0	0.76003	0.33018	0.029237	0.17229	145	0	0
KLLN__P1P2	8	0.9999	0.99997	1.0	916	0	0.75391	0.40946	0.04642	0.224526	187	0	0
ZCCHC8__P1P2	8	0.9999	0.99997	1.0	917	0	0.53304	0.59243	0.17994	0.543165	319	0	0
BBC3__P1P2	8	0.99991	0.99997	1.0	918	0	0.19409	0.057522	4.9462e-06	5.1e-05	23	0	0
HDAC8__P1P2	8	0.99991	0.99998	1.0	919	0	1.0223	0.17308	4.9462e-06	5.1e-05	74	0	0
GAL__P1P2	8	0.99991	0.99998	1.0	920	0	0.59746	0.46579	0.062584	0.27157	224	0	0
DOCK2__P1P2	8	0.99992	0.99998	1.0	921	0	0.81025	0.39206	0.037744	0.202746	177	0	0
BRPF1__P1P2	8	0.99994	1.0	1.0	922	0	0.422	0.11324	4.9462e-06	5.1e-05	43	0	0
EHBP1__P1P2	8	0.99995	1.0	1.0	923	0	1.1664	0.17726	4.9462e-06	5.1e-05	78	0	0
KCTD10__P1P2	8	0.99995	1.0	1.0	924	0	0.86901	0.12506	4.9462e-06	5.1e-05	46	0	0
BCR__P1P2	8	0.99995	1.0	1.0	925	0	0.76651	0.18558	4.9462e-06	5.1e-05	82	0	0
PICALM__P1P2	8	0.99995	1.0	1.0	926	0	0.88929	0.32844	0.029237	0.17229	144	0	0
MED23__P1P2	8	0.99996	1.0	1.0	927	0	0.42176	0.12138	4.9462e-06	5.1e-05	45	0	0
FAM72A__ENST00000367128.3	8	0.99997	1.0	1.0	928	0	0.68882	0.4942	0.078719	0.321489	236	0	0
C11orf71__P1P2	8	0.99997	1.0	1.0	929	0	0.74344	0.24884	0.0085124	0.072032	107	0	0
INPP4A__P1P2	8	0.99999	1.0	1.0	930	0	0.54307	0.59394	0.18356	0.545651	320	0	0
CSPP1__P1P2	8	0.99999	1.0	1.0	931	0	1.0872	0.14542	4.9462e-06	5.1e-05	56	0	0
SUFU__104263513	8	0.99999	1.0	1.0	932	0	0.92446	9.6133e-11	4.9462e-06	5.1e-05	1	4	6.3715
KATNA1__P1P2	8	0.99999	1.0	1.0	933	0	1.2916	0.26033	0.0085223	0.072032	112	0	0
CACHD1__P1P2	8	0.99999	1.0	1.0	934	0	0.57964	0.5569	0.1425	0.467954	292	0	0
TRIP6__P1P2	8	0.99999	1.0	1.0	935	0	0.87586	0.38831	0.037744	0.202746	174	0	0
CCDC6__P1P2	8	1.0	1.0	1.0	936	0	0.38356	0.03455	4.9462e-06	5.1e-05	16	0	0
PPP1R16B__P1P2	8	1.0	1.0	1.0	937	0	0.55989	0.58599	0.17244	0.527077	313	0	0
SALL2__P1P2	8	1.0	1.0	1.0	938	0	0.89198	0.36926	0.029247	0.17229	164	0	0
SNRK__P1P2	8	1.0	1.0	1.0	939	0	0.81655	0.50098	0.086919	0.339338	240	0	0
PTBP3__P1P2	8	1.0	1.0	1.0	940	0	0.70694	0.52344	0.1036	0.374339	264	0	0
DOT1L__P1P2	8	1.0	1.0	1.0	941	0	0.66317	0.080781	4.9462e-06	5.1e-05	29	0	0
FAM179B__P1P2	8	1.0	1.0	1.0	942	0	1.1427	0.3261	0.029237	0.17229	141	0	0
MED16__P1P2	8	1.0	1.0	1.0	943	0	1.0375	0.18281	4.9462e-06	5.1e-05	81	0	0
ARAP3__P1P2	8	1.0	1.0	1.0	944	0	0.98671	0.34115	0.029237	0.17229	149	0	0
MNT__P1P2	8	1.0	1.0	1.0	945	0	1.1514	0.22275	0.0041301	0.04024	97	0	0
ZNF532__P1	8	1.0	1.0	1.0	946	0	1.0972	0.34686	0.029247	0.17229	151	0	0
FAM64A__P1P2	8	1.0	1.0	1.0	947	0	1.2028	0.2411	0.0085124	0.072032	102	0	0
RBM5__P1P2	8	1.0	1.0	1.0	948	0	1.1242	0.30717	0.020987	0.151104	131	0	0
GPR137__P2	8	1.0	1.0	1.0	949	0	0.9763	0.44346	0.05841	0.25694	211	0	0
BAD__P1P2	8	1.0	1.0	1.0	950	0	1.2404	0.30956	0.020987	0.151104	133	0	0
BTBD9__P1P2	8	1.0	1.0	1.0	951	0	1.0568	0.27852	0.016763	0.127366	118	0	0
USP28__P1P2	8	1.0	1.0	1.0	952	0	0.81846	0.055168	4.9462e-06	5.1e-05	22	0	0
PPFIBP1__P1P2	8	1.0	1.0	1.0	953	0	0.94822	0.45034	0.05841	0.25694	213	0	0
IBTK__P1	8	1.0	1.0	1.0	954	0	1.0558	0.40528	0.042107	0.220042	185	0	0
INPPL1__P1P2	8	1.0	1.0	1.0	955	0	1.1803	0.30657	0.020977	0.151104	130	0	0
ZNF90__P1P2	8	1.0	1.0	1.0	956	0	1.2419	0.31254	0.020987	0.151104	135	0	0
KIFAP3__P1P2	8	1.0	1.0	1.0	957	0	1.0561	0.10279	4.9462e-06	5.1e-05	37	0	0
SGK223__P1P2	8	1.0	1.0	1.0	958	0	1.1628	0.044115	4.9462e-06	5.1e-05	19	0	0
IFT52__P1P2	8	1.0	1.0	1.0	959	0	1.3706	0.14829	4.9462e-06	5.1e-05	60	0	0
IFT57__P1P2	8	1.0	1.0	1.0	960	0	1.548	0.16606	4.9462e-06	5.1e-05	71	0	0
KIRREL__P1P2	8	1.0	1.0	1.0	961	0	1.4323	0.21943	4.9462e-06	5.1e-05	95	0	0
SETDB1__P1P2	8	1.0	1.0	1.0	962	0	1.5249	0.089943	4.9462e-06	5.1e-05	32	0	0
MYO9B__P1P2	8	1.0	1.0	1.0	963	0	0	0.10053	4.9462e-06	5.1e-05	34	0	0
CTNND1__P1P2	8	1.0	1.0	1.0	964	0	0	0.1382	4.9462e-06	5.1e-05	51	0	0
TGFBR2__P1P2	8	1.0	1.0	1.0	965	0	0	0.065332	4.9462e-06	5.1e-05	25	0	0
TP53__P1P2	8	1.0	1.0	1.0	966	0	0	0.022477	4.9462e-06	5.1e-05	10	0	0
GPATCH8__P1P2	8	1.0	1.0	1.0	967	0	0	0.031344	4.9462e-06	5.1e-05	15	0	0
CYP51A1__P1P2	8	1.0	1.0	1.0	968	0	0	0.048075	4.9462e-06	5.1e-05	20	0	0
TP53BP1__P1	8	1.0	1.0	1.0	969	0	0	0.077709	4.9462e-06	5.1e-05	28	0	0
BAK1__33547269	8	1.0	1.0	1.0	970	0	0	2.2776e-07	4.9462e-06	5.1e-05	4	3	5.6322
SUPT20H__P1P2	8	1.0	1.0	1.0	971	0	0	5.8505e-10	4.9462e-06	5.1e-05	2	4	6.0512
