id	num	neg|score	neg|p-value	neg|fdr	neg|rank	neg|goodsgrna	neg|lfc	pos|score	pos|p-value	pos|fdr	pos|rank	pos|goodsgrna	pos|lfc
PIGY__P1P2	8	2.1784e-11	4.9462e-06	2.7e-05	1	8	-5.1948	1.0	1.0	1.0	968	0	0
ANAPC13__P1P2	8	9.787e-11	4.9462e-06	2.7e-05	2	8	-4.3026	1.0	1.0	1.0	971	0	0
NKRF__P1P2	8	5.8421e-10	4.9462e-06	2.7e-05	3	8	-3.5241	1.0	1.0	1.0	970	0	0
PAN2__P1P2	8	3.7577e-09	4.9462e-06	2.7e-05	4	8	-3.2268	1.0	1.0	1.0	969	0	0
PPM1G__P1	8	6.1789e-09	4.9462e-06	2.7e-05	5	8	-3.0275	1.0	1.0	1.0	967	0	0
MYSM1__P1P2	8	8.9309e-09	4.9462e-06	2.7e-05	6	8	-2.7497	1.0	1.0	1.0	966	0	0
PARL__P1P2	8	1.0455e-08	4.9462e-06	2.7e-05	7	8	-3.99	1.0	1.0	1.0	965	0	0
NDUFS8__P1P2	8	2.4464e-08	4.9462e-06	2.7e-05	8	7	-4.7771	1.0	1.0	1.0	956	0	0
FNBP4__P1P2	8	3.9756e-08	4.9462e-06	2.7e-05	9	6	-5.049	0.99999	1.0	1.0	941	0	0
AATF__P1P2	8	4.4069e-08	4.9462e-06	2.7e-05	10	8	-3.0181	1.0	1.0	1.0	964	0	0
MINOS1-NBL1__P1P2	8	5.2568e-08	4.9462e-06	2.7e-05	11	8	-2.9939	1.0	1.0	1.0	963	0	0
BTAF1__P1P2	8	5.6882e-08	4.9462e-06	2.7e-05	12	7	-4.1052	0.87329	0.79074	1.0	607	0	0
CDK2__P1P2	8	9.7058e-08	4.9462e-06	2.7e-05	13	8	-2.2117	1.0	1.0	1.0	962	0	0
AUNIP__P1P2	8	9.7588e-08	4.9462e-06	2.7e-05	14	7	-3.3934	0.9948	0.99931	1.0	845	0	0
CEP63__P1P2	8	1.2996e-07	4.9462e-06	2.7e-05	15	6	-5.6202	0.91704	0.8839	1.0	679	0	0
MBIP__P1P2	8	1.3351e-07	4.9462e-06	2.7e-05	16	5	-5.9442	0.69754	0.36973	0.894004	395	0	0
TMEM68__P1P2	8	1.3532e-07	4.9462e-06	2.7e-05	17	7	-4.1076	0.98864	0.99664	1.0	814	0	0
PRKDC__P1P2	8	1.62e-07	4.9462e-06	2.7e-05	18	7	-3.8675	0.99995	1.0	1.0	923	0	0
HUS1__P1P2	8	1.7783e-07	4.9462e-06	2.7e-05	19	6	-5.1045	0.99098	0.99779	1.0	824	0	0
BUB1__P1P2	8	2.0862e-07	4.9462e-06	2.7e-05	20	7	-3.0502	1.0	1.0	1.0	954	0	0
ILK__P1P2	8	3.0434e-07	4.9462e-06	2.7e-05	21	6	-4.159	0.99978	1.0	1.0	901	0	0
DBF4__P1P2	8	3.263e-07	4.9462e-06	2.7e-05	22	7	-3.3084	0.98756	0.99609	1.0	809	0	0
CSDE1__P1P2	8	4.1653e-07	4.9462e-06	2.7e-05	23	7	-3.0238	0.99888	1.0	1.0	879	0	0
PDSS1__P1P2	11	4.1921e-07	4.9462e-06	2.7e-05	24	8	-3.6022	1.0	1.0	1.0	958	0	0
RPL9__P1P2	8	7.0137e-07	4.9462e-06	2.7e-05	25	7	-2.822	0.99989	1.0	1.0	907	0	0
WDR89__P1P2	8	1.138e-06	4.9462e-06	2.7e-05	26	7	-3.8123	0.99995	1.0	1.0	924	0	0
UBE2C__P1P2	8	1.7767e-06	4.9462e-06	2.7e-05	27	7	-3.4286	0.96916	0.97857	1.0	770	0	0
RPS13__P1P2	8	1.8216e-06	4.9462e-06	2.7e-05	28	7	-2.5765	0.99998	1.0	1.0	933	0	0
MDM2__P1P2	8	3.1567e-06	4.9462e-06	2.7e-05	29	7	-2.9516	0.96872	0.97821	1.0	769	0	0
FDX1__P1P2	8	3.6179e-06	4.9462e-06	2.7e-05	30	7	-2.6064	0.99993	1.0	1.0	917	0	0
SMARCC1__P1P2	8	3.6794e-06	4.9462e-06	2.7e-05	31	7	-4.1335	0.98692	0.99568	1.0	805	0	0
PDS5B__P1P2	8	4.274e-06	4.9462e-06	2.7e-05	32	7	-2.1145	1.0	1.0	1.0	961	0	0
MAD2L1BP__P1P2	8	4.4896e-06	4.9462e-06	2.7e-05	33	7	-3.0651	1.0	1.0	1.0	959	0	0
MLF1IP__P1P2	8	4.5141e-06	4.9462e-06	2.7e-05	34	7	-2.0147	1.0	1.0	1.0	960	0	0
RNF8__P1P2	8	4.753e-06	4.9462e-06	2.7e-05	35	6	-3.7198	1.0	1.0	1.0	949	0	0
NRBP1__P1P2	8	4.9752e-06	4.9462e-06	2.7e-05	36	7	-3.0034	0.90691	0.86694	1.0	660	0	0
SPTLC2__P1P2	8	5.0558e-06	4.9462e-06	2.7e-05	37	7	-2.354	1.0	1.0	1.0	945	0	0
NDUFAF6__P1P2	8	5.4379e-06	4.9462e-06	2.7e-05	38	6	-4.4741	0.99999	1.0	1.0	942	0	0
DCP2__P1P2	8	6.6735e-06	4.9462e-06	2.7e-05	39	6	-4.4132	0.99999	1.0	1.0	936	0	0
VWA9__P1P2	8	6.6952e-06	4.9462e-06	2.7e-05	40	5	-4.3943	0.9917	0.99803	1.0	827	0	0
C1QTNF9B-AS1__P1P2	8	7.4267e-06	4.9462e-06	2.7e-05	41	6	-4.1727	0.69199	0.35824	0.892862	387	0	0
PMVK__P1P2	8	1.7433e-05	4.9462e-06	2.7e-05	42	6	-4.0344	1.0	1.0	1.0	953	0	0
LIAS__P1P2	8	1.8713e-05	4.9462e-06	2.7e-05	43	6	-3.231	0.99236	0.99834	1.0	830	0	0
DROSHA__31531421	8	2.2909e-05	4.9462e-06	2.7e-05	44	6	-3.4625	0.91056	0.87195	1.0	663	0	0
ORC5__P1P2	8	2.5727e-05	4.9462e-06	2.7e-05	45	5	-5.5374	0.78808	0.56839	1.0	502	0	0
CDC26__P1P2	8	2.7859e-05	4.9462e-06	2.7e-05	46	5	-4.4816	0.99879	1.0	1.0	877	0	0
KIAA0020__P1	8	2.8898e-05	4.9462e-06	2.7e-05	47	6	-4.151	0.99942	1.0	1.0	892	0	0
GPI__P1P2	8	3.1604e-05	4.9462e-06	2.7e-05	48	6	-2.3681	1.0	1.0	1.0	952	0	0
NABP2__P1	8	3.1785e-05	4.9462e-06	2.7e-05	49	6	-2.634	0.99993	1.0	1.0	916	0	0
TIMM17B__P1P2	8	3.1965e-05	4.9462e-06	2.7e-05	50	6	-3.2583	0.98409	0.99363	1.0	798	0	0
ANKRA2__P1P2	8	3.3767e-05	4.9462e-06	2.7e-05	51	5	-3.8839	0.92133	0.8958	1.0	690	0	0
C1D__P1P2	8	3.993e-05	4.9462e-06	2.7e-05	52	6	-2.7675	0.83723	0.69254	1.0	561	0	0
MOSPD2__P1P2	8	4.3075e-05	4.9462e-06	2.7e-05	53	6	-3.6844	0.99814	0.99998	1.0	869	0	0
RBM34__P1P2	8	4.5686e-05	4.9462e-06	2.7e-05	54	6	-3.0968	0.86393	0.7699	1.0	592	0	0
IPO7__P1P2	8	5.1566e-05	4.9462e-06	2.7e-05	55	6	-3.12	1.0	1.0	1.0	946	0	0
CHTF18__P1P2	8	5.1642e-05	4.9462e-06	2.7e-05	56	6	-3.8306	0.99994	1.0	1.0	918	0	0
CMC1__P1P2	8	5.3751e-05	4.9462e-06	2.7e-05	57	6	-3.1277	0.99991	1.0	1.0	912	0	0
MDM4__P1P2	8	5.63e-05	4.9462e-06	2.7e-05	58	6	-2.7327	0.67324	0.30354	0.791001	369	0	0
DNMT1__P1P2	8	5.8315e-05	4.9462e-06	2.7e-05	59	3	-5.7831	0.69463	0.36701	0.894004	391	0	0
SREK1IP1__P1P2	8	6.1075e-05	4.9462e-06	2.7e-05	60	6	-2.9106	0.95284	0.95874	1.0	736	0	0
RPL36A__P1P2	8	6.3584e-05	4.9462e-06	2.7e-05	61	6	-3.6511	0.99984	1.0	1.0	903	0	0
TRIP13__P1P2	8	6.4704e-05	4.9462e-06	2.7e-05	62	5	-4.1507	0.914	0.87911	1.0	673	0	0
DNAJC2__P1P2	8	6.5185e-05	4.9462e-06	2.7e-05	63	6	-3.2659	0.89842	0.85186	1.0	647	0	0
FECH__P1P2	8	6.5521e-05	4.9462e-06	2.7e-05	64	6	-3.3339	0.78141	0.55792	1.0	495	0	0
SMN2__69345238	8	6.5672e-05	4.9462e-06	2.7e-05	65	5	-4.7111	0.84977	0.72833	1.0	578	0	0
UQCRC2__P1P2	11	6.7663e-05	4.9462e-06	2.7e-05	66	7	-3.2672	0.99216	0.99548	1.0	829	0	0
RAD9A__P1P2	8	8.0378e-05	4.9462e-06	2.7e-05	67	5	-4.4033	0.3559	0.012934	0.076253	155	0	0
DDX10__P1P2	8	8.1642e-05	4.9462e-06	2.7e-05	68	6	-2.7998	0.99969	1.0	1.0	898	0	0
NXT1__P1P2	8	8.443e-05	4.9462e-06	2.7e-05	69	5	-3.6292	0.9999	1.0	1.0	908	0	0
NUTF2__P1P2	8	8.6215e-05	4.9462e-06	2.7e-05	70	5	-3.8034	0.99367	0.99905	1.0	841	0	0
MTF1__P1P2	8	9.278e-05	4.9462e-06	2.7e-05	71	6	-2.5317	0.92645	0.90849	1.0	697	0	0
COG6__P1P2	8	9.4091e-05	4.9462e-06	2.7e-05	72	6	-2.3622	0.98049	0.99053	1.0	795	0	0
EAF1__P1P2	8	0.00011154	4.9462e-06	2.7e-05	73	6	-2.7991	0.99999	1.0	1.0	943	0	0
SIN3B__P1P2	8	0.00011205	4.9462e-06	2.7e-05	74	6	-2.5539	0.83417	0.67976	1.0	559	0	0
INTS10__P1P2	8	0.00011222	4.9462e-06	2.7e-05	75	5	-3.8652	0.96943	0.97896	1.0	771	0	0
DUSP12__P1P2	8	0.00014222	4.9462e-06	2.7e-05	76	5	-3.0806	0.78893	0.57027	1.0	503	0	0
HMBS__P1	8	0.00015716	4.9462e-06	2.7e-05	77	5	-4.4014	0.53708	0.094398	0.343651	263	0	0
MKI67__P1P2	8	0.00019686	4.9462e-06	2.7e-05	78	5	-3.1548	1.0	1.0	1.0	950	0	0
LIMS1__P1P2	8	0.00020617	4.9462e-06	2.7e-05	79	5	-2.8377	0.99999	1.0	1.0	938	0	0
NRF1__P1P2	8	0.00022555	4.9462e-06	2.7e-05	80	5	-3.333	0.41465	0.025329	0.135276	181	0	0
MIEF1__P1P2	8	0.00023901	4.9462e-06	2.7e-05	81	4	-5.154	0.99998	1.0	1.0	931	0	0
ZRSR2__P1P2	8	0.00025237	4.9462e-06	2.7e-05	82	3	-5.0505	0.9939	0.99908	1.0	842	0	0
CENPF__P1P2	8	0.0003048	4.9462e-06	2.7e-05	83	5	-3.2913	0.99996	1.0	1.0	927	0	0
CCDC130__P1	8	0.00031954	4.9462e-06	2.7e-05	84	5	-2.867	0.99916	1.0	1.0	888	0	0
RPS14__P1P2	8	0.00034356	4.9462e-06	2.7e-05	85	5	-2.6318	0.99999	1.0	1.0	944	0	0
TIMM10__P1P2	8	0.00041973	4.9462e-06	2.7e-05	86	3	-4.7725	0.93751	0.92979	1.0	710	0	0
KAT5__P1P2	8	0.00043039	4.9462e-06	2.7e-05	87	5	-3.0974	0.88547	0.81625	1.0	628	0	0
U2SURP__P1P2	8	0.00047404	4.9462e-06	2.7e-05	88	5	-3.6487	0.92292	0.89822	1.0	694	0	0
CHERP__P1P2	8	0.00052915	4.9462e-06	2.7e-05	89	4	-5.0418	0.75574	0.49539	1.0	465	0	0
POLR1B__P1P2	8	0.00060094	4.9462e-06	2.7e-05	90	5	-2.887	0.99985	1.0	1.0	904	0	0
H2AFZ__P1P2	8	0.00062582	4.9462e-06	2.7e-05	91	5	-2.8488	0.99998	1.0	1.0	930	0	0
NFYB__P1P2	8	0.00065961	4.9462e-06	2.7e-05	92	3	-4.9871	0.96509	0.97375	1.0	766	0	0
WDR48__P1P2	8	0.00071455	4.9462e-06	2.7e-05	93	5	-3.5325	0.9989	1.0	1.0	880	0	0
DCLRE1B__P1P2	8	0.00074618	4.9462e-06	2.7e-05	94	5	-2.3739	0.99692	0.99986	1.0	854	0	0
CNOT3__P1P2	8	0.0007741	4.9462e-06	2.7e-05	95	3	-4.9216	0.99789	0.99996	1.0	867	0	0
BCKDHA__P1	8	0.00077889	4.9462e-06	2.7e-05	96	5	-3.0546	0.92745	0.91011	1.0	699	0	0
EMC1__P1P2	8	0.00081635	4.9462e-06	2.7e-05	97	5	-2.9524	0.94581	0.94675	1.0	723	0	0
PARN__P1P2	11	0.00082134	4.9462e-06	2.7e-05	98	6	-2.197	0.89733	0.74102	1.0	645	0	0
NAA15__P1P2	8	0.0008971	4.9462e-06	2.7e-05	99	4	-3.5064	0.98478	0.99414	1.0	800	0	0
RNF168__P1P2	8	0.00090961	4.9462e-06	2.7e-05	100	5	-2.4459	0.97885	0.98911	1.0	790	0	0
NPLOC4__P1P2	8	0.00097901	4.9462e-06	2.7e-05	101	5	-2.9409	0.91332	0.87773	1.0	672	0	0
COL4A3BP__P1P2	8	0.0010234	4.9462e-06	2.7e-05	102	5	-2.734	0.99998	1.0	1.0	935	0	0
NAA30__P1P2	8	0.0010864	4.9462e-06	2.7e-05	103	5	-3.5312	0.98886	0.99673	1.0	818	0	0
UBA3__P1P2	8	0.0012376	4.9462e-06	2.7e-05	104	3	-5.601	0.34458	0.012934	0.076253	152	0	0
ANKRD49__P1P2	8	0.0012499	4.9462e-06	2.7e-05	105	4	-3.5164	0.93453	0.92319	1.0	709	0	0
CTDSPL2__P1P2	8	0.0013431	4.9462e-06	2.7e-05	106	5	-3.4462	0.99916	1.0	1.0	887	0	0
TLN1__P1P2	8	0.0013635	4.9462e-06	2.7e-05	107	5	-2.1281	1.0	1.0	1.0	955	0	0
BRAP__P1P2	8	0.001384	4.9462e-06	2.7e-05	108	5	-2.6704	0.98859	0.99663	1.0	813	0	0
PFDN1__P1P2	8	0.0014525	4.9462e-06	2.7e-05	109	5	-2.5937	0.99775	0.99995	1.0	863	0	0
UNC45A__P1	8	0.0014741	4.9462e-06	2.7e-05	110	5	-3.1713	0.8799	0.8022	1.0	618	0	0
RRNAD1__P1P2	8	0.001546	4.9462e-06	2.7e-05	111	5	-3.4631	0.61662	0.19954	0.594989	318	0	0
RPL34__P1P2	8	0.0016031	4.9462e-06	2.7e-05	112	5	-2.7994	1.0	1.0	1.0	957	0	0
FKBPL__P1P2	8	0.0016381	4.9462e-06	2.7e-05	113	5	-3.0746	0.88448	0.81323	1.0	625	0	0
USMG5__P1P2	8	0.0016618	4.9462e-06	2.7e-05	114	5	-2.9531	0.96026	0.96662	1.0	755	0	0
GTF3C4__P1P2	8	0.0017281	4.9462e-06	2.7e-05	115	4	-3.9054	0.97952	0.98958	1.0	791	0	0
C7orf26__P1P2	8	0.0021426	4.9462e-06	2.7e-05	116	4	-4.5733	0.99997	1.0	1.0	928	0	0
SMARCAL1__P1P2	8	0.002174	4.9462e-06	2.7e-05	117	4	-3.206	0.82143	0.65801	1.0	542	0	0
PRPF40A__P1P2	8	0.0022541	4.9462e-06	2.7e-05	118	4	-3.8609	0.97256	0.9826	1.0	778	0	0
CCDC12__P1	8	0.0023245	4.9462e-06	2.7e-05	119	4	-3.7993	0.6751	0.31	0.803551	372	0	0
MRRF__P1P2	8	0.0026961	4.9462e-06	2.7e-05	120	4	-3.7545	0.7567	0.50025	1.0	467	0	0
ASUN__P1P2	8	0.0028204	4.9462e-06	2.7e-05	121	4	-3.6652	0.82307	0.65802	1.0	545	0	0
IMMT__P1P2	8	0.0028856	4.9462e-06	2.7e-05	122	3	-4.9436	0.99168	0.99803	1.0	826	0	0
SUB1__P1	8	0.0028969	4.9462e-06	2.7e-05	123	4	-2.8658	0.51606	0.082399	0.314121	245	0	0
ACLY__P1P2	8	0.0031625	4.9462e-06	2.7e-05	124	4	-3.0533	0.33885	0.0086212	0.055865	149	0	0
WDR82__P1P2	8	0.0031768	4.9462e-06	2.7e-05	125	3	-4.0434	0.71118	0.40133	0.93772	414	0	0
NAE1__P1P2	8	0.0034166	4.9462e-06	2.7e-05	126	3	-5.2157	0.45956	0.037972	0.176596	207	0	0
OBFC1__P1P2	8	0.0034593	4.9462e-06	2.7e-05	127	4	-3.0418	0.96967	0.97928	1.0	772	0	0
FDXR__P1P2	11	0.003479	4.9462e-06	2.7e-05	128	5	-3.6566	0.87992	0.68078	1.0	619	0	0
CMC2__P1P2	8	0.0035774	4.9462e-06	2.7e-05	129	4	-3.4862	0.68122	0.32205	0.821611	379	0	0
DPF2__P1	8	0.0038535	4.9462e-06	2.7e-05	130	4	-2.6326	0.8374	0.69255	1.0	562	0	0
ZAR1L__P1P2	8	0.00454	4.9462e-06	2.7e-05	131	3	-4.1703	0.25588	0.0086113	0.055865	105	0	0
USP1__P1P2	8	0.0046086	4.9462e-06	2.7e-05	132	4	-3.0634	0.99895	1.0	1.0	882	0	0
TAF11__P1P2	8	0.0047347	4.9462e-06	2.7e-05	133	4	-2.976	0.99839	0.99999	1.0	873	0	0
ANKRD17__P1P2	8	0.0051854	4.9462e-06	2.7e-05	134	4	-2.5471	1.0	1.0	1.0	948	0	0
HUWE1__P1P2	8	0.0053608	4.9462e-06	2.7e-05	135	4	-3.0608	0.93437	0.92319	1.0	708	0	0
PAN3__P1P2	8	0.0054818	4.9462e-06	2.7e-05	136	4	-2.6393	0.74446	0.47842	1.0	454	0	0
VPS51__P1P2	8	0.0060232	4.9462e-06	2.7e-05	137	4	-2.1305	0.84756	0.72035	1.0	576	0	0
HEATR3__P1P2	8	0.006197	4.9462e-06	2.7e-05	138	4	-3.5089	0.18833	0.0044862	0.044496	83	0	0
TAF3__P1P2	8	0.0062631	4.9462e-06	2.7e-05	139	4	-2.6388	0.95616	0.96295	1.0	748	0	0
ATPAF2__P1P2	8	0.0065095	4.9462e-06	2.7e-05	140	4	-2.966	0.8011	0.59596	1.0	520	0	0
BMS1__P1P2	8	0.0065779	4.9462e-06	2.7e-05	141	4	-2.4444	0.9946	0.99927	1.0	844	0	0
FAM178A__P1P2	8	0.0066008	4.9462e-06	2.7e-05	142	4	-2.8649	0.65416	0.25816	0.706839	353	0	0
DCPS__P1P2	8	0.0069747	4.9462e-06	2.7e-05	143	4	-2.6217	0.98961	0.99694	1.0	821	0	0
ABCB10__P1P2	8	0.0069953	4.9462e-06	2.7e-05	144	1	-7.732	0.58866	0.14791	0.476073	299	0	0
ARHGAP4__P1	8	0.0069985	4.9462e-06	2.7e-05	145	4	-2.8284	0.8927	0.83646	1.0	639	0	0
RBM14-RBM4__P2	8	0.0075375	4.9462e-06	2.7e-05	146	4	-2.8144	0.99897	1.0	1.0	883	0	0
PPP4R2__P1P2	8	0.007766	4.9462e-06	2.7e-05	147	4	-2.127	0.99979	1.0	1.0	902	0	0
TAF6__P1P2	8	0.0096706	4.9462e-06	2.7e-05	148	4	-3.3333	0.94404	0.94349	1.0	721	0	0
ZBTB4__P1	8	0.010073	4.9462e-06	2.7e-05	149	4	-2.7803	0.9936	0.99902	1.0	840	0	0
CWC27__P1P2	8	0.010165	4.9462e-06	2.7e-05	150	4	-2.5427	0.95727	0.96387	1.0	751	0	0
NPM1__P1P2	8	0.010414	4.9462e-06	2.7e-05	151	4	-3.0244	0.84961	0.72833	1.0	577	0	0
KDM5A__P1P2	8	0.010603	4.9462e-06	2.7e-05	152	4	-2.3991	0.99882	1.0	1.0	878	0	0
RPS8__P1P2	8	0.010795	4.9462e-06	2.7e-05	153	4	-2.1661	0.9176	0.88529	1.0	680	0	0
CPNE1__P1P2	8	0.010989	4.9462e-06	2.7e-05	154	4	-2.3479	0.54584	0.098187	0.34454	272	0	0
NUP188__P1P2	8	0.011087	4.9462e-06	2.7e-05	155	4	-2.0337	0.79499	0.58002	1.0	511	0	0
PPME1__P1P2	8	0.011153	4.9462e-06	2.7e-05	156	4	-2.1796	0.98758	0.99609	1.0	810	0	0
ENY2__P1P2	8	0.011209	4.9462e-06	2.7e-05	157	3	-3.2533	0.85381	0.74048	1.0	581	0	0
ABHD16A__P1P2	8	0.011318	4.9462e-06	2.7e-05	158	4	-2.1717	0.99994	1.0	1.0	920	0	0
GTF2H2__ENST00000274400.5_ENST00000330280.7	8	0.011385	4.9462e-06	2.7e-05	159	4	-3.0732	0.78509	0.56252	1.0	500	0	0
GHITM__P1P2	8	0.012135	4.9462e-06	2.7e-05	160	4	-1.9825	1.0	1.0	1.0	951	0	0
TMEM258__P1P2	8	0.012558	4.9462e-06	2.7e-05	161	4	-2.599	0.95458	0.96027	1.0	742	0	0
PTK2__P1P2	8	0.012737	4.9462e-06	2.7e-05	162	4	-2.9734	0.99961	1.0	1.0	893	0	0
PPP2R5C__P1P2	8	0.012845	4.9462e-06	2.7e-05	163	4	-1.8534	0.97024	0.98009	1.0	774	0	0
CFDP1__P1	8	0.01289	4.9462e-06	2.7e-05	164	3	-3.6186	0.87234	0.78833	1.0	605	0	0
DICER1__P1P2	8	0.012954	4.9462e-06	2.7e-05	165	4	-1.7387	0.59693	0.15139	0.479313	304	0	0
RPL14__P1P2	8	0.013359	4.9462e-06	2.7e-05	166	4	-2.4342	0.79868	0.58837	1.0	518	0	0
FLII__18161284	8	0.013583	4.9462e-06	2.7e-05	167	4	-3.054	0.87097	0.78509	1.0	602	0	0
TINF2__P1P2	8	0.01418	4.9462e-06	2.7e-05	168	3	-3.8683	0.7925	0.57808	1.0	509	0	0
XRCC1__P1P2	11	0.01448	4.9462e-06	2.7e-05	169	3	-4.4857	0.99836	0.9997	1.0	872	0	0
NEDD8-MDP1__P1P2	8	0.016232	4.9462e-06	2.7e-05	170	2	-4.5705	0.20671	0.0044862	0.044496	90	0	0
TACC3__P1	8	0.018308	4.9462e-06	2.7e-05	171	3	-2.9571	0.83503	0.68126	1.0	560	0	0
NDC1__P1P2	8	0.020321	4.9462e-06	2.7e-05	172	3	-3.1444	0.93361	0.92318	1.0	705	0	0
RPS11__P1P2	8	0.020605	4.9462e-06	2.7e-05	173	3	-3.7396	0.93966	0.93454	1.0	714	0	0
RBX1__P1P2	8	0.021337	4.9462e-06	2.7e-05	174	3	-3.6563	0.82808	0.66851	1.0	554	0	0
SMG7__P1P2	8	0.022457	4.9462e-06	2.7e-05	175	3	-3.7461	0.99737	0.99989	1.0	859	0	0
CCDC137__P1P2	8	0.022742	4.9462e-06	2.7e-05	176	3	-3.5335	0.89696	0.84781	1.0	644	0	0
HSPA14__P1P2	8	0.023223	4.9462e-06	2.7e-05	177	3	-2.6438	0.83757	0.69255	1.0	563	0	0
KDM4A__P1P2	8	0.02369	4.9462e-06	2.7e-05	178	3	-2.5602	0.95621	0.96295	1.0	749	0	0
NSDHL__P1P2	8	0.024479	1.4839e-05	8e-05	179	3	-3.2304	0.99568	0.99964	1.0	849	0	0
RAD17__P1P2	8	0.025579	1.4839e-05	8e-05	180	2	-4.6518	0.51431	0.074485	0.291932	244	0	0
DDX31__P1P2	8	0.027602	2.4731e-05	0.000111	181	3	-3.1425	0.92397	0.90135	1.0	696	0	0
C8orf59__P1P2	8	0.027959	2.4731e-05	0.000111	182	3	-2.723	0.71368	0.40988	0.950856	416	0	0
SAE1__P1P2	8	0.028128	2.4731e-05	0.000111	183	2	-4.3912	0.98006	0.99002	1.0	794	0	0
TAF9__P1P2	8	0.028131	2.4731e-05	0.000111	184	3	-2.8121	0.94085	0.93635	1.0	716	0	0
RASAL2__P1P2	8	0.032146	2.4731e-05	0.000111	185	1	-5.9268	0.41361	0.021155	0.113605	180	0	0
GTF3A__P1P2	8	0.033869	2.4731e-05	0.000111	186	3	-2.6289	0.30297	0.0086212	0.055865	126	0	0
SLC25A46__P1P2	8	0.035031	2.4731e-05	0.000111	187	3	-2.5088	0.62893	0.21344	0.624899	330	0	0
XPC__P1	8	0.035718	2.4731e-05	0.000111	188	3	-3.0566	0.88938	0.82482	1.0	635	0	0
ACTR8__P1P2	8	0.036115	2.4731e-05	0.000111	189	3	-3.3693	0.7197	0.42383	0.976224	421	0	0
MGEA5__P1P2	8	0.037116	2.4731e-05	0.000111	190	3	-2.3473	0.90333	0.86096	1.0	657	0	0
KAT2A__P1P2	8	0.037318	2.4731e-05	0.000111	191	3	-2.598	0.81977	0.65255	1.0	541	0	0
RBM7__P1P2	8	0.037748	2.4731e-05	0.000111	192	1	-5.8615	0.2723	0.0086113	0.055865	113	0	0
FAM122A__P1P2	8	0.038338	2.4731e-05	0.000111	193	3	-2.2713	0.89886	0.85254	1.0	648	0	0
RPL28__P1P2	8	0.038441	2.4731e-05	0.000111	194	3	-2.5101	0.81131	0.62872	1.0	531	0	0
UHRF1__P1P2	8	0.04014	2.4731e-05	0.000111	195	1	-5.845	0.9991	1.0	1.0	886	0	0
CHCHD3__P1P2	8	0.040423	2.4731e-05	0.000111	196	3	-2.9792	0.80685	0.61759	1.0	525	0	0
CYLD__P1P2	8	0.040936	2.4731e-05	0.000111	197	2	-3.9849	0.83941	0.69848	1.0	565	0	0
PNKP__P1P2	8	0.042243	2.4731e-05	0.000111	198	3	-2.6833	0.8769	0.79727	1.0	613	0	0
UBR5__P1P2	8	0.045338	2.4731e-05	0.000111	199	3	-2.3237	0.49101	0.058617	0.240445	229	0	0
MUT__P1P2	11	0.046025	4.9462e-06	2.7e-05	200	4	-1.6756	0.98402	0.98573	1.0	797	0	0
PALB2__P1P2	8	0.047045	2.4731e-05	0.000111	201	3	-2.4589	0.48087	0.046301	0.205501	219	0	0
PRKRIR__P1P2	8	0.049185	2.4731e-05	0.000111	202	2	-3.7055	0.57946	0.13663	0.447148	293	0	0
ARID1A__P1P2	8	0.050322	2.4731e-05	0.000111	203	3	-2.2474	0.95419	0.96007	1.0	740	0	0
GNB2L1__P1P2	8	0.050594	2.4731e-05	0.000111	204	2	-4.2984	0.74068	0.4733	1.0	447	0	0
SLC25A33__P1P2	8	0.052736	2.4731e-05	0.000111	205	3	-1.9764	0.99295	0.99861	1.0	835	0	0
HELLS__P1P2	8	0.052858	2.4731e-05	0.000111	206	3	-1.9476	0.7145	0.40989	0.950856	418	0	0
HMGCR__P1P2	8	0.054382	2.4731e-05	0.000111	207	1	-5.5839	0.78914	0.57028	1.0	504	0	0
MAPRE1__P1P2	8	0.055336	2.4731e-05	0.000111	208	3	-2.1788	0.87165	0.78712	1.0	604	0	0
SDF2__P1P2	8	0.056387	2.4731e-05	0.000111	209	3	-2.8937	0.68031	0.31914	0.816334	378	0	0
MMAB__P1P2	8	0.061659	2.4731e-05	0.000111	210	3	-1.9451	0.99994	1.0	1.0	921	0	0
SEC62__P1P2	8	0.061925	2.4731e-05	0.000111	211	3	-2.5976	0.99992	1.0	1.0	913	0	0
BRMS1__P1P2	8	0.062458	2.4731e-05	0.000111	212	3	-2.0279	0.9561	0.96295	1.0	747	0	0
IPO5__P1P2	8	0.063738	2.4731e-05	0.000111	213	2	-4.0271	0.95578	0.96205	1.0	745	0	0
WDR70__P1P2	8	0.067538	2.4731e-05	0.000111	214	2	-3.837	0.97871	0.98905	1.0	789	0	0
DOCK1__P1P2	8	0.069043	2.4731e-05	0.000111	215	3	-2.4332	0.88272	0.8105	1.0	624	0	0
PPP2CA__P1P2	8	0.069215	2.4731e-05	0.000111	216	2	-4.0915	0.98264	0.99264	1.0	796	0	0
TAF4__P1P2	8	0.070884	2.4731e-05	0.000111	217	3	-2.1597	0.98902	0.99677	1.0	819	0	0
MAGOHB__P1P2	8	0.072174	3.4623e-05	0.000141	218	3	-1.9979	0.74194	0.47574	1.0	448	0	0
ZFC3H1__P1P2	8	0.072462	3.4623e-05	0.000141	219	3	-1.7729	0.97755	0.98785	1.0	784	0	0
RIF1__P1P2	8	0.072895	3.4623e-05	0.000141	220	3	-2.5815	0.87729	0.79728	1.0	616	0	0
METTL15__P2	8	0.073766	3.4623e-05	0.000141	221	3	-2.0981	0.99999	1.0	1.0	937	0	0
SMN1__70220656	8	0.073857	3.4623e-05	0.000141	222	1	-5.2206	0.73402	0.46062	1.0	438	0	0
PLEKHH2__P1P2	8	0.074057	3.4623e-05	0.000141	223	3	-2.2763	0.86593	0.77459	1.0	594	0	0
POLG__P1P2	8	0.075377	3.4623e-05	0.000141	224	2	-3.1345	0.97848	0.98874	1.0	788	0	0
UBE2S__P1P2	8	0.078048	3.4623e-05	0.000141	225	3	-2.0267	0.63513	0.22753	0.650467	335	0	0
ISCA1__P1P2	8	0.078197	3.4623e-05	0.000141	226	3	-2.9334	0.96171	0.96935	1.0	759	0	0
GTF3C2__P1P2	8	0.078217	3.4623e-05	0.000141	227	2	-3.6244	0.97502	0.98482	1.0	782	0	0
NSMCE4A__P1P2	8	0.078648	3.4623e-05	0.000141	228	3	-1.8867	0.89117	0.83219	1.0	637	0	0
GPR89B__147400326	8	0.080014	3.4623e-05	0.000141	229	1	-5.1446	0.4518	0.034153	0.163533	201	0	0
FAM107A__P1P2	8	0.083079	3.4623e-05	0.000141	230	1	-5.0794	0.47854	0.046301	0.205501	218	0	0
GPR89A__ENST00000313835.9	8	0.08425	3.4623e-05	0.000141	231	2	-3.5483	0.86536	0.77342	1.0	593	0	0
AKAP3__P1	8	0.085229	3.4623e-05	0.000141	232	2	-3.4019	0.95128	0.95575	1.0	732	0	0
PDIA4__P1P2	8	0.092221	3.4623e-05	0.000141	233	1	-5.0107	0.88221	0.80946	1.0	622	0	0
MEX3A__P1P2	8	0.093964	3.4623e-05	0.000141	234	2	-2.8766	0.86861	0.7807	1.0	598	0	0
TRIM52__P1P2	8	0.099778	3.4623e-05	0.000141	235	1	-4.9427	0.74991	0.48593	1.0	456	0	0
SAMD1__P1P2	8	0.10053	3.4623e-05	0.000141	236	2	-3.6308	0.69985	0.36974	0.894004	400	0	0
FAM60A__P1P2	8	0.10141	3.4623e-05	0.000141	237	2	-2.8601	0.68273	0.32522	0.823205	382	0	0
RNPS1__P1P2	8	0.10639	3.4623e-05	0.000141	238	2	-2.8926	0.95307	0.95901	1.0	738	0	0
CSNK1A1__P1P2	8	0.10851	3.4623e-05	0.000141	239	2	-2.7172	0.79083	0.57613	1.0	507	0	0
MCM7__P1P2	8	0.11917	7.4193e-05	0.000299	240	2	-3.3663	0.79417	0.58001	1.0	510	0	0
PFDN4__P1P2	8	0.12065	8.4085e-05	0.000336	241	1	-4.7652	0.77275	0.53392	1.0	483	0	0
PPIL1__P1P2	8	0.12094	8.4085e-05	0.000336	242	2	-2.8377	0.64592	0.2478	0.690172	346	0	0
RAD21__P1P2	8	0.12946	0.00011376	0.000448	243	1	-4.6789	0.78936	0.57028	1.0	505	0	0
EIF3F__P1P2	11	0.13164	6.43e-05	0.00026	244	2	-3.5956	0.95038	0.90741	1.0	730	0	0
C6orf47__P1P2	8	0.13311	0.00011376	0.000448	245	1	-4.6471	0.91176	0.87475	1.0	665	0	0
ATRIP__P1P2	8	0.13602	0.00011376	0.000448	246	1	-4.6294	0.21677	0.0044862	0.044496	95	0	0
TMEM86A__P1P2	8	0.13964	0.00011376	0.000448	247	1	-4.5719	0.50233	0.07035	0.27688	237	0	0
SGK3__ENST00000396596.1_ENST00000522398.1	8	0.14326	0.00012365	0.000483	248	1	-4.5788	0.61911	0.19955	0.594989	322	0	0
SERBP1__P1P2	8	0.15365	0.00012365	0.000483	249	2	-2.3852	0.91185	0.87476	1.0	666	0	0
PTBP1__P1P2	8	0.15686	0.00024236	0.000935	250	1	-4.4749	0.93758	0.92979	1.0	711	0	0
ZWILCH__P1P2	8	0.15895	0.00024236	0.000935	251	2	-2.4161	0.98567	0.99467	1.0	802	0	0
SUGP1__P1P2	8	0.15984	0.00024236	0.000935	252	2	-2.443	0.90052	0.85567	1.0	651	0	0
TGDS__P1P2	8	0.16465	0.00035118	0.001262	253	1	-4.4248	0.64891	0.25815	0.706839	348	0	0
IBA57__P1P2	8	0.17308	0.00035118	0.001262	254	1	-4.3504	0.91962	0.89142	1.0	685	0	0
WEE1__P1P2	8	0.17377	0.00035118	0.001262	255	1	-4.3483	0.7335	0.46061	1.0	437	0	0
PPP6R3__P1P2	8	0.17543	0.00035118	0.001262	256	2	-2.3098	0.99626	0.99973	1.0	851	0	0
DR1__P1P2	8	0.17634	0.00035118	0.001262	257	2	-3.1781	0.77944	0.55145	1.0	493	0	0
ZNF532__P2	8	0.17656	0.00035118	0.001262	258	1	-4.3146	0.092221	1.4839e-05	0.000262	44	1	2.0137
CRLS1__P1P2	8	0.17725	0.00035118	0.001262	259	2	-2.9915	0.9784	0.98858	1.0	787	0	0
DUSP11__P1P2	8	0.1864	0.00035118	0.001262	260	2	-2.4977	0.99997	1.0	1.0	929	0	0
NUFIP1__P1P2	8	0.18733	0.00035118	0.001262	261	2	-2.3017	0.9874	0.99602	1.0	808	0	0
UBE2D3__P1P2	8	0.18833	0.00035118	0.001262	262	2	-3.134	0.991	0.9978	1.0	825	0	0
GET4__P1P2	8	0.19009	0.00035118	0.001262	263	2	-2.4024	0.98865	0.99664	1.0	815	0	0
DHH__P1P2	8	0.19586	0.00036107	0.001262	264	1	-4.1617	0.34229	0.012934	0.076253	151	0	0
PCGF1__P1P2	8	0.19721	0.00036107	0.001262	265	2	-2.0897	0.92345	0.90028	1.0	695	0	0
ATP12A__P1P2	8	0.19859	0.00036107	0.001262	266	1	-4.1578	0.58293	0.14411	0.466907	294	0	0
UBE2L3__P1P2	8	0.19876	0.00036107	0.001262	267	2	-2.3648	0.76145	0.50967	1.0	475	0	0
TMSB10__P1P2	8	0.20156	0.00036107	0.001262	268	2	-2.4069	0.92142	0.89581	1.0	691	0	0
ZSCAN18__P2	8	0.20537	0.00036107	0.001262	269	1	-4.0917	0.92062	0.8934	1.0	688	0	0
TOP1__P1P2	8	0.2075	0.00036107	0.001262	270	2	-2.043	0.94168	0.93873	1.0	717	0	0
EXOSC1__P1P2	8	0.20813	0.00036107	0.001262	271	2	-2.6447	0.93399	0.92319	1.0	707	0	0
MEAF6__P1P2	8	0.20939	0.00036107	0.001262	272	2	-2.8763	0.51998	0.082408	0.314121	249	0	0
CENPL__P1P2	8	0.21127	0.00036107	0.001262	273	2	-2.9784	0.97043	0.98041	1.0	775	0	0
TPR__P1P2	8	0.21276	0.00036107	0.001262	274	1	-4.0363	0.85488	0.74175	1.0	582	0	0
SAP30BP__P1P2	8	0.21284	0.00036107	0.001262	275	2	-2.1332	0.96375	0.97168	1.0	763	0	0
KDSR__P1P2	8	0.21379	0.00036107	0.001262	276	2	-2.3448	0.91815	0.88712	1.0	681	0	0
PPP1R10__P1P2	8	0.21631	0.00036107	0.001262	277	2	-2.4074	0.99966	1.0	1.0	895	0	0
USF2__P1P2	8	0.21852	0.00043032	0.001499	278	2	-2.1675	0.99767	0.99994	1.0	862	0	0
GNPNAT1__P1P2	8	0.22407	0.0048324	0.014394	279	1	-3.9579	0.7801	0.55374	1.0	494	0	0
HEXIM2__P2	11	0.22547	0.00026215	0.001007	280	1	-4.3675	0.26587	0.0060195	0.055865	110	0	0
FBXO8__P1	8	0.22836	0.0048324	0.014394	281	2	-2.7615	0.63921	0.23441	0.664289	339	0	0
TSPYL1__P1P2	8	0.229	0.0048324	0.014394	282	2	-2.1017	0.99995	1.0	1.0	926	0	0
ISY1__P1P2	8	0.23	0.0048324	0.014394	283	1	-3.9276	0.86057	0.76049	1.0	590	0	0
NEK2__P1P2	8	0.23347	0.0048324	0.014394	284	2	-1.8659	0.99964	1.0	1.0	894	0	0
LUZP1__P1P2	8	0.2357	0.0048324	0.014394	285	2	-2.1505	0.99999	1.0	1.0	939	0	0
CHEK1__P1P2	8	0.23634	0.0048324	0.014394	286	2	-2.1808	0.17935	0.0044763	0.044496	76	0	0
C19orf53__P1P2	8	0.24019	0.0048324	0.014394	287	2	-2.3803	0.61052	0.18121	0.557403	314	0	0
OCIAD1__P1P2	8	0.24083	0.0048324	0.014394	288	2	-1.8609	0.9003	0.85566	1.0	650	0	0
SNF8__P1P2	8	0.24244	0.0048324	0.014394	289	2	-2.0858	0.99272	0.99856	1.0	833	0	0
SNRNP40__P1P2	8	0.24304	0.0048324	0.014394	290	1	-3.8334	0.91166	0.87475	1.0	664	0	0
GNAI1__P1P2	8	0.24369	0.0048324	0.014394	291	1	-3.815	0.78163	0.55793	1.0	496	0	0
BRD2__P1	8	0.24468	0.0048324	0.014394	292	2	-1.837	0.90956	0.87194	1.0	662	0	0
RPUSD4__P1P2	8	0.24756	0.0048324	0.014394	293	1	-3.7924	0.86607	0.7746	1.0	595	0	0
HYDIN__71263838	8	0.25077	0.0048324	0.014394	294	1	-3.7705	0.76889	0.52289	1.0	479	0	0
ANP32B__P1P2	8	0.25145	0.0048324	0.014394	295	2	-1.8496	0.45908	0.037972	0.176596	206	0	0
PHF6__P1P2	8	0.25461	0.0048324	0.014394	296	1	-3.7481	0.99904	1.0	1.0	885	0	0
PKMYT1__P1P2	8	0.25467	0.0048324	0.014394	297	2	-2.4427	0.42642	0.034144	0.163533	187	0	0
PABPC4__P1P2	8	0.25652	0.0048324	0.014394	298	1	-3.7389	0.46293	0.04186	0.190173	210	0	0
RAI14__P1P2	8	0.25843	0.0048324	0.014394	299	1	-3.7329	0.63547	0.22753	0.650467	336	0	0
ZC3H4__P1	8	0.26244	0.0048324	0.014394	300	2	-2.1109	0.99999	1.0	1.0	940	0	0
HMGCS1__P1P2	8	0.26341	0.0048324	0.014394	301	2	-1.8106	0.99836	0.99999	1.0	871	0	0
TERF1__P1P2	8	0.26536	0.0048324	0.014394	302	2	-1.7677	0.97828	0.98852	1.0	786	0	0
RRP8__P1P2	8	0.26698	0.0048324	0.014394	303	2	-1.6942	0.91313	0.87773	1.0	671	0	0
LSR__P1P2	8	0.2686	0.0048324	0.014394	304	2	-1.9925	0.34913	0.012934	0.076253	153	0	0
WNT7A__P1P2	8	0.26979	0.0048324	0.014394	305	1	-3.6836	0.74396	0.47842	1.0	452	0	0
EXOC5__P1P2	8	0.27023	0.0048324	0.014394	306	2	-1.7569	0.78617	0.56481	1.0	501	0	0
USP42__P1P2	8	0.27315	0.0048324	0.014394	307	2	-1.8361	0.99872	0.99999	1.0	875	0	0
MON2__P1P2	8	0.27348	0.0048324	0.014394	308	2	-1.7764	0.99647	0.99978	1.0	852	0	0
ARHGAP11B__30918117	8	0.27976	0.0048423	0.014394	309	1	-3.6203	0.5689	0.12537	0.414524	286	0	0
RABL5__P1P2	8	0.28096	0.0048423	0.014394	310	2	-2.3153	0.98441	0.99391	1.0	799	0	0
TSSC1__P1P2	8	0.28129	0.0048423	0.014394	311	2	-1.6572	0.73813	0.46831	1.0	442	0	0
ZC3H7A__P1P2	8	0.28194	0.0048423	0.014394	312	2	-1.7772	0.99893	1.0	1.0	881	0	0
PPP2R1A__P1	8	0.28422	0.0048423	0.014394	313	2	-1.8646	0.6619	0.28829	0.776249	358	0	0
GFRA4__ENST00000290417.2_ENST00000319242.3	8	0.2847	0.0048423	0.014394	314	1	-3.5881	0.61805	0.19954	0.594989	321	0	0
CCS__P1P2	8	0.28553	0.0048423	0.014394	315	2	-2.0849	0.99998	1.0	1.0	932	0	0
ZNF236__P1P2	8	0.28749	0.0048423	0.014394	316	2	-2.2626	0.48226	0.050268	0.21624	221	0	0
NCSTN__P1P2	8	0.28945	0.0048423	0.014394	317	2	-2.2818	0.98624	0.99523	1.0	803	0	0
EIF4A1__P1P2	8	0.29075	0.0048423	0.014394	318	2	-1.7722	0.49783	0.062446	0.25503	235	0	0
FAM58A__P1P2	8	0.29084	0.0048423	0.014394	319	1	-3.5594	0.48964	0.058617	0.240445	228	0	0
C11orf58__P1P2	8	0.2945	0.0048423	0.014394	320	1	-3.5455	0.88584	0.81714	1.0	629	0	0
WDR18__P1P2	8	0.30477	0.0048423	0.014394	321	1	-3.4431	0.56053	0.11401	0.390219	279	0	0
SUPT3H__P1P2	8	0.30537	0.0048423	0.014394	322	1	-3.4411	0.81511	0.63584	1.0	535	0	0
TNRC6A__P1P2	8	0.30657	0.0048423	0.014394	323	1	-3.4405	0.69696	0.36973	0.894004	394	0	0
FUBP3__P1P2	8	0.30837	0.0048423	0.014394	324	1	-3.4348	0.43098	0.034144	0.163533	190	0	0
IL18R1__P1	8	0.31551	0.0048423	0.014394	325	1	-3.3956	0.82451	0.66146	1.0	549	0	0
FAM102A__P1P2	8	0.31906	0.0048423	0.014394	326	1	-3.3732	0.71643	0.41274	0.955208	419	0	0
ESYT2__P1P2	8	0.31965	0.0048423	0.014394	327	1	-3.3709	0.77567	0.54486	1.0	487	0	0
ING1__P1	8	0.33713	0.0096104	0.026948	328	1	-3.2527	0.73479	0.46336	1.0	439	0	0
LOC730183__NM_001256932	8	0.34	0.0096104	0.026948	329	1	-3.2407	0.94451	0.94391	1.0	722	0	0
PSPH__P2	8	0.34743	0.0096104	0.026948	330	1	-3.1798	0.76239	0.50967	1.0	476	0	0
PLEKHA5__P1P2	8	0.35421	0.0096104	0.026948	331	1	-3.1572	0.91926	0.89071	1.0	683	0	0
PGPEP1__P1P2	8	0.36038	0.0096104	0.026948	332	1	-3.126	0.779	0.55144	1.0	492	0	0
ACTA2__P2	8	0.36483	0.0096104	0.026948	333	1	-3.0991	0.958	0.96388	1.0	752	0	0
COPS8__237994319	8	0.36926	0.0096104	0.026948	334	1	-3.0945	0.61947	0.19955	0.594989	323	0	0
UNC13B__P1P2	8	0.37366	0.0096104	0.026948	335	1	-3.076	0.8504	0.72834	1.0	580	0	0
PPP2R5E__P1P2	8	0.37858	0.0096104	0.026948	336	1	-3.0399	0.17098	0.0044763	0.044496	69	0	0
CDC42EP5__P1P2	8	0.39579	0.0096104	0.026948	337	1	-2.963	0.72051	0.42655	0.977855	424	0	0
PTPN12__P1P2	8	0.41154	0.0096203	0.026948	338	1	-2.8909	9.7781e-05	4.9462e-06	0.000117	23	3	2.3924
ISOC2__P1	8	0.41568	0.0096203	0.026948	339	1	-2.8742	0.95238	0.95824	1.0	733	0	0
SNAI1__P1P2	8	0.42031	0.0096203	0.026948	340	1	-2.854	0.99992	1.0	1.0	915	0	0
RYR3__P1P2	8	0.42286	0.0096203	0.026948	341	1	-2.8294	0.73246	0.45807	1.0	436	0	0
TBCC__P1P2	8	0.42337	0.0096203	0.026948	342	1	-2.8132	0.92836	0.91213	1.0	700	0	0
STX7__P1P2	8	0.42388	0.0096203	0.026948	343	1	-2.8245	0.9632	0.97128	1.0	762	0	0
REC8__P1P2	8	0.43198	0.0096203	0.026948	344	1	-2.7811	0.70978	0.39847	0.93772	411	0	0
SPAG9__P1P2	8	0.435	0.0096203	0.026948	345	1	-2.7774	0.99994	1.0	1.0	919	0	0
DENND5A__P1P2	11	0.43658	0.012469	0.034828	346	1	-3.2293	0.91254	0.78225	1.0	670	0	0
SUPT7L__P1P2	8	0.43799	0.0096203	0.026948	347	1	-2.7478	0.4878	0.054561	0.231588	226	0	0
HDAC7__P1P2	8	0.45666	0.0096203	0.026948	348	1	-2.6881	0.89352	0.83819	1.0	641	0	0
SLC38A10__P1P2	8	0.46101	0.013805	0.038256	349	1	-2.6488	0.88144	0.80727	1.0	621	0	0
SUPT4H1__P1P2	8	0.46436	0.013805	0.038256	350	1	-2.6244	0.32493	0.0086212	0.055865	142	0	0
FERMT1__P1P2	8	0.47713	0.013815	0.038256	351	1	-2.5609	0.93369	0.92318	1.0	706	0	0
SF3A2__P2	8	0.48133	0.0179	0.048357	352	1	-2.5393	0.78337	0.56034	1.0	498	0	0
CD99L2__P1P2	8	0.48226	0.0179	0.048357	353	1	-2.5562	0.52988	0.090382	0.336631	257	0	0
MRGBP__P1P2	8	0.48458	0.0179	0.048357	354	1	-2.529	0.44543	0.034153	0.163533	198	0	0
MSI1__P1P2	8	0.50457	0.01791	0.048357	355	1	-2.4367	0.95722	0.96387	1.0	750	0	0
CNTD2__P1	8	0.5059	0.01791	0.048357	356	1	-2.4211	0.81885	0.64867	1.0	539	0	0
NUDT22__P1P2	8	0.51737	0.01791	0.048357	357	1	-2.3903	0.63853	0.23441	0.664289	338	0	0
NPY4R__P1P2	8	0.52041	0.01791	0.048357	358	1	-2.3472	0.81417	0.63395	1.0	533	0	0
WDR86__P1P2	8	0.52085	0.01791	0.048357	359	1	-2.3692	0.9068	0.86694	1.0	659	0	0
MANSC1__P1P2	8	0.52128	0.01791	0.048357	360	1	-2.3611	0.53455	0.094388	0.343651	260	0	0
LRRC28__P1P2	8	0.53243	0.022233	0.059724	361	1	-2.2883	0.91205	0.87476	1.0	669	0	0
RIC8A__P2	8	0.53413	0.022243	0.059724	362	1	-2.2792	0.66318	0.29123	0.781967	360	0	0
HIF1AN__P1P2	8	0.54419	0.026586	0.066971	363	1	-2.2324	0.59017	0.14792	0.476073	300	0	0
COG5__P1P2	8	0.54873	0.026586	0.066971	364	1	-2.2036	0.92991	0.91756	1.0	701	0	0
PIP4K2C__P1P2	8	0.55038	0.026586	0.066971	365	1	-2.1981	0.081548	1.4839e-05	0.000262	43	1	2.1435
AP1B1__P1P2	8	0.55283	0.026586	0.066971	366	1	-2.1936	0.89819	0.85186	1.0	646	0	0
CHEK2__P1P2	8	0.55771	0.026586	0.066971	367	1	-2.1532	0.52731	0.086494	0.324603	255	0	0
SAP30__P1P2	8	0.55811	0.026586	0.066971	368	1	-2.1648	0.9978	0.99995	1.0	864	0	0
TMEM110__P1P2	8	0.55851	0.026586	0.066971	369	1	-2.1689	0.77343	0.53392	1.0	485	0	0
LCOR__P1P2	8	0.55972	0.026586	0.066971	370	1	-2.1487	0.17656	0.0044763	0.044496	75	0	0
YPEL3__P1P2	8	0.56093	0.026586	0.066971	371	1	-2.1709	0.76098	0.50966	1.0	473	0	0
ITGB3__P1P2	8	0.57205	0.026586	0.066971	372	1	-2.0914	0.50901	0.070359	0.27688	242	0	0
SLTM__P1P2	8	0.5748	0.026596	0.066971	373	1	-2.0843	0.90323	0.86096	1.0	656	0	0
ARRDC4__P1P2	8	0.57636	0.026596	0.066971	374	1	-2.0783	0.67786	0.31617	0.815153	375	0	0
C7orf49__P1P2	8	0.57907	0.026596	0.066971	375	1	-2.0882	0.021668	4.9462e-06	0.000117	39	1	3.3386
DGCR8__P1P2	8	0.58023	0.026596	0.066971	376	1	-2.0517	0.281	0.0086113	0.055865	117	0	0
GNA13__P1P2	8	0.58828	0.026596	0.066971	377	1	-2.024	0.98546	0.99463	1.0	801	0	0
NOTCH2NL__145208892	8	0.58903	0.026596	0.066971	378	1	-2.0283	0.52215	0.082408	0.314121	251	0	0
RAC1__P1P2	8	0.59055	0.026596	0.066971	379	1	-2.0183	0.75015	0.48593	1.0	457	0	0
DPP9__P1	8	0.59206	0.026596	0.066971	380	1	-2.0175	0.90226	0.85873	1.0	654	0	0
SCAF11__P1P2	8	0.59356	0.026596	0.066971	381	1	-2.0129	0.50278	0.07035	0.27688	238	0	0
MAP3K7__P1P2	8	0.59469	0.026596	0.066971	382	1	-2.0069	0.61769	0.19954	0.594989	320	0	0
ANAPC7__P1P2	8	0.59879	0.026596	0.066971	383	1	-1.9863	0.67878	0.31913	0.816334	376	0	0
GGCT__P1P2	8	0.60322	0.026596	0.066971	384	1	-1.9674	0.63479	0.22752	0.650467	334	0	0
BEND2__P1P2	8	0.60688	0.026596	0.066971	385	1	-1.9514	0.94371	0.94312	1.0	720	0	0
GRWD1__P1P2	8	0.60725	0.026596	0.066971	386	1	-1.9625	0.97955	0.98958	1.0	792	0	0
MED12__P1P2	8	0.60834	0.030948	0.067926	387	1	-1.9573	2.6741e-05	4.9462e-06	0.000117	21	3	2.4545
ZFAT__P1	8	0.61555	0.030948	0.067926	388	1	-1.9009	0.91629	0.88178	1.0	678	0	0
DEGS1__P1P2	8	0.62018	0.030948	0.067926	389	1	-1.8869	0.38238	0.016941	0.095237	167	0	0
DHRSX__P1P2	8	0.62053	0.030948	0.067926	390	1	-1.8857	0.94243	0.94093	1.0	718	0	0
STK3__P1P2	8	0.62124	0.030948	0.067926	391	1	-1.8873	0.94015	0.93499	1.0	715	0	0
LAMC1__P1P2	8	0.62545	0.030948	0.067926	392	1	-1.8653	0.70272	0.37837	0.903622	404	0	0
USP3__P1P2	8	0.62893	0.030948	0.067926	393	1	-1.8579	0.84628	0.71771	1.0	575	0	0
SNAP29__P1P2	8	0.62928	0.030948	0.067926	394	1	-1.8447	0.93205	0.92046	1.0	704	0	0
TRIM56__P1P2	8	0.63032	0.030948	0.067926	395	1	-1.8467	0.44494	0.034153	0.163533	197	0	0
MYH9__P1P2	8	0.63136	0.030948	0.067926	396	1	-1.8366	0.99874	0.99999	1.0	876	0	0
ERCC1__P1P2	8	0.6317	0.030948	0.067926	397	1	-1.8285	0.59953	0.15541	0.484175	310	0	0
TRAPPC2L__P1P2	8	0.6341	0.030948	0.067926	398	1	-1.8196	0.90587	0.86328	1.0	658	0	0
TMEM198__P1P2	8	0.63513	0.030948	0.067926	399	1	-1.831	0.73915	0.47074	1.0	444	0	0
GDI2__P1	8	0.63581	0.030948	0.067926	400	1	-1.8241	0.99721	0.99987	1.0	857	0	0
FGD1__P1P2	8	0.63785	0.030948	0.067926	401	1	-1.8215	0.99178	0.99806	1.0	828	0	0
LDB3__P1P2	8	0.63955	0.030948	0.067926	402	1	-1.8069	0.41722	0.029672	0.156746	182	0	0
ZNHIT3__P1P2	8	0.64291	0.030948	0.067926	403	1	-1.8089	0.8115	0.62872	1.0	532	0	0
IRX1__P1P2	8	0.64492	0.030948	0.067926	404	1	-1.7762	0.40476	0.021145	0.113605	176	0	0
BIVM__P1	8	0.64559	0.030948	0.067926	405	1	-1.783	0.56533	0.11799	0.398721	282	0	0
ZC3H14__P1P2	8	0.64659	0.030948	0.067926	406	1	-1.776	0.99786	0.99996	1.0	865	0	0
GNB1__P1P2	8	0.64692	0.030948	0.067926	407	1	-1.7849	0.95942	0.96619	1.0	753	0	0
FAM216A__P1P2	8	0.64924	0.030948	0.067926	408	1	-1.7703	0.95447	0.96026	1.0	741	0	0
AEN__P1P2	8	0.65154	0.030948	0.067926	409	1	-1.7592	0.99323	0.99881	1.0	838	0	0
RHOG__P1P2	8	0.65252	0.030948	0.067926	410	1	-1.7376	0.99492	0.9994	1.0	846	0	0
CORO1A__30194716	8	0.65676	0.030958	0.067926	411	1	-1.7202	0.8039	0.60828	1.0	523	0	0
GTDC1__P1P2	8	0.65837	0.030958	0.067926	412	1	-1.7192	0.61734	0.19954	0.594989	319	0	0
DCAF4__P1P2	8	0.65869	0.030958	0.067926	413	1	-1.7025	0.88866	0.82387	1.0	632	0	0
HAUS8__P1P2	8	0.65934	0.030958	0.067926	414	1	-1.7015	0.79643	0.58413	1.0	513	0	0
AK2__P1P2	8	0.6619	0.030958	0.067926	415	1	-1.6883	0.99806	0.99997	1.0	868	0	0
CCDC77__P2	8	0.6635	0.030958	0.067926	416	1	-1.6856	0.946	0.94676	1.0	724	0	0
TAF5L__P1P2	8	0.66919	0.030958	0.067926	417	1	-1.6547	0.19245	0.0044862	0.044496	85	0	0
SMARCA5__P1P2	8	0.66981	0.030958	0.067926	418	1	-1.6691	0.82325	0.65802	1.0	546	0	0
LEO1__P1P2	8	0.67293	0.030958	0.067926	419	1	-1.644	0.99986	1.0	1.0	906	0	0
AGPS__P1P2	8	0.67386	0.030958	0.067926	420	1	-1.6345	1.0	1.0	1.0	947	0	0
SRSF11__P2	8	0.67448	0.030958	0.067926	421	1	-1.6296	0.13892	0.0044763	0.044496	57	0	0
PPP6C__P1P2	8	0.67602	0.030958	0.067926	422	1	-1.6272	0.60212	0.15904	0.493902	311	0	0
RAB1A__P1P2	8	0.67694	0.030958	0.067926	423	1	-1.6208	0.84239	0.70606	1.0	570	0	0
ICMT__P1P2	8	0.67786	0.030958	0.067926	424	1	-1.609	0.8561	0.74679	1.0	583	0	0
TRABD__P1	8	0.67848	0.030958	0.067926	425	1	-1.6012	0.53413	0.094388	0.343651	259	0	0
HNRNPA2B1__P1P2	8	0.68152	0.030958	0.067926	426	1	-1.5772	0.97409	0.98353	1.0	780	0	0
CENPQ__P1P2	11	0.68197	0.035637	0.076806	427	1	-2.1413	0.99818	0.99968	1.0	870	0	0
TRAPPC13__P1P2	8	0.68213	0.030958	0.067926	428	1	-1.5748	0.99994	1.0	1.0	922	0	0
FAM115C__143317820	8	0.68273	0.030958	0.067926	429	1	-1.5895	0.72186	0.42944	0.979346	425	0	0
CNKSR3__P1P2	8	0.68304	0.030958	0.067926	430	1	-1.587	0.93111	0.91858	1.0	702	0	0
KPNA2__P1P2	8	0.68334	0.030958	0.067926	431	1	-1.5762	0.69404	0.36392	0.894004	390	0	0
KIF18B__P1P2	8	0.68364	0.030958	0.067926	432	1	-1.5856	0.99995	1.0	1.0	925	0	0
CABIN1__P1P2	8	0.68544	0.030958	0.067926	433	0	0	0.99243	0.99835	1.0	831	0	0
NDE1__P1	8	0.68724	0.030958	0.067926	434	0	0	0.47432	0.046291	0.205501	216	0	0
GOLGA7__P1P2	8	0.68784	0.030958	0.067926	435	0	0	0.96242	0.97027	1.0	760	0	0
AP1G1__P1P2	8	0.68843	0.030958	0.067926	436	0	0	0.91544	0.88041	1.0	677	0	0
STT3B__P1P2	8	0.68873	0.030958	0.067926	437	0	0	0.56093	0.11401	0.390219	280	0	0
GPALPP1__P1P2	8	0.6911	0.030958	0.067926	438	0	0	0.81549	0.63585	1.0	536	0	0
AES__P1P2	8	0.69696	0.030958	0.067926	439	0	0	0.64325	0.24123	0.675723	344	0	0
CHAF1A__P1P2	8	0.69783	0.030958	0.067926	440	0	0	0.85625	0.74679	1.0	584	0	0
STAG2__P1	8	0.69956	0.030958	0.067926	441	0	0	0.98827	0.99647	1.0	812	0	0
ZBTB2__P1P2	8	0.69985	0.030958	0.067926	442	0	0	0.9272	0.90966	1.0	698	0	0
GART__P1P2	8	0.70014	0.030958	0.067926	443	0	0	0.9554	0.96156	1.0	744	0	0
UBE2G2__P1P2	8	0.70243	0.030958	0.067926	444	0	0	0.42133	0.034144	0.163533	184	0	0
PSPC1__P1P2	8	0.70556	0.034925	0.075459	445	0	0	0.90258	0.85947	1.0	655	0	0
TPI1__P1P2	8	0.70641	0.034925	0.075459	446	0	0	0.96142	0.96842	1.0	758	0	0
MRE11A__P1P2	8	0.70669	0.034925	0.075459	447	0	0	0.86636	0.7746	1.0	596	0	0
CYFIP2__P1P2	8	0.70698	0.034925	0.075459	448	0	0	0.7504	0.48593	1.0	458	0	0
USP15__P1P2	8	0.70782	0.034925	0.075459	449	0	0	0.97819	0.98843	1.0	785	0	0
RAD51AP1__P1P2	8	0.70866	0.034935	0.075459	450	0	0	0.99992	1.0	1.0	914	0	0
ZNF444__P1P2	8	0.70978	0.034935	0.075459	451	0	0	0.64123	0.23757	0.667422	342	0	0
CCNE1__P1P2	8	0.71257	0.039357	0.080727	452	0	0	0.9999	1.0	1.0	910	0	0
GNG4__P1P2	8	0.71368	0.039357	0.080727	453	0	0	0.8414	0.70459	1.0	568	0	0
GPX3__P1P2	8	0.71423	0.039357	0.080727	454	0	0	0.8025	0.60001	1.0	522	0	0
DNAJC3__P1P2	8	0.7145	0.039357	0.080727	455	0	0	0.99756	0.99993	1.0	861	0	0
TATDN2__P1P2	8	0.71505	0.039357	0.080727	456	0	0	0.99536	0.99957	1.0	847	0	0
VPS26A__P1P2	8	0.71533	0.039357	0.080727	457	0	0	0.96393	0.97185	1.0	764	0	0
POLE3__P1P2	8	0.71643	0.039357	0.080727	458	0	0	0.67137	0.30354	0.791001	368	0	0
UBE2E2__P1P2	8	0.71834	0.039357	0.080727	459	0	0	0.77298	0.53392	1.0	484	0	0
POC1A__P1P2	8	0.72159	0.039357	0.080727	460	0	0	0.89548	0.84344	1.0	642	0	0
TMED2__P1P2	8	0.72213	0.039357	0.080727	461	0	0	0.91998	0.89143	1.0	687	0	0
PEX7__P1P2	8	0.72374	0.039357	0.080727	462	0	0	0.99273	0.99856	1.0	834	0	0
HIGD2A__P1P2	8	0.72428	0.039357	0.080727	463	0	0	0.87342	0.79074	1.0	608	0	0
VEZF1__P1P2	8	0.72454	0.039357	0.080727	464	0	0	0.99731	0.99988	1.0	858	0	0
ZCCHC11__P1P2	8	0.72481	0.039367	0.080727	465	0	0	0.55609	0.10604	0.369434	276	0	0
HAX1__P1P2	8	0.72853	0.039367	0.080727	466	0	0	0.95529	0.96155	1.0	743	0	0
TBC1D31__P1P2	8	0.72958	0.039367	0.080727	467	0	0	0.97351	0.98318	1.0	779	0	0
PPP1CB__P1P2	8	0.73089	0.039367	0.080727	468	0	0	0.61196	0.18496	0.565388	315	0	0
RPL29__P1P2	8	0.73194	0.039367	0.080727	469	0	0	0.99842	0.99999	1.0	874	0	0
APEX2__P1P2	8	0.73531	0.039367	0.080727	470	0	0	0.95391	0.95978	1.0	739	0	0
USF1__P1P2	8	0.73557	0.039367	0.080727	471	0	0	0.80548	0.61244	1.0	524	0	0
FAM192A__P1P2	8	0.73583	0.039367	0.080727	472	0	0	0.55972	0.114	0.390219	278	0	0
HNRNPLL__P1P2	8	0.7366	0.039367	0.080727	473	0	0	0.70894	0.39582	0.936096	409	0	0
DSCR3__P1P2	8	0.73762	0.039367	0.080727	474	0	0	0.95267	0.95873	1.0	734	0	0
FAR1__P1P2	8	0.73992	0.043462	0.085575	475	0	0	0.87756	0.79728	1.0	617	0	0
CUL3__P1P2	8	0.74068	0.043462	0.085575	476	0	0	0.76122	0.50966	1.0	474	0	0
TM9SF2__P1P2	8	0.74119	0.043462	0.085575	477	0	0	0.95962	0.96638	1.0	754	0	0
CCNC__P1P2	8	0.74169	0.043462	0.085575	478	0	0	0.98683	0.9956	1.0	804	0	0
XPO5__P1P2	8	0.74245	0.043462	0.085575	479	0	0	0.35982	0.012934	0.076253	156	0	0
EPC1__P1P2	8	0.7472	0.043472	0.085575	480	0	0	0.82361	0.65968	1.0	547	0	0
ARF1__P1P2	8	0.74794	0.043472	0.085575	481	0	0	0.76934	0.52515	1.0	480	0	0
ZEB2__P1	8	0.74856	0.043472	0.085575	482	0	0	0.49557	0.058627	0.240445	233	0	0
POLE4__P1P2	8	0.75138	0.043472	0.085575	483	0	0	0.99966	1.0	1.0	896	0	0
PIGL__P1P2	8	0.75187	0.043472	0.085575	484	0	0	0.97001	0.97991	1.0	773	0	0
ARHGEF2__P1P2	8	0.7526	0.043472	0.085575	485	0	0	0.99248	0.99841	1.0	832	0	0
ZFYVE9__P1P2	8	0.75284	0.043472	0.085575	486	0	0	0.65088	0.25815	0.706839	350	0	0
CORO1B__67210174	8	0.75478	0.047884	0.085575	487	0	0	0.43249	0.034144	0.163533	192	0	0
DYNC1LI1__P1P2	8	0.75502	0.047884	0.085575	488	0	0	0.9896	0.99694	1.0	820	0	0
LNP1__P1P2	8	0.75598	0.047884	0.085575	489	0	0	0.55932	0.114	0.390219	277	0	0
UBE2Q1__P1P2	8	0.75766	0.047884	0.085575	490	0	0	0.91953	0.89142	1.0	684	0	0
ELOVL6__P1P2	8	0.75837	0.047884	0.085575	491	0	0	0.98825	0.99647	1.0	811	0	0
KMT2D__P1P2	8	0.7598	0.047884	0.085575	492	0	0	0.54211	0.098177	0.34454	268	0	0
NOSIP__P1P2	8	0.76145	0.047884	0.085575	493	0	0	0.99974	1.0	1.0	900	0	0
CLK3__P2	8	0.76216	0.047884	0.085575	494	0	0	0.53792	0.094398	0.343651	265	0	0
FOXK2__P1P2	8	0.76403	0.047884	0.085575	495	0	0	0.63066	0.21697	0.63333	331	0	0
CDK4__P1P2	8	0.76473	0.047884	0.085575	496	0	0	0.58331	0.14411	0.466907	295	0	0
CCNK__P2	11	0.76502	0.041602	0.084953	497	1	-1.7617	0.82181	0.51665	1.0	544	0	0
ZZZ3__P1P2	8	0.7652	0.047884	0.085575	498	0	0	0.95594	0.96262	1.0	746	0	0
AP3B1__P1P2	8	0.76543	0.047884	0.085575	499	0	0	0.80783	0.62309	1.0	527	0	0
SENP2__P1P2	8	0.76682	0.047884	0.085575	500	0	0	0.88732	0.82105	1.0	630	0	0
HIST1H2AB__P1P2	8	0.76728	0.047884	0.085575	501	0	0	0.701	0.37284	0.894812	402	0	0
ZNF460__P1P2	8	0.76774	0.047884	0.085575	502	0	0	0.81606	0.63585	1.0	537	0	0
CXorf56__P1P2	11	0.76805	0.041602	0.084953	503	1	-1.7218	7.7622e-10	4.9462e-06	0.000117	13	6	2.2395
BRD1__P1P2	8	0.7698	0.047884	0.085575	504	0	0	0.89931	0.85337	1.0	649	0	0
AKAP10__P1P2	8	0.7714	0.047884	0.085575	505	0	0	0.55324	0.10604	0.369434	275	0	0
DCP1A__P1P2	8	0.77455	0.047884	0.085575	506	0	0	0.81474	0.63584	1.0	534	0	0
MID1IP1__P1P2	8	0.77745	0.047884	0.085575	507	0	0	0.99932	1.0	1.0	891	0	0
NPDC1__P1P2	8	0.77988	0.047884	0.085575	508	0	0	0.56453	0.11799	0.398721	281	0	0
LYRM7__P1P2	8	0.78293	0.047884	0.085575	509	0	0	0.77612	0.54487	1.0	489	0	0
XKR8__P1P2	8	0.78466	0.047884	0.085575	510	0	0	0.99998	1.0	1.0	934	0	0
C19orf70__P1P2	8	0.78552	0.047884	0.085575	511	0	0	0.99927	1.0	1.0	890	0	0
PIH1D1__P1P2	8	0.78574	0.047884	0.085575	512	0	0	0.69956	0.36974	0.894004	399	0	0
HCN2__P1P2	8	0.78595	0.047884	0.085575	513	0	0	0.74345	0.47841	1.0	450	0	0
DHX35__P1P2	8	0.78659	0.047884	0.085575	514	0	0	0.81054	0.62871	1.0	528	0	0
MED15__P1	8	0.78808	0.047894	0.085575	515	0	0	0.31254	0.0086212	0.055865	130	0	0
INO80C__P1P2	8	0.78957	0.047894	0.085575	516	0	0	0.96714	0.97626	1.0	767	0	0
ELMO3__P1P2	8	0.79125	0.047894	0.085575	517	0	0	0.99991	1.0	1.0	911	0	0
LRP6__P1P2	8	0.79146	0.047894	0.085575	518	0	0	0.70556	0.38413	0.912886	407	0	0
NDUFC1__P2	8	0.79643	0.047894	0.085575	519	0	0	0.67386	0.30354	0.791001	370	0	0
PIGB__P1P2	8	0.79725	0.047894	0.085575	520	0	0	0.91195	0.87476	1.0	668	0	0
RSPRY1__P1P2	8	0.79807	0.047894	0.085575	521	0	0	0.80744	0.62104	1.0	526	0	0
VPS9D1__P1P2	8	0.79989	0.047894	0.085575	522	0	0	0.72321	0.43223	0.979346	427	0	0
HES1__P1P2	8	0.8007	0.047894	0.085575	523	0	0	0.9999	1.0	1.0	909	0	0
PLEKHG2__P1P2	8	0.8009	0.047894	0.085575	524	0	0	0.89628	0.84525	1.0	643	0	0
INTS6__P1P2	8	0.8015	0.047894	0.085575	525	0	0	0.97475	0.98443	1.0	781	0	0
ACAT2__P1P2	8	0.8025	0.047894	0.085575	526	0	0	0.94696	0.94753	1.0	726	0	0
G0S2__P1P2	8	0.8033	0.047894	0.085575	527	0	0	0.60286	0.16273	0.503751	312	0	0
USP44__P1	8	0.8035	0.047894	0.085575	528	0	0	0.91496	0.8804	1.0	675	0	0
SPIN1__P1P2	8	0.80409	0.047894	0.085575	529	0	0	0.66126	0.28511	0.771949	357	0	0
TUFM__28856875	8	0.80449	0.047894	0.085575	530	0	0	0.94765	0.94911	1.0	728	0	0
TM9SF3__P1P2	8	0.80528	0.047894	0.085575	531	0	0	0.6987	0.36974	0.894004	397	0	0
LTN1__P1P2	8	0.80705	0.047894	0.085575	532	0	0	0.99787	0.99996	1.0	866	0	0
TRIM24__P1P2	8	0.80919	0.047894	0.085575	533	0	0	0.99972	1.0	1.0	899	0	0
SOX4__P1	8	0.81112	0.047894	0.085575	534	0	0	0.99986	1.0	1.0	905	0	0
SCYL1__P1P2	8	0.8136	0.047894	0.085575	535	0	0	0.85954	0.75943	1.0	588	0	0
ARHGEF5__144052240	8	0.81417	0.047894	0.085575	536	0	0	0.52603	0.086484	0.324603	252	0	0
UBE2O__P1P2	8	0.8153	0.047894	0.085575	537	0	0	0.99589	0.99965	1.0	850	0	0
ERC1__P1P2	8	0.81549	0.047894	0.085575	538	0	0	0.999	1.0	1.0	884	0	0
FAM115A__143579171	8	0.81662	0.047894	0.085575	539	0	0	0.67725	0.31616	0.815153	374	0	0
CCDC64__ENST00000397558.2	8	0.81774	0.047894	0.085575	540	0	0	0.99067	0.99736	1.0	823	0	0
MDC1__P1P2	8	0.81811	0.047894	0.085575	541	0	0	0.60761	0.17387	0.536523	313	0	0
SLC30A3__P1P2	8	0.81904	0.047894	0.085575	542	0	0	0.75813	0.50502	1.0	469	0	0
NDUFS4__P1P2	8	0.81959	0.047894	0.085575	543	0	0	0.73063	0.45322	1.0	434	0	0
UBA2__P1P2	8	0.81977	0.047894	0.085575	544	0	0	0.7437	0.47841	1.0	451	0	0
CCDC94__P1P2	8	0.82397	0.05193	0.090153	545	0	0	0.8003	0.59216	1.0	519	0	0
CENPO__P1P2	8	0.82523	0.05193	0.090153	546	0	0	0.96307	0.97088	1.0	761	0	0
ATL3__P1P2	8	0.82666	0.05193	0.090153	547	0	0	0.82648	0.66495	1.0	553	0	0
CST1__P1P2	8	0.82702	0.05193	0.090153	548	0	0	0.76496	0.51418	1.0	477	0	0
RFWD2__P1P2	8	0.82755	0.05193	0.090153	549	0	0	0.63445	0.22752	0.650467	333	0	0
C20orf196__P1P2	8	0.82949	0.05194	0.090153	550	0	0	0.5693	0.12537	0.414524	287	0	0
KLHL5__P1P2	11	0.82969	0.052761	0.091269	551	0	0	0.71981	0.21968	0.639322	422	0	0
ANLN__P1P2	8	0.83002	0.05194	0.090153	552	0	0	0.99651	0.99978	1.0	853	0	0
RAD1__P1P2	8	0.83019	0.05194	0.090153	553	0	0	0.50546	0.07035	0.27688	240	0	0
SREBF1__P1	8	0.83054	0.05194	0.090153	554	0	0	0.47526	0.046291	0.205501	217	0	0
PCNXL3__P1P2	8	0.83193	0.05194	0.090153	555	0	0	0.9971	0.99987	1.0	855	0	0
PAXIP1__P1P2	8	0.83383	0.05194	0.090153	556	0	0	0.81774	0.64133	1.0	538	0	0
SURF2__P1P2	11	0.83396	0.052771	0.091269	557	0	0	0.64444	0.11814	0.398721	345	0	0
OXR1__ENST00000312046.6	8	0.83417	0.05194	0.090153	558	0	0	0.97238	0.98233	1.0	777	0	0
RBPMS2__P1P2	8	0.83503	0.05194	0.090153	559	0	0	0.99546	0.99959	1.0	848	0	0
DDA1__P1P2	8	0.83554	0.05194	0.090153	560	0	0	0.98885	0.99673	1.0	817	0	0
FAM69B__P1P2	8	0.83639	0.05194	0.090153	561	0	0	0.33828	0.0086212	0.055865	148	0	0
GAPVD1__P1P2	8	0.8374	0.05194	0.090153	562	0	0	0.74868	0.48592	1.0	455	0	0
PRKCI__P1P2	8	0.83858	0.055788	0.095992	563	0	0	0.7555	0.49539	1.0	464	0	0
PLOD3__P1P2	8	0.84008	0.055788	0.095992	564	0	0	0.4942	0.058627	0.240445	231	0	0
TRAPPC6B__P1P2	8	0.84173	0.055798	0.095992	565	0	0	0.99968	1.0	1.0	897	0	0
TTC3__P1P2	8	0.84386	0.060052	0.102241	566	0	0	0.92204	0.89703	1.0	692	0	0
CISD1__P1P2	8	0.84644	0.060062	0.102241	567	0	0	0.9224	0.89769	1.0	693	0	0
CSTF2__P1P2	8	0.84692	0.060062	0.102241	568	0	0	0.9474	0.94851	1.0	727	0	0
CTXN1__P1P2	8	0.84708	0.060062	0.102241	569	0	0	0.6244	0.2066	0.612233	325	0	0
TFAP4__P1P2	8	0.84724	0.060062	0.102241	570	0	0	0.7954	0.58217	1.0	512	0	0
GDF7__P1P2	8	0.84787	0.060062	0.102241	571	0	0	0.86189	0.76282	1.0	591	0	0
BCL2L13__P1P2	8	0.84977	0.063712	0.106973	572	0	0	0.76004	0.50966	1.0	471	0	0
HIST2H2BE__149857437	8	0.85102	0.063712	0.106973	573	0	0	0.89282	0.83646	1.0	640	0	0
ZNF121__P1P2	8	0.85118	0.063712	0.106973	574	0	0	0.99918	1.0	1.0	889	0	0
FOXK1__P1P2	8	0.85319	0.063712	0.106973	575	0	0	0.70669	0.38712	0.917765	408	0	0
OGFR__P1P2	8	0.85503	0.063722	0.106973	576	0	0	0.87055	0.78508	1.0	599	0	0
KIFC1__P1P2	8	0.85579	0.063722	0.106973	577	0	0	0.73583	0.46337	1.0	440	0	0
NONO__P1P2	8	0.85625	0.063722	0.106973	578	0	0	0.8019	0.59597	1.0	521	0	0
ZNF655__P1P2	8	0.85745	0.063722	0.106973	579	0	0	0.99441	0.99923	1.0	843	0	0
TXNDC16__P1P2	8	0.8591	0.067985	0.113934	580	0	0	0.87083	0.78509	1.0	601	0	0
RPS4Y1__P1P2	8	0.85998	0.072328	0.120795	581	0	0	0.98875	0.99667	1.0	816	0	0
FAM83H__P1P2	8	0.86028	0.072328	0.120795	582	0	0	0.38346	0.016941	0.095237	168	0	0
EIF4H__P1P2	8	0.86692	0.075741	0.125221	583	0	0	0.54044	0.098177	0.34454	266	0	0
C14orf169__P1P2	8	0.86735	0.075741	0.125221	584	0	0	0.96832	0.97788	1.0	768	0	0
FNIP1__P1P2	8	0.86875	0.075751	0.125221	585	0	0	0.94645	0.9473	1.0	725	0	0
PLA2G7__P1P2	8	0.86917	0.075751	0.125221	586	0	0	0.48918	0.058617	0.240445	227	0	0
TUBA1C__P1P2	8	0.86945	0.075751	0.125221	587	0	0	0.6673	0.30041	0.791001	364	0	0
C21orf58__P1	8	0.87014	0.075751	0.125221	588	0	0	0.9707	0.9806	1.0	776	0	0
ROCK1__18690984	8	0.8722	0.083714	0.137003	589	0	0	0.72213	0.42944	0.979346	426	0	0
CCR6__ENST00000400926.2	8	0.87247	0.083714	0.137003	590	0	0	0.43899	0.034153	0.163533	195	0	0
WDR7__P1P2	8	0.87383	0.083724	0.137003	591	0	0	0.79827	0.58836	1.0	517	0	0
GTF2I__74071821	8	0.87396	0.083724	0.137003	592	0	0	0.62088	0.19955	0.594989	324	0	0
MNT__P1P2	8	0.87437	0.083724	0.137003	593	0	0	0.46052	0.037972	0.176596	209	0	0
GTF2H2C__68855815	8	0.87571	0.083724	0.137003	594	0	0	0.97977	0.98973	1.0	793	0	0
IFT88__P1P2	8	0.87624	0.087454	0.140057	595	0	0	0.12138	1.4839e-05	0.000262	50	1	1.8018
FRMPD2__49481953	8	0.87834	0.087454	0.140057	596	0	0	0.76728	0.51849	1.0	478	0	0
SMURF2__P1P2	8	0.879	0.087454	0.140057	597	0	0	0.93182	0.92005	1.0	703	0	0
SRCAP__P1P2	8	0.87913	0.087454	0.140057	598	0	0	0.57752	0.13298	0.438152	291	0	0
DET1__P1P2	8	0.87939	0.087454	0.140057	599	0	0	0.75598	0.49539	1.0	466	0	0
OPRD1__P1P2	8	0.8799	0.087454	0.140057	600	0	0	0.79684	0.58414	1.0	515	0	0
ATF6__P1P2	8	0.88016	0.087454	0.140057	601	0	0	0.78272	0.56033	1.0	497	0	0
SERF1A__70196291	8	0.8808	0.087463	0.140057	602	0	0	0.90865	0.87121	1.0	661	0	0
ATG16L1__P1P2	8	0.88132	0.087463	0.140057	603	0	0	0.94919	0.95278	1.0	729	0	0
NCOA6__P1P2	8	0.88157	0.087463	0.140057	604	0	0	0.81093	0.62872	1.0	530	0	0
CEP128__P1P2	8	0.88259	0.087463	0.140057	605	0	0	0.99712	0.99987	1.0	856	0	0
EHBP1__P1P2	8	0.8831	0.087463	0.140057	606	0	0	0.1382	0.0044763	0.044496	56	0	0
POC1B__P1P2	8	0.88322	0.087463	0.140057	607	0	0	0.98724	0.99584	1.0	807	0	0
CAP1__P1P2	8	0.88473	0.090965	0.144726	608	0	0	0.48504	0.050278	0.21624	224	0	0
SRSF6__P1	8	0.88485	0.090965	0.144726	609	0	0	0.65055	0.25815	0.706839	349	0	0
NBPF14__148025047	8	0.88535	0.090975	0.144726	610	0	0	0.87677	0.79727	1.0	612	0	0
KRTCAP3__P1P2	8	0.88547	0.090975	0.144726	611	0	0	0.72347	0.43224	0.979346	428	0	0
MAZ__P1P2	8	0.8872	0.10264	0.162764	612	0	0	0.71423	0.40989	0.950856	417	0	0
PTPRF__P1P2	8	0.88744	0.10265	0.162764	613	0	0	0.29753	0.0086212	0.055865	125	0	0
DEDD__P1P2	8	0.88793	0.10674	0.168723	614	0	0	0.7723	0.53391	1.0	482	0	0
CHRNA7__32322509	8	0.88829	0.10675	0.168723	615	0	0	0.72024	0.42655	0.977855	423	0	0
CNR1__P1P2	8	0.8889	0.11407	0.18	616	0	0	0.62789	0.21344	0.624899	329	0	0
ADD1__P1P2	8	0.88986	0.11802	0.185926	617	0	0	0.27417	0.0086113	0.055865	115	0	0
USP22__P1P2	8	0.89223	0.12569	0.196744	618	0	0	0.12433	1.4839e-05	0.000262	52	1	1.7587
RANBP2__109335729	8	0.8927	0.1257	0.196744	619	0	0	0.84255	0.70606	1.0	571	0	0
MPHOSPH8__P1	8	0.89282	0.1257	0.196744	620	0	0	0.99751	0.99992	1.0	860	0	0
SMAD1__P1P2	8	0.89502	0.1295	0.20173	621	0	0	0.83975	0.69848	1.0	566	0	0
HLA-DMA__P2	8	0.89639	0.12951	0.20173	622	0	0	0.99305	0.99871	1.0	836	0	0
ADAMTS16__P2	8	0.8965	0.12951	0.20173	623	0	0	0.50412	0.07035	0.27688	239	0	0
CORIN__P1P2	8	0.89931	0.14097	0.219238	624	0	0	0.82469	0.66146	1.0	550	0	0
FCGR1A__149755456	8	0.89986	0.14481	0.224489	625	0	0	0.69841	0.36974	0.894004	396	0	0
KIF22__P1	8	0.89997	0.14481	0.224489	626	0	0	0.29389	0.0086212	0.055865	123	0	0
STX4__P1P2	8	0.90041	0.1481	0.22923	627	0	0	0.33597	0.0086212	0.055865	147	0	0
KLF5__P1P2	8	0.90269	0.15533	0.240025	628	0	0	0.89105	0.83218	1.0	636	0	0
CSNK2A1__P1P2	8	0.90333	0.15916	0.245566	629	0	0	6.9911e-10	4.9462e-06	0.000117	12	6	1.987
C11orf71__P1P2	8	0.90365	0.16258	0.250434	630	0	0	0.31669	0.0086212	0.055865	136	0	0
KANSL1__P1P2	8	0.90418	0.1664	0.255119	631	0	0	0.65676	0.2717	0.739752	355	0	0
MED16__P1P2	8	0.90429	0.1664	0.255119	632	0	0	5.0272e-08	4.9462e-06	0.000117	15	5	2.0068
ARHGEF18__P1P2	8	0.90471	0.1664	0.255119	633	0	0	0.8588	0.75827	1.0	586	0	0
ZDHHC17__P1P2	8	0.90649	0.17378	0.265595	634	0	0	0.56692	0.12194	0.408737	284	0	0
SFPQ__P1P2	8	0.9066	0.17378	0.265595	635	0	0	0.6654	0.29736	0.791001	362	0	0
DHRS3__P1P2	8	0.90753	0.17739	0.270672	636	0	0	0.7759	0.54486	1.0	488	0	0
PORCN__P2	8	0.90834	0.18095	0.275257	637	0	0	0.88878	0.82387	1.0	633	0	0
MIR205HG__P2	8	0.90855	0.18096	0.275257	638	0	0	0.78358	0.56034	1.0	499	0	0
TMEM81__ENST00000367167.3	8	0.90895	0.18458	0.280326	639	0	0	0.14901	0.0044763	0.044496	59	0	0
TMEM194A__P1P2	8	0.91096	0.19612	0.297394	640	0	0	0.85895	0.75827	1.0	587	0	0
SRGAP2__206636520	8	0.91156	0.1996	0.299883	641	0	0	0.95301	0.95901	1.0	737	0	0
SMCHD1__P1P2	8	0.91185	0.1996	0.299883	642	0	0	0.38183	0.016941	0.095237	166	0	0
MAGED2__P2	8	0.91215	0.1996	0.299883	643	0	0	0.91506	0.8804	1.0	676	0	0
ACTR5__P1P2	8	0.91235	0.1996	0.299883	644	0	0	0.36705	0.012944	0.076253	159	0	0
HIBADH__P1P2	8	0.91254	0.1996	0.299883	645	0	0	0.85715	0.74958	1.0	585	0	0
GLYR1__P1P2	8	0.91342	0.19961	0.299883	646	0	0	0.68784	0.34323	0.864301	384	0	0
LYPLA2__P1P2	8	0.91553	0.21283	0.319244	647	0	0	0.88246	0.8105	1.0	623	0	0
ATRN__P1P2	8	0.91648	0.21597	0.323449	648	0	0	0.87703	0.79727	1.0	614	0	0
CWC25__P1P2	8	0.91685	0.21969	0.326533	649	0	0	0.99313	0.99875	1.0	837	0	0
PRMT7__P1P2	8	0.91695	0.21969	0.326533	650	0	0	0.5973	0.15139	0.479313	305	0	0
ZNF462__P1P2	8	0.91713	0.21969	0.326533	651	0	0	0.84993	0.72833	1.0	579	0	0
ADAM18__P1P2	8	0.91732	0.2197	0.326533	652	0	0	0.72958	0.45075	1.0	431	0	0
BOLA2__29465484	8	0.91871	0.23794	0.35309	653	0	0	0.70071	0.37283	0.894812	401	0	0
EMD__P1P2	8	0.91907	0.24092	0.355908	654	0	0	0.71146	0.40133	0.93772	415	0	0
DOT1L__P1P2	8	0.91917	0.24092	0.355908	655	0	0	0.00012999	4.9462e-06	0.000117	25	3	2.3183
SLC11A2__P1	8	0.92016	0.24093	0.355908	656	0	0	0.64157	0.23758	0.667422	343	0	0
GMEB1__P1P2	8	0.92044	0.24397	0.358759	657	0	0	0.96487	0.97356	1.0	765	0	0
FBXL14__P1P2	8	0.92097	0.24397	0.358759	658	0	0	0.56613	0.11799	0.398721	283	0	0
WNT3A__P1P2	8	0.92106	0.24397	0.358759	659	0	0	0.84386	0.71028	1.0	573	0	0
ZNRF3__P1P2	8	0.92204	0.25024	0.366319	660	0	0	0.64692	0.24781	0.690172	347	0	0
NCF1__74188108	8	0.92222	0.25024	0.366319	661	0	0	0.63955	0.23441	0.664289	340	0	0
DUSP22__292259	8	0.92231	0.25024	0.366319	662	0	0	0.94284	0.94094	1.0	719	0	0
RBM47__P1P2	8	0.92284	0.25355	0.370055	663	0	0	0.72984	0.45076	1.0	432	0	0
ARHGAP11A__32907502	8	0.92292	0.25356	0.370055	664	0	0	0.75861	0.50733	1.0	470	0	0
SLC4A1AP__P1P2	8	0.9231	0.25695	0.374445	665	0	0	0.3665	0.012944	0.076253	158	0	0
AGO1__36348590	8	0.92388	0.26017	0.378577	666	0	0	0.67012	0.30353	0.791001	367	0	0
GOLGA7B__P1P2	8	0.92432	0.26349	0.382269	667	0	0	0.87571	0.79482	1.0	611	0	0
JMJD1C__P1P2	8	0.92466	0.2635	0.382269	668	0	0	0.83824	0.69414	1.0	564	0	0
WDR37__P1P2	8	0.92636	0.26675	0.386414	669	0	0	0.40423	0.021145	0.113605	175	0	0
PTRHD1__P1P2	8	0.92661	0.27011	0.390123	670	0	0	0.6341	0.22752	0.650467	332	0	0
TNKS2__P1P2	8	0.9267	0.27012	0.390123	671	0	0	0.99357	0.99901	1.0	839	0	0
UFM1__P1P2	8	0.92703	0.27369	0.394124	672	0	0	0.89188	0.83401	1.0	638	0	0
ZNF286B__18584835	8	0.92728	0.2737	0.394124	673	0	0	0.98994	0.99698	1.0	822	0	0
HIVEP1__P1P2	8	0.92828	0.28018	0.402263	674	0	0	0.73194	0.45806	1.0	435	0	0
ESYT1__P2	8	0.92836	0.28018	0.402263	675	0	0	0.42184	0.034144	0.163533	185	0	0
RSPH3__P1P2	8	0.92885	0.28682	0.410594	676	0	0	0.24627	0.0086113	0.055865	100	0	0
KAT7__P1P2	8	0.92901	0.28682	0.410594	677	0	0	0.79664	0.58414	1.0	514	0	0
CALU__P1P2	8	0.92918	0.29026	0.414897	678	0	0	0.95057	0.95495	1.0	731	0	0
LNPEP__P1P2	8	0.93031	0.30255	0.431838	679	0	0	0.19927	0.0044862	0.044496	88	0	0
MED25__P1P2	8	0.93055	0.30581	0.434583	680	0	0	0.17517	0.0044763	0.044496	73	0	0
ZNF43__P1	8	0.93087	0.30582	0.434583	681	0	0	0.69927	0.36974	0.894004	398	0	0
ACADS__P1P2	8	0.93103	0.30582	0.434583	682	0	0	0.45715	0.037962	0.176596	205	0	0
PURB__P1P2	8	0.93221	0.31562	0.44657	683	0	0	0.95273	0.95873	1.0	735	0	0
PMAIP1__57567020	8	0.93237	0.31562	0.44657	684	0	0	4.8111e-10	4.9462e-06	0.000117	11	5	3.9213
SSR1__P1P2	8	0.93307	0.31563	0.44657	685	0	0	0.82949	0.6718	1.0	555	0	0
ATP6AP2__P1P2	8	0.93384	0.32492	0.458391	686	0	0	0.69051	0.35265	0.883463	385	0	0
GTF2IRD2B__74508172	8	0.93422	0.32493	0.458391	687	0	0	0.65121	0.25815	0.706839	351	0	0
AJUBA__P1P2	8	0.93445	0.32825	0.461087	688	0	0	0.11399	1.4839e-05	0.000262	47	1	1.8591
SYT14__P1P2	8	0.93475	0.32826	0.461087	689	0	0	0.37912	0.012944	0.076253	164	0	0
RBL1__P1P2	8	0.93513	0.32826	0.461087	690	0	0	0.26476	0.0086113	0.055865	109	0	0
CAPG__P1	8	0.93566	0.33787	0.473894	691	0	0	0.82577	0.66318	1.0	552	0	0
TICAM2__P2	8	0.93765	0.34916	0.487628	692	0	0	0.79766	0.58641	1.0	516	0	0
PRAMEF12__ENST00000357726.4	8	0.93787	0.34917	0.487628	693	0	0	0.84271	0.70607	1.0	572	0	0
CHAMP1__P1P2	8	0.93809	0.35224	0.490515	694	0	0	0.62615	0.21343	0.624899	326	0	0
AGO2__141644983	8	0.93823	0.35224	0.490515	695	0	0	0.61484	0.19227	0.58586	317	0	0
SERPINB9__P1P2	8	0.93923	0.36377	0.50441	696	0	0	0.7923	0.57808	1.0	508	0	0
SPRR2G__P1P2	8	0.93938	0.36378	0.50441	697	0	0	0.77812	0.54929	1.0	491	0	0
CAB39__P1P2	8	0.93945	0.36378	0.50441	698	0	0	0.9605	0.96732	1.0	756	0	0
PRR14L__P1P2	8	0.94029	0.37241	0.515649	699	0	0	0.87557	0.79481	1.0	610	0	0
GLCE__P1P2	8	0.94099	0.38139	0.527321	700	0	0	0.4355	0.034144	0.163533	194	0	0
ATP2C1__P1P2	8	0.94161	0.38977	0.535884	701	0	0	0.38616	0.016941	0.095237	169	0	0
ELOF1__P1P2	8	0.94196	0.38978	0.535884	702	0	0	0.16536	0.0044763	0.044496	67	0	0
PSMG3__P2	8	0.94209	0.38978	0.535884	703	0	0	0.8711	0.78509	1.0	603	0	0
THAP2__P1	8	0.9423	0.38978	0.535884	704	0	0	0.67541	0.31001	0.803551	373	0	0
HEXIM1__P1P2	8	0.9427	0.40065	0.549264	705	0	0	0.73992	0.47075	1.0	446	0	0
G3BP2__P1P2	8	0.94277	0.40065	0.549264	706	0	0	0.2482	0.0086113	0.055865	101	0	0
TTC23L__P1P2	8	0.94304	0.40342	0.552282	707	0	0	0.87544	0.79481	1.0	609	0	0
TTLL10__P1	8	0.94431	0.41486	0.565575	708	0	0	0.6265	0.21343	0.624899	327	0	0
PTPN20A__46640202	8	0.94444	0.41487	0.565575	709	0	0	0.75405	0.49538	1.0	462	0	0
MLLT4__P1P2	8	0.94457	0.41794	0.568957	710	0	0	0.71034	0.40132	0.93772	412	0	0
C1orf101__P1P2	8	0.9449	0.42054	0.571698	711	0	0	0.83366	0.67821	1.0	558	0	0
GNE__P1P2	11	0.94511	0.11884	0.186917	712	0	0	0.8244	0.52864	1.0	548	0	0
GPRIN2__46993345	8	0.94619	0.43388	0.587389	713	0	0	0.90172	0.85734	1.0	653	0	0
DDRGK1__P1P2	8	0.94645	0.43388	0.587389	714	0	0	0.66413	0.29406	0.787389	361	0	0
IFT46__P1P2	8	0.94689	0.43389	0.587389	715	0	0	0.2847	0.0086113	0.055865	119	0	0
SERF1B__69320873	8	0.94721	0.43896	0.593419	716	0	0	0.97639	0.98648	1.0	783	0	0
RNF126__P1P2	8	0.94821	0.44454	0.599295	717	0	0	0.40266	0.021145	0.113605	173	0	0
NEUROD1__P1P2	8	0.94827	0.44454	0.599295	718	0	0	0.85984	0.75944	1.0	589	0	0
JPH3__P1P2	8	0.94888	0.44993	0.605723	719	0	0	0.76074	0.50966	1.0	472	0	0
ESRP1__P1P2	8	0.94931	0.45443	0.610936	720	0	0	0.54169	0.098177	0.34454	267	0	0
ILF3__P1P2	8	0.94979	0.45712	0.613705	721	0	0	0.91971	0.89142	1.0	686	0	0
PCDHGA12__P1P2	8	0.95003	0.45956	0.614439	722	0	0	0.90074	0.85567	1.0	652	0	0
CHST15__P2	8	0.95009	0.45956	0.614439	723	0	0	0.48272	0.050268	0.21624	222	0	0
OCLN__68788394	8	0.95033	0.45956	0.614439	724	0	0	0.68243	0.32522	0.823205	381	0	0
ZNF286A__15602675	8	0.95051	0.46462	0.620344	725	0	0	0.75308	0.49308	1.0	461	0	0
HOXC4__ENST00000430889.2	8	0.95134	0.47906	0.63875	726	0	0	0.53666	0.094398	0.343651	262	0	0
CFC1B__131278628	8	0.95198	0.48381	0.64333	727	0	0	0.68213	0.32521	0.823205	380	0	0
GAL__P1P2	8	0.95215	0.48382	0.64333	728	0	0	0.51955	0.082399	0.314121	248	0	0
PRSS40A__131328218	8	0.9525	0.48885	0.649124	729	0	0	0.59618	0.15139	0.479313	303	0	0
NSG1__NM_001040101_NM_014392	8	0.9533	0.49604	0.657775	730	0	0	0.82161	0.65801	1.0	543	0	0
C14orf119__P1P2	8	0.95352	0.49841	0.660023	731	0	0	0.74295	0.47841	1.0	449	0	0
ROR1__P1P2	8	0.95408	0.50498	0.666904	732	0	0	0.73037	0.45321	1.0	433	0	0
MED24__P1P2	8	0.95414	0.50498	0.666904	733	0	0	1.2661e-06	4.9462e-06	0.000117	17	3	3.4742
KIAA1429__P1P2	8	0.95436	0.50746	0.669274	734	0	0	3.4213e-11	4.9462e-06	0.000117	7	6	2.4351
HIST1H1E__P1P2	8	0.95464	0.50974	0.671364	735	0	0	0.31847	0.0086212	0.055865	138	0	0
KIFAP3__P1P2	8	0.95529	0.51438	0.675656	736	0	0	0.00026154	4.9462e-06	0.000117	26	3	1.7965
MLLT1__P1P2	8	0.9554	0.51439	0.675656	737	0	0	0.18558	0.0044862	0.044496	81	0	0
FBXO28__P1P2	8	0.95674	0.53241	0.698387	738	0	0	0.12065	1.4839e-05	0.000262	49	1	1.7801
NOTCH2__120611488	8	0.95835	0.54725	0.715919	739	0	0	0.77162	0.53391	1.0	481	0	0
PTPN20A__46619211	8	0.95851	0.54949	0.717878	740	0	0	0.84074	0.70297	1.0	567	0	0
CCDC101__P1P2	8	0.95927	0.55831	0.728427	741	0	0	0.2398	0.0086113	0.055865	99	0	0
LOC643037__P1P2	8	0.95937	0.56036	0.729154	742	0	0	0.18073	0.0044763	0.044496	77	0	0
SLX1A__30205037	8	0.95957	0.56037	0.729154	743	0	0	0.93959	0.93454	1.0	713	0	0
PHF8__P1P2	11	0.96012	0.21878	0.326533	744	0	0	0.83329	0.55545	1.0	557	0	0
MED19__P1P2	8	0.9606	0.5683	0.738489	745	0	0	0.0034166	4.9462e-06	0.000117	30	2	2.2858
CORO1B__67206891	8	0.96084	0.57254	0.742997	746	0	0	0.73634	0.46337	1.0	441	0	0
PDS5A__P1P2	8	0.96109	0.57472	0.743861	747	0	0	0.72428	0.43224	0.979346	429	0	0
TMEM229B__P1	8	0.96128	0.57473	0.743861	748	0	0	0.54502	0.098187	0.34454	271	0	0
SNRPB2__P1P2	8	0.96176	0.57672	0.744452	749	0	0	0.703	0.37837	0.903622	405	0	0
PDLIM7__P1	8	0.9618	0.57672	0.744452	750	0	0	0.59842	0.1554	0.484175	307	0	0
FAF1__P1P2	8	0.96283	0.59477	0.763712	751	0	0	0.5475	0.098187	0.34454	274	0	0
PFDN5__P1P2	8	0.96293	0.59477	0.763712	752	0	0	0.54336	0.098177	0.34454	269	0	0
MLLT3__P1P2	8	0.96307	0.59478	0.763712	753	0	0	0.51649	0.082399	0.314121	246	0	0
DNASE1L1__P1	8	0.96311	0.59478	0.763712	754	0	0	0.74421	0.47842	1.0	453	0	0
CD8B__87088218	8	0.96339	0.59686	0.765368	755	0	0	0.88485	0.8152	1.0	626	0	0
FCGR1B__120935150	8	0.96361	0.59907	0.767185	756	0	0	0.83037	0.67181	1.0	556	0	0
STMND1__P1P2	8	0.96482	0.61492	0.785423	757	0	0	0.32024	0.0086212	0.055865	139	0	0
PHYH__P1P2	8	0.96517	0.62197	0.793376	758	0	0	0.72641	0.44294	1.0	430	0	0
FUT7__P1P2	8	0.96557	0.62737	0.799217	759	0	0	0.28778	0.0086212	0.055865	120	0	0
PHC1__P1P2	8	0.966	0.63427	0.806956	760	0	0	0.87069	0.78509	1.0	600	0	0
UFC1__P1P2	8	0.96621	0.63769	0.810238	761	0	0	0.75284	0.49308	1.0	460	0	0
ATP6AP1__P1P2	8	0.9668	0.64807	0.821301	762	0	0	0.91458	0.8804	1.0	674	0	0
NAIP__70319713	8	0.96697	0.64808	0.821301	763	0	0	0.87261	0.78959	1.0	606	0	0
FAM3B__P1P2	8	0.96714	0.65116	0.823053	764	0	0	0.70528	0.38413	0.912886	406	0	0
PYGO2__P1P2	8	0.96718	0.65116	0.823053	765	0	0	0.40946	0.021155	0.113605	179	0	0
RBM15__110881839	8	0.96747	0.65298	0.824282	766	0	0	4.3276e-06	4.9462e-06	0.000117	20	3	3.7506
FAM203A__ENST00000347708.4	8	0.96872	0.67505	0.848834	767	0	0	0.51693	0.082399	0.314121	247	0	0
KCTD3__P1P2	8	0.9688	0.67681	0.849949	768	0	0	0.31314	0.0086212	0.055865	131	0	0
USP10__P1P2	8	0.96904	0.67833	0.850763	769	0	0	0.4557	0.037962	0.176596	204	0	0
KIAA0247__P1P2	8	0.97036	0.69681	0.872813	770	0	0	0.66254	0.2883	0.776249	359	0	0
SLX1B__29465621	8	0.97055	0.69983	0.875464	771	0	0	0.88498	0.81521	1.0	627	0	0
ZMIZ1__P1P2	11	0.9707	0.3427	0.479973	772	0	0	0.53661	0.047093	0.207122	261	0	0
NAIP__70315936	8	0.97077	0.7043	0.879925	773	0	0	0.84157	0.70459	1.0	569	0	0
UBE2E3__P1P2	8	0.97188	0.71922	0.896271	774	0	0	0.86819	0.78069	1.0	597	0	0
PTPN20B__48826780	8	0.97195	0.71923	0.896271	775	0	0	0.69081	0.35266	0.883463	386	0	0
AMOTL1__P1P2	8	0.97202	0.72069	0.896945	776	0	0	0.31016	0.0086212	0.055865	128	0	0
PKDCC__P1P2	8	0.9721	0.72221	0.89768	777	0	0	0.92089	0.89341	1.0	689	0	0
COPE__P1P2	8	0.97267	0.72748	0.90079	778	0	0	0.91862	0.88863	1.0	682	0	0
C17orf49__P2	8	0.97277	0.72749	0.90079	779	0	0	0.93838	0.93187	1.0	712	0	0
SPEN__P1P2	8	0.97281	0.72749	0.90079	780	0	0	0.59506	0.15139	0.479313	302	0	0
ATF7IP__P1	8	0.97305	0.73118	0.904207	781	0	0	0.29571	0.0086212	0.055865	124	0	0
NR2E3__P1P2	8	0.97326	0.73262	0.904842	782	0	0	0.37091	0.012944	0.076253	161	0	0
ASPM__P1P2	8	0.97354	0.734	0.90539	783	0	0	0.9608	0.96777	1.0	757	0	0
ZNF740__P1P2	8	0.97442	0.7383	0.909019	784	0	0	0.75454	0.49538	1.0	463	0	0
MCTS1__P1P2	8	0.97449	0.73974	0.909019	785	0	0	0.81922	0.65063	1.0	540	0	0
PTPN20B__48806138	8	0.97459	0.73975	0.909019	786	0	0	0.42235	0.034144	0.163533	186	0	0
PRCP__P1	8	0.97505	0.7476	0.91751	787	0	0	0.6134	0.18497	0.565388	316	0	0
CD22__P1P2	11	0.97553	0.40859	0.558578	788	0	0	0.88075	0.68286	1.0	620	0	0
ARHGAP21__P1P2	8	0.97553	0.75411	0.92318	789	0	0	0.1533	0.0044763	0.044496	62	0	0
ELK3__P1P2	8	0.97557	0.75412	0.92318	790	0	0	0.49329	0.058627	0.240445	230	0	0
MESDC2__P1P2	8	0.97589	0.7575	0.926155	791	0	0	0.65611	0.26842	0.732889	354	0	0
KDM3A__P1P2	8	0.97799	0.78941	0.961532	792	0	0	0.52817	0.086494	0.324603	256	0	0
SKP2__P1P2	8	0.97813	0.79261	0.964228	793	0	0	0.73966	0.47075	1.0	445	0	0
NUDT15__P1P2	8	0.9788	0.80227	0.974754	794	0	0	0.8889	0.82388	1.0	634	0	0
HSPA4__P1P2	8	0.97896	0.80452	0.976274	795	0	0	0.39525	0.016951	0.095237	172	0	0
GPR137__P1	8	0.98065	0.82243	0.996757	796	0	0	0.32317	0.0086212	0.055865	140	0	0
UBE3A__P1P2	8	0.9808	0.82422	0.997683	797	0	0	0.45278	0.034153	0.163533	202	0	0
KLLN__P1P2	8	0.98134	0.83081	1.0	798	0	0	0.5375	0.094398	0.343651	264	0	0
DCUN1D3__P1P2	8	0.98162	0.83512	1.0	799	0	0	0.57087	0.12538	0.414524	290	0	0
PAPPA__P1P2	8	0.98194	0.83854	1.0	800	0	0	0.987	0.99572	1.0	806	0	0
EVX2__P1P2	11	0.9821	0.5439	0.712491	801	0	0	0.70928	0.20494	0.609165	410	0	0
EVI5__P1P2	8	0.98369	0.86054	1.0	802	0	0	0.46484	0.04186	0.190173	212	0	0
PKNOX1__P1P2	9	0.98373	0.78127	0.952822	803	0	0	0.58809	0.11089	0.384942	298	0	0
PRC1__P1P2	8	0.98384	0.86282	1.0	804	0	0	0.5783	0.13663	0.447148	292	0	0
PTPN20A__46639859	8	0.98422	0.8664	1.0	805	0	0	0.88768	0.82196	1.0	631	0	0
SSBP3__P1P2	8	0.98439	0.86798	1.0	806	0	0	0.78999	0.57233	1.0	506	0	0
TMX2__P1P2	8	0.98446	0.86799	1.0	807	0	0	0.25525	0.0086113	0.055865	104	0	0
KIDINS220__P1P2	8	0.9845	0.86799	1.0	808	0	0	0.69579	0.36702	0.894004	393	0	0
H2AFX__P1P2	8	0.98467	0.86968	1.0	809	0	0	0.42946	0.034144	0.163533	189	0	0
GPR137__P2	8	0.9848	0.87036	1.0	810	0	0	0.26791	0.0086113	0.055865	111	0	0
HNRNPUL1__P1P2	11	0.98482	0.60416	0.772691	811	0	0	0.42844	0.011708	0.075363	188	0	0
GPBP1__P1P2	8	0.98503	0.87262	1.0	812	0	0	0.75742	0.50501	1.0	468	0	0
CNOT11__P1P2	8	0.98507	0.87326	1.0	813	0	0	0.00012137	4.9462e-06	0.000117	24	3	2.0841
SPECC1L__P1P2	8	0.9854	0.8768	1.0	814	0	0	0.51122	0.070359	0.27688	243	0	0
TCF7L1__P1P2	8	0.98552	0.8775	1.0	815	0	0	0.49602	0.058627	0.240445	234	0	0
B3GAT3__P1P2	8	0.98587	0.88155	1.0	816	0	0	0.10803	1.4839e-05	0.000262	46	1	1.8828
CACHD1__P1P2	8	0.98637	0.88443	1.0	817	0	0	0.71062	0.40132	0.93772	413	0	0
VGLL3__P1P2	8	0.98657	0.88508	1.0	818	0	0	0.6522	0.25816	0.706839	352	0	0
ARL14EP__P1P2	8	0.98683	0.88765	1.0	819	0	0	0.57009	0.12538	0.414524	289	0	0
PCSK1N__P1P2	11	0.98723	0.66583	0.839413	820	0	0	0.52635	0.047093	0.207122	253	0	0
MED13L__P1P2	8	0.98733	0.89457	1.0	821	0	0	0.15473	0.0044763	0.044496	63	0	0
TADA2B__P1P2	8	0.98738	0.89522	1.0	822	0	0	2.7793e-05	4.9462e-06	0.000117	22	3	3.4614
ZMYM4__P1P2	11	0.98746	0.66808	0.841153	823	0	0	0.62676	0.096594	0.34454	328	0	0
CSK__P1P2	8	0.98803	0.90225	1.0	824	0	0	0.29145	0.0086212	0.055865	122	0	0
SPINT1__P1P2	8	0.98817	0.90349	1.0	825	0	0	0.26979	0.0086113	0.055865	112	0	0
PICALM__P1P2	8	0.98868	0.90877	1.0	826	0	0	0.27355	0.0086113	0.055865	114	0	0
GTF2IRD2__74267046	8	0.98904	0.91443	1.0	827	0	0	0.84418	0.71029	1.0	574	0	0
S100A16__P1P2	8	0.98924	0.915	1.0	828	0	0	0.36926	0.012944	0.076253	160	0	0
CTIF__P1P2	8	0.98948	0.91541	1.0	829	0	0	0.40318	0.021145	0.113605	174	0	0
GATA3__P1P2	8	0.98991	0.9183	1.0	830	0	0	0.67939	0.31913	0.816334	377	0	0
HSPA13__P1P2	8	0.99019	0.92129	1.0	831	0	0	0.48458	0.050278	0.21624	223	0	0
PDZK1__145727481	8	0.99035	0.92264	1.0	832	0	0	0.82559	0.66318	1.0	551	0	0
ATP1A1__P1P2	8	0.99038	0.92265	1.0	833	0	0	0.69521	0.36701	0.894004	392	0	0
PATL1__P1P2	8	0.9907	0.92716	1.0	834	0	0	0.67417	0.30354	0.791001	371	0	0
FAM222B__P1	11	0.99076	0.76496	0.9341	835	0	0	0.91192	0.78224	1.0	667	0	0
SOS1__P1P2	8	0.99082	0.92741	1.0	836	0	0	0.77478	0.54302	1.0	486	0	0
MARCKS__P1P2	8	0.99093	0.92803	1.0	837	0	0	0.47149	0.046291	0.205501	215	0	0
DMRT3__P1P2	8	0.991	0.92893	1.0	838	0	0	0.65837	0.27819	0.755305	356	0	0
DCUN1D1__P1P2	8	0.99129	0.93147	1.0	839	0	0	0.44838	0.034153	0.163533	200	0	0
C19orf43__P1P2	8	0.99153	0.93496	1.0	840	0	0	0.37421	0.012944	0.076253	163	0	0
ZNF296__P1P2	8	0.99195	0.93818	1.0	841	0	0	0.28162	0.0086113	0.055865	118	0	0
PCGF2__P1	8	0.992	0.93818	1.0	842	0	0	0.52128	0.082408	0.314121	250	0	0
CDK10__P1P2	8	0.99223	0.94003	1.0	843	0	0	0.3354	0.0086212	0.055865	146	0	0
TRIM28__P1P2	8	0.99298	0.94975	1.0	844	0	0	0.19586	0.0044862	0.044496	87	0	0
ZNF710__P1P2	8	0.99306	0.95002	1.0	845	0	0	0.53116	0.090392	0.336631	258	0	0
UBA5__P1P2	8	0.99328	0.95249	1.0	846	0	0	0.66667	0.3004	0.791001	363	0	0
PPM1F__P1P2	8	0.99337	0.95277	1.0	847	0	0	0.35478	0.012934	0.076253	154	0	0
CTNNB1__P1P2	8	0.99345	0.95336	1.0	848	0	0	0.17377	0.0044763	0.044496	72	0	0
ACAD11__P1P2	8	0.99392	0.95847	1.0	849	0	0	0.59805	0.1554	0.484175	306	0	0
MTCH2__P1P2	8	0.99393	0.95848	1.0	850	0	0	0.59879	0.1554	0.484175	308	0	0
FAM115A__143598483	8	0.9941	0.96056	1.0	851	0	0	0.87716	0.79727	1.0	615	0	0
TMTC2__P1P2	8	0.99418	0.96081	1.0	852	0	0	0.70129	0.37284	0.894812	403	0	0
ATP6V0E1__P1P2	8	0.99431	0.96191	1.0	853	0	0	0.81074	0.62871	1.0	529	0	0
FZR1__P1P2	8	0.99434	0.96192	1.0	854	0	0	0.49963	0.066462	0.269171	236	0	0
SERTAD1__P1P2	8	0.99436	0.96192	1.0	855	0	0	0.69287	0.36112	0.894004	389	0	0
SF1__P1P2	8	0.99457	0.96395	1.0	856	0	0	0.66824	0.30353	0.791001	365	0	0
PINK1__P1P2	8	0.99467	0.96599	1.0	857	0	0	0.56732	0.12195	0.408737	285	0	0
L3MBTL2__P1P2	8	0.99484	0.96773	1.0	858	0	0	0.0046683	4.9462e-06	0.000117	32	2	2.0254
EIF4B__P1P2	8	0.99486	0.96774	1.0	859	0	0	0.17168	0.0044763	0.044496	70	0	0
KAT6A__P1P2	8	0.9949	0.96816	1.0	860	0	0	0.14109	0.0044763	0.044496	58	0	0
UBE2M__P1P2	8	0.99524	0.971	1.0	861	0	0	0.0045278	4.9462e-06	0.000117	31	2	1.9964
ASXL2__P1P2	8	0.99526	0.9712	1.0	862	0	0	0.64056	0.23757	0.667422	341	0	0
ZC3H7B__P1P2	8	0.99533	0.97169	1.0	863	0	0	0.43949	0.034153	0.163533	196	0	0
HRAS__P1	8	0.9955	0.97257	1.0	864	0	0	0.52646	0.086484	0.324603	254	0	0
MED23__P1P2	8	0.99551	0.97258	1.0	865	0	0	0.0002757	4.9462e-06	0.000117	27	3	1.9047
C6orf62__P1	11	0.99574	0.91177	1.0	866	0	0	0.56988	0.05286	0.226343	288	0	0
B4GALT7__P1P2	8	0.99578	0.97483	1.0	867	0	0	0.0065099	4.9462e-06	0.000117	33	2	1.8198
LRRC40__P1P2	8	0.9959	0.97589	1.0	868	0	0	0.77634	0.54487	1.0	490	0	0
ZNF608__P2	8	0.9962	0.97787	1.0	869	0	0	0.22539	0.0044862	0.044496	98	0	0
UFL1__P1P2	8	0.99646	0.97942	1.0	870	0	0	0.46004	0.037972	0.176596	208	0	0
BPTF__P1P2	8	0.9966	0.9801	1.0	871	0	0	0.68754	0.34322	0.864301	383	0	0
MED13__P1P2	8	0.99704	0.98338	1.0	872	0	0	0.0022513	4.9462e-06	0.000117	29	2	2.5901
EYA3__P1P2	8	0.99726	0.98521	1.0	873	0	0	0.31373	0.0086212	0.055865	132	0	0
TTBK2__P1P2	8	0.99736	0.98556	1.0	874	0	0	0.17587	0.0044763	0.044496	74	0	0
RASA2__P1P2	8	0.99739	0.98596	1.0	875	0	0	0.46532	0.04186	0.190173	213	0	0
TULP3__P2	8	0.99745	0.9863	1.0	876	0	0	0.19039	0.0044862	0.044496	84	0	0
PPP1R16B__P1P2	8	0.99767	0.9882	1.0	877	0	0	0.49466	0.058627	0.240445	232	0	0
SHCBP1__P1P2	8	0.99772	0.98861	1.0	878	0	0	0.25652	0.0086113	0.055865	106	0	0
UBE2R2__P1P2	8	0.99773	0.98872	1.0	879	0	0	0.40633	0.021155	0.113605	177	0	0
CLDN3__P1P2	8	0.99773	0.98873	1.0	880	0	0	0.66981	0.30353	0.791001	366	0	0
ZIC2__P1P2	8	0.99799	0.99121	1.0	881	0	0	0.18281	0.0044862	0.044496	79	0	0
TCTN2__P1P2	8	0.99808	0.99178	1.0	882	0	0	0.25843	0.0086113	0.055865	108	0	0
KAT6B__P1P2	8	0.9981	0.99192	1.0	883	0	0	0.38021	0.016941	0.095237	165	0	0
MAP4K3__P1P2	8	0.99818	0.99236	1.0	884	0	0	0.41774	0.029672	0.156746	183	0	0
GMPR2__P1P2	8	0.9982	0.99249	1.0	885	0	0	0.31492	0.0086212	0.055865	134	0	0
MBD6__P1P2	8	0.99855	0.99445	1.0	886	0	0	0.63581	0.22753	0.650467	337	0	0
ING5__P1P2	8	0.99866	0.99495	1.0	887	0	0	0.052809	4.9462e-06	0.000117	41	1	2.535
LHFP__P1P2	8	0.99873	0.995	1.0	888	0	0	0.7389	0.47074	1.0	443	0	0
RNF2__P1P2	8	0.99875	0.9952	1.0	889	0	0	0.75064	0.48593	1.0	459	0	0
EXT1__P1P2	8	0.99878	0.99531	1.0	890	0	0	0.0080768	4.9462e-06	0.000117	37	2	1.8069
FBXO42__P1P2	8	0.99879	0.99532	1.0	891	0	0	0.13019	1.4839e-05	0.000262	54	1	1.743
FAM98A__P1P2	8	0.99882	0.99536	1.0	892	0	0	0.54708	0.098187	0.34454	273	0	0
RUNX1T1__P2	8	0.99883	0.99536	1.0	893	0	0	0.28962	0.0086212	0.055865	121	0	0
RTKN2__P1P2	8	0.99905	0.99641	1.0	894	0	0	0.71861	0.42094	0.97185	420	0	0
TRIP12__P1P2	8	0.99919	0.99719	1.0	895	0	0	0.59916	0.1554	0.484175	309	0	0
STRADA__P1P2	8	0.9992	0.99719	1.0	896	0	0	0.20266	0.0044862	0.044496	89	0	0
KATNA1__P1P2	8	0.99928	0.99767	1.0	897	0	0	0.18419	0.0044862	0.044496	80	0	0
UHMK1__P1P2	8	0.9993	0.99781	1.0	898	0	0	0.44789	0.034153	0.163533	199	0	0
ZNF644__P1P2	8	0.99933	0.99792	1.0	899	0	0	0.69228	0.35825	0.892862	388	0	0
LSM12__P1P2	8	0.99935	0.998	1.0	900	0	0	0.3296	0.0086212	0.055865	144	0	0
SALL2__P1P2	8	0.99935	0.998	1.0	901	0	0	0.43148	0.034144	0.163533	191	0	0
SHC1__P2	8	0.99948	0.99859	1.0	902	0	0	0.14972	0.0044763	0.044496	60	0	0
AHR__P1P2	11	0.99951	0.99448	1.0	903	0	0	0.58492	0.063929	0.259998	297	0	0
NIPBL__P1P2	8	0.99951	0.99867	1.0	904	0	0	0.46817	0.041869	0.190173	214	0	0
SPRY4__P1P2	8	0.99952	0.99868	1.0	905	0	0	0.041731	4.9462e-06	0.000117	40	1	2.8123
BCLAF1__P1P2	8	0.99957	0.99891	1.0	906	0	0	0.59356	0.15138	0.479313	301	0	0
INPP4A__P1P2	8	0.99962	0.9991	1.0	907	0	0	0.27852	0.0086113	0.055865	116	0	0
USP48__P1P2	8	0.99964	0.99926	1.0	908	0	0	0.33192	0.0086212	0.055865	145	0	0
CREBBP__P1P2	8	0.99966	0.99935	1.0	909	0	0	0.009454	4.9462e-06	0.000117	38	1	3.9985
KDM5C__P1P2	8	0.99967	0.99941	1.0	910	0	0	0.0075371	4.9462e-06	0.000117	36	2	1.881
ARHGAP12__P1P2	8	0.9997	0.99945	1.0	911	0	0	0.21744	0.0044862	0.044496	96	0	0
SOX2__P1P2	11	0.99975	0.99756	1.0	912	0	0	0.25725	0.0060195	0.055865	107	0	0
BRPF1__P1P2	8	0.99975	0.99962	1.0	913	0	0	0.18626	0.0044862	0.044496	82	0	0
FAM179B__P1P2	8	0.99975	0.99962	1.0	914	0	0	0.31551	0.0086212	0.055865	135	0	0
TCF3__P1P2	8	0.99976	0.99964	1.0	915	0	0	0.58446	0.14411	0.466907	296	0	0
RALGAPA1__P1P2	8	0.99978	0.99967	1.0	916	0	0	0.4818	0.050268	0.21624	220	0	0
CAPZA1__P1P2	8	0.99979	0.99967	1.0	917	0	0	0.21544	0.0044862	0.044496	94	0	0
ZBTB7B__P1P2	8	0.9998	0.99974	1.0	918	0	0	0.50635	0.07035	0.27688	241	0	0
PTPN14__P1P2	8	0.99987	0.99987	1.0	919	0	0	0.11769	1.4839e-05	0.000262	48	1	1.8314
ATM__P1P2	8	0.99988	0.99988	1.0	920	0	0	0.39419	0.016951	0.095237	171	0	0
SND1__P1P2	8	0.99988	0.99988	1.0	921	0	0	0.074628	1.4839e-05	0.000262	42	1	2.2227
ZSCAN10__P1P2	8	0.99989	0.99989	1.0	922	0	0	0.3615	0.012944	0.076253	157	0	0
MAU2__P1P2	8	0.9999	0.9999	1.0	923	0	0	0.15044	0.0044763	0.044496	61	0	0
BBC3__P1P2	8	0.99991	0.99991	1.0	924	0	0	4.1872e-06	4.9462e-06	0.000117	19	4	1.9093
RBM5__P1P2	8	0.99991	0.99991	1.0	925	0	0	0.00029034	4.9462e-06	0.000117	28	3	1.7735
ATXN2L__P1P2	8	0.99992	0.99994	1.0	926	0	0	0.18143	0.0044763	0.044496	78	0	0
BCR__P1P2	8	0.99993	0.99995	1.0	927	0	0	0.25461	0.0086113	0.055865	103	0	0
NF2__29999349	8	0.99996	0.99997	1.0	928	0	0	4.4213e-10	4.9462e-06	0.000117	10	5	3.1567
MTF2__P1P2	8	0.99997	0.99999	1.0	929	0	0	0.48688	0.054551	0.231588	225	0	0
ZCCHC8__P1P2	8	0.99998	1.0	1.0	930	0	0	0.5446	0.098187	0.34454	270	0	0
SUFU__104263513	8	0.99998	1.0	1.0	931	0	0	1.1402e-09	4.9462e-06	0.000117	14	5	3.5053
PTBP3__P1P2	8	0.99999	1.0	1.0	932	0	0	0.45424	0.034153	0.163533	203	0	0
PLCG1__P1P2	8	0.99999	1.0	1.0	933	0	0	0.20739	0.0044862	0.044496	91	0	0
SGK223__P1P2	8	0.99999	1.0	1.0	934	0	0	1.4243e-12	4.9462e-06	0.000117	6	7	2.5925
PPFIBP1__P1P2	8	0.99999	1.0	1.0	935	0	0	0.46436	0.04186	0.190173	211	0	0
HDAC8__P1P2	8	0.99999	1.0	1.0	936	0	0	0.435	0.034144	0.163533	193	0	0
CBLL1__P1P2	8	0.99999	1.0	1.0	937	0	0	0.0072737	4.9462e-06	0.000117	34	2	2.0926
C11orf73__P1P2	8	0.99999	1.0	1.0	938	0	0	0.31135	0.0086212	0.055865	129	0	0
IBTK__P1	8	1.0	1.0	1.0	939	0	0	0.40737	0.021155	0.113605	178	0	0
FAM72A__ENST00000367128.3	8	1.0	1.0	1.0	940	0	0	0.39259	0.016951	0.095237	170	0	0
TRIP6__P1P2	8	1.0	1.0	1.0	941	0	0	0.37146	0.012944	0.076253	162	0	0
ARAP3__P1P2	8	1.0	1.0	1.0	942	0	0	0.31729	0.0086212	0.055865	137	0	0
SNRK__P1P2	8	1.0	1.0	1.0	943	0	0	0.3261	0.0086212	0.055865	143	0	0
ZNF787__P1P2	8	1.0	1.0	1.0	944	0	0	1.3593e-06	4.9462e-06	0.000117	18	4	2.364
IFT172__P1P2	8	1.0	1.0	1.0	945	0	0	0.19313	0.0044862	0.044496	86	0	0
ZNF90__P1P2	8	1.0	1.0	1.0	946	0	0	0.32376	0.0086212	0.055865	141	0	0
DOCK2__P1P2	8	1.0	1.0	1.0	947	0	0	0.30657	0.0086212	0.055865	127	0	0
TCTN1__P1P2	8	1.0	1.0	1.0	948	0	0	0.22473	0.0044862	0.044496	97	0	0
IFT52__P1P2	8	1.0	1.0	1.0	949	0	0	0.12506	1.4839e-05	0.000262	53	1	1.7523
KCTD10__P1P2	8	1.0	1.0	1.0	950	0	0	0.21276	0.0044862	0.044496	93	0	0
RNF146__P1P2	8	1.0	1.0	1.0	951	0	0	0.13165	1.4839e-05	0.000262	55	1	1.7475
CSPP1__P1P2	8	1.0	1.0	1.0	952	0	0	0.20941	0.0044862	0.044496	92	0	0
INPPL1__P1P2	8	1.0	1.0	1.0	953	0	0	0.34	0.0086212	0.055865	150	0	0
FAM64A__P1P2	8	1.0	1.0	1.0	954	0	0	0.25013	0.0086113	0.055865	102	0	0
ZNF532__P1	8	1.0	1.0	1.0	955	0	0	0.15686	0.0044763	0.044496	64	0	0
BTBD9__P1P2	8	1.0	1.0	1.0	956	0	0	0.31432	0.0086212	0.055865	133	0	0
CCDC6__P1P2	8	1.0	1.0	1.0	957	0	0	9.4589e-15	4.9462e-06	0.000117	5	7	3.016
BAD__P1P2	8	1.0	1.0	1.0	958	0	0	0.16112	0.0044763	0.044496	65	0	0
USP28__P1P2	8	1.0	1.0	1.0	959	0	0	2.0423e-10	4.9462e-06	0.000117	8	6	2.2199
KIRREL__P1P2	8	1.0	1.0	1.0	960	0	0	0.16676	0.0044763	0.044496	68	0	0
MYO9B__P1P2	8	1.0	1.0	1.0	961	0	0	0.16324	0.0044763	0.044496	66	0	0
IFT57__P1P2	8	1.0	1.0	1.0	962	0	0	0.12286	1.4839e-05	0.000262	51	1	1.7716
SETDB1__P1P2	8	1.0	1.0	1.0	963	0	0	0.0074488	4.9462e-06	0.000117	35	2	1.8144
GPATCH8__P1P2	8	1.0	1.0	1.0	964	0	0	2.134e-10	4.9462e-06	0.000117	9	6	2.0911
TP53BP1__P1	8	1.0	1.0	1.0	965	0	0	0.10354	1.4839e-05	0.000262	45	1	1.8902
TP53__P1P2	8	1.0	1.0	1.0	966	0	0	4.6014e-15	4.9462e-06	0.000117	4	7	3.0757
CTNND1__P1P2	8	1.0	1.0	1.0	967	0	0	0.17308	0.0044763	0.044496	71	0	0
TGFBR2__P1P2	8	1.0	1.0	1.0	968	0	0	9.8461e-08	4.9462e-06	0.000117	16	5	1.8887
SUPT20H__P1P2	8	1.0	1.0	1.0	969	0	0	2.4806e-17	4.9462e-06	0.000117	2	7	4.2327
CYP51A1__P1P2	8	1.0	1.0	1.0	970	0	0	1.0167e-15	4.9462e-06	0.000117	3	8	2.2626
BAK1__33547269	8	1.0	1.0	1.0	971	0	0	7.6178e-20	4.9462e-06	0.000117	1	8	3.3414
