id	num	neg|score	neg|p-value	neg|fdr	neg|rank	neg|goodsgrna	neg|lfc	pos|score	pos|p-value	pos|fdr	pos|rank	pos|goodsgrna	pos|lfc
NDUFS8__P1P2	8	7.1316e-12	4.9462e-06	4.6e-05	1	8	-2.7527	1.0	1.0	1.0	964	0	0
PARL__P1P2	8	1.6031e-11	4.9462e-06	4.6e-05	2	8	-2.6362	1.0	1.0	1.0	971	0	0
RPL34__P1P2	8	2.6912e-11	4.9462e-06	4.6e-05	3	8	-2.6376	1.0	1.0	1.0	970	0	0
PIGY__P1P2	8	6.2141e-11	4.9462e-06	4.6e-05	4	8	-2.8619	1.0	1.0	1.0	969	0	0
DDX10__P1P2	8	7.9219e-11	4.9462e-06	4.6e-05	5	7	-3.0271	0.97148	0.97617	1.0	753	0	0
AATF__P1P2	8	8.3101e-11	4.9462e-06	4.6e-05	6	8	-2.6801	1.0	1.0	1.0	968	0	0
MIEF1__P1P2	8	2.4162e-10	4.9462e-06	4.6e-05	7	8	-2.6512	1.0	1.0	1.0	967	0	0
RPS14__P1P2	8	5.3776e-10	4.9462e-06	4.6e-05	8	8	-2.5564	1.0	1.0	1.0	966	0	0
MINOS1-NBL1__P1P2	8	1.3357e-09	4.9462e-06	4.6e-05	9	8	-1.7486	1.0	1.0	1.0	965	0	0
PMVK__P1P2	8	4.9032e-09	4.9462e-06	4.6e-05	10	8	-1.6233	1.0	1.0	1.0	963	0	0
SPTLC2__P1P2	8	7.3492e-09	4.9462e-06	4.6e-05	11	8	-1.9251	1.0	1.0	1.0	962	0	0
NDUFAF6__P1P2	8	1.4694e-08	4.9462e-06	4.6e-05	12	7	-2.4454	1.0	1.0	1.0	946	0	0
CCDC130__P1	8	1.7064e-08	4.9462e-06	4.6e-05	13	7	-2.4413	1.0	1.0	1.0	947	0	0
UQCRC2__P1P2	11	3.1246e-08	4.9462e-06	4.6e-05	14	9	-2.1559	0.95458	0.91354	1.0	717	0	0
DBF4__P1P2	8	5.4721e-08	4.9462e-06	4.6e-05	15	7	-2.0366	0.99998	1.0	1.0	933	0	0
PDS5B__P1P2	8	1.2575e-07	4.9462e-06	4.6e-05	16	7	-1.6892	1.0	1.0	1.0	961	0	0
RPL9__P1P2	8	2.1222e-07	4.9462e-06	4.6e-05	17	7	-2.2547	0.99962	1.0	1.0	902	0	0
SMN2__69345238	8	2.2761e-07	4.9462e-06	4.6e-05	18	5	-2.7947	0.97955	0.98569	1.0	775	0	0
TIMM17B__P1P2	8	2.8433e-07	4.9462e-06	4.6e-05	19	7	-1.8442	0.99464	0.99852	1.0	847	0	0
BUB1__P1P2	8	2.9138e-07	4.9462e-06	4.6e-05	20	7	-1.9176	1.0	1.0	1.0	952	0	0
RPS13__P1P2	8	3.6761e-07	4.9462e-06	4.6e-05	21	7	-2.2161	0.99526	0.99872	1.0	852	0	0
PRKDC__P1P2	8	5.1553e-07	4.9462e-06	4.6e-05	22	7	-1.8257	0.99999	1.0	1.0	937	0	0
NRF1__P1P2	8	5.5916e-07	4.9462e-06	4.6e-05	23	5	-2.8301	0.63376	0.26012	0.683355	367	0	0
WEE1__P1P2	8	6.704e-07	4.9462e-06	4.6e-05	24	5	-2.3837	0.39738	0.038546	0.169574	215	0	0
COG6__P1P2	8	7.4765e-07	4.9462e-06	4.6e-05	25	6	-2.1237	0.95589	0.95024	1.0	719	0	0
NXT1__P1P2	8	7.803e-07	4.9462e-06	4.6e-05	26	7	-1.6706	0.99999	1.0	1.0	934	0	0
DCP2__P1P2	8	8.8492e-07	4.9462e-06	4.6e-05	27	7	-2.1632	1.0	1.0	1.0	960	0	0
CSDE1__P1P2	8	8.9107e-07	4.9462e-06	4.6e-05	28	7	-1.7907	1.0	1.0	1.0	941	0	0
NUTF2__P1P2	8	1.0389e-06	4.9462e-06	4.6e-05	29	6	-2.4798	0.99851	0.99985	1.0	878	0	0
SMARCC1__P1P2	8	1.6433e-06	4.9462e-06	4.6e-05	30	6	-2.1276	0.98632	0.99205	1.0	802	0	0
LIMS1__P1P2	8	3.3416e-06	4.9462e-06	4.6e-05	31	6	-2.0295	1.0	1.0	1.0	958	0	0
IPO7__P1P2	8	6.1422e-06	4.9462e-06	4.6e-05	32	6	-2.0349	0.83958	0.72309	1.0	567	0	0
TMEM68__P1P2	8	6.3792e-06	4.9462e-06	4.6e-05	33	6	-2.1059	0.99868	0.99989	1.0	880	0	0
SLC25A33__P1P2	8	8.5609e-06	4.9462e-06	4.6e-05	34	6	-1.8488	1.0	1.0	1.0	959	0	0
RPL36A__P1P2	8	1.1636e-05	4.9462e-06	4.6e-05	35	6	-1.8213	0.99998	1.0	1.0	932	0	0
MRRF__P1P2	8	1.4975e-05	4.9462e-06	4.6e-05	36	6	-1.8802	0.99987	1.0	1.0	917	0	0
MON2__P1P2	8	1.9305e-05	4.9462e-06	4.6e-05	37	6	-1.5722	0.99403	0.99824	1.0	842	0	0
FECH__P1P2	8	2.0408e-05	4.9462e-06	4.6e-05	38	6	-1.8736	0.98001	0.98623	1.0	778	0	0
PCGF1__P1P2	8	2.1432e-05	4.9462e-06	4.6e-05	39	6	-1.7686	1.0	1.0	1.0	953	0	0
TIMM10__P1P2	8	2.3745e-05	4.9462e-06	4.6e-05	40	5	-2.5844	0.99121	0.99641	1.0	822	0	0
SREK1IP1__P1P2	8	2.4178e-05	4.9462e-06	4.6e-05	41	6	-1.6878	0.92958	0.90343	1.0	677	0	0
ISCA1__P1P2	8	2.4468e-05	4.9462e-06	4.6e-05	42	6	-1.8559	0.19245	0.016782	0.113348	124	1	0.97071
ILK__P1P2	8	2.6268e-05	4.9462e-06	4.6e-05	43	6	-2.14	1.0	1.0	1.0	944	0	0
BRMS1__P1P2	8	2.6422e-05	4.9462e-06	4.6e-05	44	6	-1.3867	0.99871	0.99989	1.0	881	0	0
DROSHA__31531421	8	2.6734e-05	4.9462e-06	4.6e-05	45	6	-2.3255	0.62018	0.24327	0.651422	357	0	0
C1QTNF9B-AS1__P1P2	8	3.5826e-05	4.9462e-06	4.6e-05	46	5	-2.3776	0.99929	0.99999	1.0	891	0	0
SAE1__P1P2	8	6.0071e-05	4.9462e-06	4.6e-05	47	5	-2.457	0.98875	0.99456	1.0	811	0	0
U2SURP__P1P2	8	6.4034e-05	4.9462e-06	4.6e-05	48	5	-2.0731	0.99933	0.99999	1.0	893	0	0
TBC1D31__P1P2	8	8.443e-05	4.9462e-06	4.6e-05	49	5	-2.0693	0.99941	1.0	1.0	896	0	0
BMS1__P1P2	8	8.6086e-05	4.9462e-06	4.6e-05	50	5	-2.4368	0.99982	1.0	1.0	914	0	0
RPL14__P1P2	8	9.7555e-05	4.9462e-06	4.6e-05	51	5	-2.2025	0.97837	0.98459	1.0	772	0	0
PTK2__P1P2	8	0.00011371	4.9462e-06	4.6e-05	52	5	-1.8703	0.99993	1.0	1.0	924	0	0
CHEK1__P1P2	8	0.00012424	4.9462e-06	4.6e-05	53	4	-1.1089	0.009899	4.9462e-06	6.2e-05	75	2	0.9205
C7orf26__P1P2	8	0.00013612	4.9462e-06	4.6e-05	54	5	-1.7316	0.99994	1.0	1.0	925	0	0
USMG5__P1P2	8	0.00015699	4.9462e-06	4.6e-05	55	5	-2.2562	0.623	0.24328	0.651422	359	0	0
KAT5__P1P2	8	0.00017683	4.9462e-06	4.6e-05	56	5	-2.2307	0.99836	0.99982	1.0	876	0	0
ARHGAP4__P1	8	0.00018677	4.9462e-06	4.6e-05	57	5	-2.009	0.66318	0.31568	0.76519	399	0	0
HMBS__P1	8	0.00021217	4.9462e-06	4.6e-05	58	5	-1.8109	0.97017	0.97409	1.0	750	0	0
PPIL1__P1P2	8	0.00023489	4.9462e-06	4.6e-05	59	5	-1.9286	0.99715	0.99951	1.0	865	0	0
FAM122A__P1P2	8	0.0002483	4.9462e-06	4.6e-05	60	5	-2.0085	0.97799	0.98437	1.0	770	0	0
OCIAD1__P1P2	8	0.00024967	4.9462e-06	4.6e-05	61	5	-2.0162	0.99881	0.99992	1.0	883	0	0
IMMT__P1P2	8	0.00025523	4.9462e-06	4.6e-05	62	5	-2.3627	0.88914	0.8212	1.0	629	0	0
VPS51__P1P2	8	0.00026662	4.9462e-06	4.6e-05	63	5	-1.6703	0.82361	0.67574	1.0	549	0	0
WDR70__P1P2	8	0.00027092	4.9462e-06	4.6e-05	64	4	-2.5286	0.76263	0.51435	1.0	497	0	0
FDXR__P1P2	11	0.00028307	4.9462e-06	4.6e-05	65	4	-2.3758	0.99371	0.99561	1.0	838	0	0
FLII__18161284	8	0.00031457	4.9462e-06	4.6e-05	66	5	-1.75	0.99525	0.99871	1.0	851	0	0
DUSP11__P1P2	8	0.00032627	4.9462e-06	4.6e-05	67	5	-1.6716	1.0	1.0	1.0	942	0	0
GDI2__P1	8	0.00039383	4.9462e-06	4.6e-05	68	5	-1.5016	0.99999	1.0	1.0	938	0	0
NUP188__P1P2	8	0.00040775	4.9462e-06	4.6e-05	69	5	-1.5293	0.51299	0.11911	0.412007	280	0	0
ABHD16A__P1P2	8	0.00040977	4.9462e-06	4.6e-05	70	5	-1.442	1.0	1.0	1.0	940	0	0
GHITM__P1P2	8	0.00041998	4.9462e-06	4.6e-05	71	5	-1.6743	1.0	1.0	1.0	951	0	0
TLN1__P1P2	8	0.00043886	4.9462e-06	4.6e-05	72	5	-1.4039	1.0	1.0	1.0	955	0	0
ELOVL6__P1P2	8	0.00048316	4.9462e-06	4.6e-05	73	5	-1.3409	0.99822	0.99978	1.0	874	0	0
EIF4A1__P1P2	8	0.000522	4.9462e-06	4.6e-05	74	4	-2.2678	0.95763	0.95375	1.0	721	0	0
UBA3__P1P2	8	0.00064622	4.9462e-06	4.6e-05	75	4	-2.2421	0.79664	0.61473	1.0	532	0	0
GTF2H2__ENST00000274400.5_ENST00000330280.7	8	0.00081761	4.9462e-06	4.6e-05	76	4	-2.6536	0.79375	0.60946	1.0	530	0	0
RPS8__P1P2	8	0.00082735	4.9462e-06	4.6e-05	77	4	-2.415	0.90597	0.85866	1.0	650	0	0
PDSS1__P1P2	11	0.00089637	4.9462e-06	4.6e-05	78	5	-1.9603	1.0	1.0	1.0	945	0	0
SMARCA5__P1P2	8	0.00093669	4.9462e-06	4.6e-05	79	4	-1.7558	0.99859	0.99986	1.0	879	0	0
POLR1B__P1P2	8	0.0012809	4.9462e-06	4.6e-05	80	3	-3.2005	0.93729	0.9167	1.0	693	0	0
GNB2L1__P1P2	8	0.0013001	4.9462e-06	4.6e-05	81	4	-2.0216	0.64325	0.28644	0.729935	378	0	0
NEDD8-MDP1__P1P2	8	0.0014707	4.9462e-06	4.6e-05	82	3	-2.1146	0.36705	0.033956	0.157212	199	0	0
GTF3A__P1P2	8	0.001632	4.9462e-06	4.6e-05	83	4	-1.9013	0.99233	0.9971	1.0	829	0	0
DNMT1__P1P2	8	0.0016774	4.9462e-06	4.6e-05	84	3	-2.7078	0.9256	0.89687	1.0	671	0	0
SETDB1__P1P2	8	0.001684	4.9462e-06	4.6e-05	85	4	-1.6626	1.0	1.0	1.0	957	0	0
RPS11__P1P2	8	0.0017397	4.9462e-06	4.6e-05	86	3	-2.7544	0.97199	0.97662	1.0	754	0	0
ORC5__P1P2	8	0.0018852	4.9462e-06	4.6e-05	87	4	-2.1697	0.98643	0.99222	1.0	803	0	0
CHERP__P1P2	8	0.0023135	4.9462e-06	4.6e-05	88	4	-1.8579	0.87042	0.79013	1.0	605	0	0
ANKRD49__P1P2	8	0.0023245	4.9462e-06	4.6e-05	89	4	-1.9569	0.93513	0.9136	1.0	687	0	0
TSPYL1__P1P2	8	0.0029098	4.9462e-06	4.6e-05	90	4	-1.7012	1.0	1.0	1.0	956	0	0
GPR89A__ENST00000313835.9	8	0.002988	4.9462e-06	4.6e-05	91	4	-1.9121	0.76426	0.52109	1.0	499	0	0
CHTF18__P1P2	8	0.0030276	4.9462e-06	4.6e-05	92	4	-1.7798	0.88423	0.8155	1.0	625	0	0
TAF9__P1P2	8	0.0030543	4.9462e-06	4.6e-05	93	4	-1.3923	0.93322	0.9115	1.0	681	0	0
CNOT3__P1P2	8	0.0038542	4.9462e-06	4.6e-05	94	3	-2.0254	0.5446	0.16167	0.520361	298	0	0
MTF1__P1P2	8	0.003997	4.9462e-06	4.6e-05	95	4	-1.4721	0.98469	0.99084	1.0	792	0	0
ATPAF2__P1P2	8	0.0040294	4.9462e-06	4.6e-05	96	4	-1.7555	0.98328	0.98919	1.0	790	0	0
TMEM258__P1P2	8	0.0042276	4.9462e-06	4.6e-05	97	4	-1.7371	0.99683	0.99938	1.0	862	0	0
NPLOC4__P1P2	8	0.0045024	4.9462e-06	4.6e-05	98	4	-1.7357	0.99934	0.99999	1.0	894	0	0
PRPF40A__P1P2	8	0.0046683	4.9462e-06	4.6e-05	99	2	-1.8274	0.95922	0.95607	1.0	727	0	0
ING1__P1	8	0.0051467	4.9462e-06	4.6e-05	100	4	-1.4227	0.86233	0.77522	1.0	594	0	0
ABCB10__P1P2	8	0.0053532	4.9462e-06	4.6e-05	101	1	-3.8924	0.90895	0.86397	1.0	654	0	0
ATF7IP__P1	8	0.0054416	4.9462e-06	4.6e-05	102	4	-1.3364	0.99992	1.0	1.0	922	0	0
CYLD__P1P2	8	0.0056241	4.9462e-06	4.6e-05	103	4	-1.5837	1.0	1.0	1.0	954	0	0
EAF1__P1P2	8	0.0056446	4.9462e-06	4.6e-05	104	4	-1.2492	1.0	1.0	1.0	950	0	0
RBX1__P1P2	8	0.0058877	4.9462e-06	4.6e-05	105	3	-2.1596	0.49602	0.10313	0.368584	268	0	0
SMN1__70220656	8	0.0061746	1.4839e-05	0.000132	106	3	-2.1182	0.96763	0.97007	1.0	742	0	0
ENY2__P1P2	8	0.0076559	1.4839e-05	0.000132	107	3	-1.9998	0.8579	0.76787	1.0	588	0	0
C6orf47__P1P2	8	0.0082606	1.4839e-05	0.000132	108	3	-2.4201	0.60432	0.21943	0.611128	348	0	0
PALB2__P1P2	8	0.009902	2.4731e-05	0.0002	109	3	-1.3929	0.21744	0.016782	0.113348	130	1	0.71202
RBM7__P1P2	8	0.01109	2.4731e-05	0.0002	110	1	-3.8774	0.32082	0.025418	0.132884	170	1	0.62534
VWA9__P1P2	8	0.011718	2.4731e-05	0.0002	111	3	-2.0396	0.82559	0.68216	1.0	552	0	0
ATRIP__P1P2	8	0.011907	2.4731e-05	0.0002	112	2	-1.8199	0.52431	0.13454	0.443334	289	0	0
PKMYT1__P1P2	8	0.011978	2.4731e-05	0.0002	113	3	-1.538	0.88029	0.81264	1.0	614	0	0
FAM60A__P1P2	8	0.012188	2.4731e-05	0.0002	114	3	-2.0897	0.94457	0.93063	1.0	702	0	0
MEX3A__P1P2	8	0.012777	2.4731e-05	0.0002	115	2	-2.9701	0.69521	0.39314	0.871915	429	0	0
NFYB__P1P2	8	0.012832	2.4731e-05	0.0002	116	3	-2.2781	0.98805	0.99412	1.0	807	0	0
HEXIM2__P2	11	0.014097	1.4839e-05	0.000132	117	1	-3.5039	0.85719	0.62279	1.0	586	0	0
KDSR__P1P2	8	0.014355	2.4731e-05	0.0002	118	2	-2.6175	0.83089	0.69743	1.0	558	0	0
CMC1__P1P2	8	0.015184	2.4731e-05	0.0002	119	3	-1.726	0.99195	0.99677	1.0	824	0	0
EIF3F__P1P2	11	0.01619	2.4731e-05	0.0002	120	4	-2.1302	0.88238	0.70973	1.0	619	0	0
RIF1__P1P2	8	0.016862	3.4623e-05	0.000269	121	3	-1.7094	0.97633	0.98242	1.0	765	0	0
LSR__P1P2	8	0.018428	3.4623e-05	0.000269	122	3	-2.1452	0.32141	0.025428	0.132884	171	0	0
PLEKHH2__P1P2	8	0.018919	3.4623e-05	0.000269	123	3	-2.1942	0.92611	0.89908	1.0	672	0	0
TRIP13__P1P2	8	0.020047	3.4623e-05	0.000269	124	1	-3.2695	0.69609	0.39314	0.871915	431	0	0
COL4A3BP__P1P2	8	0.020464	3.4623e-05	0.000269	125	3	-1.7661	0.99969	1.0	1.0	907	0	0
BCKDHA__P1	8	0.022005	4.4516e-05	0.000343	126	3	-1.7986	0.98038	0.98646	1.0	782	0	0
ARHGAP11B__30918117	8	0.023286	5.4408e-05	0.000416	127	1	-2.8317	0.63308	0.26012	0.683355	366	0	0
IBA57__P1P2	8	0.024559	0.00013355	0.000969	128	3	-2.0187	0.99345	0.99795	1.0	836	0	0
CCDC12__P1	8	0.025446	0.00013355	0.000969	129	3	-1.7153	0.67044	0.32788	0.775442	404	0	0
NPDC1__P1P2	8	0.025528	0.00013355	0.000969	130	3	-1.6343	0.94535	0.93295	1.0	703	0	0
KDM4A__P1P2	8	0.02571	0.00013355	0.000969	131	1	-2.455	0.99964	1.0	1.0	903	0	0
GTF3C2__P1P2	8	0.02604	0.00013355	0.000969	132	2	-2.0081	0.9826	0.98838	1.0	787	0	0
NAE1__P1P2	8	0.026103	0.00013355	0.000969	133	3	-1.6216	0.11176	0.0042389	0.034415	113	1	1.0979
MANSC1__P1P2	8	0.026195	0.00013355	0.000969	134	2	-2.5536	0.79104	0.60169	1.0	528	0	0
TAF6__P1P2	8	0.027616	0.00014344	0.001018	135	3	-1.679	0.97784	0.98423	1.0	768	0	0
ESYT2__P1P2	8	0.029737	0.00014344	0.001018	136	1	-3.497	0.3354	0.025428	0.132884	182	0	0
AKAP3__P1	8	0.030607	0.00014344	0.001018	137	3	-1.6199	0.99005	0.99535	1.0	817	0	0
DOCK1__P1P2	8	0.031245	0.00016322	0.001125	138	3	-1.4335	0.99117	0.9964	1.0	821	0	0
CWC27__P1P2	8	0.031705	0.00016322	0.001125	139	3	-1.1972	0.99985	1.0	1.0	915	0	0
PDIA4__P1P2	8	0.032146	0.00016322	0.001125	140	1	-3.4372	0.83908	0.72308	1.0	565	0	0
RAD9A__P1P2	8	0.032448	0.00016322	0.001125	141	3	-1.4471	0.97566	0.98144	1.0	762	0	0
TINF2__P1P2	8	0.033711	0.00017312	0.001153	142	3	-2.0774	0.37966	0.033965	0.157212	208	0	0
SF3A2__P2	8	0.033749	0.00017312	0.001153	143	2	-1.8528	0.8561	0.76419	1.0	584	0	0
ACLY__P1P2	8	0.035423	0.00017312	0.001153	144	3	-1.3248	0.96613	0.96853	1.0	740	0	0
HNRNPLL__P1P2	8	0.037116	0.00017312	0.001153	145	3	-1.7449	0.65998	0.3125	0.763227	393	0	0
NRBP1__P1P2	8	0.037724	0.00017312	0.001153	146	3	-1.5857	0.95221	0.94321	1.0	711	0	0
DHX35__P1P2	8	0.037928	0.00018301	0.001163	147	3	-1.3375	0.73711	0.46302	0.94748	473	0	0
UHRF1__P1P2	8	0.038546	0.00018301	0.001163	148	2	-2.4486	0.96329	0.96286	1.0	736	0	0
TPR__P1P2	8	0.039269	0.00018301	0.001163	149	3	-1.9382	0.74966	0.4939	0.98549	482	0	0
CHCHD3__P1P2	8	0.039896	0.00018301	0.001163	150	3	-1.4442	0.77049	0.53924	1.0	507	0	0
ACTR8__P1P2	8	0.040001	0.00018301	0.001163	151	3	-1.3483	0.78999	0.59759	1.0	527	0	0
MRGBP__P1P2	8	0.040847	0.00018301	0.001163	152	3	-1.9121	0.3377	0.025428	0.132884	186	0	0
STK3__P1P2	8	0.04106	0.00018301	0.001163	153	2	-2.4345	0.86102	0.77282	1.0	592	0	0
CENPL__P1P2	8	0.043703	0.0001929	0.001218	154	2	-2.1144	0.8927	0.82799	1.0	633	0	0
TRIM52__P1P2	8	0.044115	0.00020279	0.001272	155	1	-3.5835	0.96393	0.9642	1.0	737	0	0
ITGB3__P1P2	8	0.046493	0.00027204	0.001684	156	1	-2.9763	0.36981	0.033956	0.157212	201	0	0
IL18R1__P1	8	0.048075	0.00027204	0.001684	157	1	-2.708	0.72773	0.43963	0.913081	465	0	0
COPS8__237994319	8	0.050392	0.00028193	0.001713	158	2	-1.9259	0.96256	0.96215	1.0	735	0	0
PABPC4__P1P2	8	0.050445	0.00028193	0.001713	159	2	-2.3642	0.33655	0.025428	0.132884	184	0	0
MCM7__P1P2	8	0.050594	0.00028193	0.001713	160	2	-2.2348	0.98599	0.99171	1.0	799	0	0
HMGCR__P1P2	8	0.053596	0.0003215	0.001905	161	1	-3.4846	0.99251	0.99719	1.0	830	0	0
CAPG__P1	8	0.054382	0.0003215	0.001905	162	1	-2.65	0.85442	0.76012	1.0	583	0	0
WDR18__P1P2	8	0.055953	0.0003215	0.001905	163	1	-2.9444	0.59356	0.20494	0.582448	340	0	0
ZBTB4__P1	8	0.055965	0.0003215	0.001905	164	2	-2.1598	0.99824	0.99979	1.0	875	0	0
PAN2__P1P2	8	0.059871	0.00033139	0.001952	165	1	-2.5349	0.8027	0.63169	1.0	537	0	0
GFRA4__ENST00000290417.2_ENST00000319242.3	8	0.062995	0.00042043	0.002462	166	1	-2.6172	0.61734	0.24327	0.651422	355	0	0
RABL5__P1P2	8	0.064403	0.00050946	0.002965	167	2	-2.1663	0.9343	0.91254	1.0	682	0	0
INTS10__P1P2	8	0.067313	0.00051935	0.003005	168	2	-1.7983	0.46245	0.070913	0.273562	250	0	0
DHH__P1P2	8	0.06999	0.00062817	0.003585	169	1	-3.1703	0.73298	0.45307	0.929071	472	0	0
RASAL2__P1P2	8	0.07165	0.00063806	0.003585	170	2	-2.5091	0.1447	0.0042488	0.034415	118	1	1.0105
LRRC40__P1P2	8	0.073084	0.00063806	0.003585	171	1	-2.3916	0.73992	0.46984	0.955433	475	0	0
FAM102A__P1P2	8	0.073857	0.00063806	0.003585	172	1	-3.1244	0.7322	0.45058	0.927895	469	0	0
RNPS1__P1P2	8	0.074673	0.00063806	0.003585	173	2	-2.2209	0.70613	0.41231	0.892593	443	0	0
UNC45A__P1	8	0.077709	0.00076666	0.004258	174	2	-2.1164	0.99269	0.99737	1.0	833	0	0
DEGS1__P1P2	8	0.08013	0.00076666	0.004258	175	2	-2.1985	0.34172	0.029801	0.148595	187	0	0
TNRC6A__P1P2	8	0.081576	0.00077655	0.004264	176	2	-1.96	0.97595	0.98154	1.0	764	0	0
HDAC7__P1P2	8	0.083079	0.00077655	0.004264	177	1	-3.2598	0.82896	0.69299	1.0	556	0	0
UNC13B__P1P2	8	0.086898	0.00089526	0.004834	178	1	-2.5361	0.94714	0.93551	1.0	707	0	0
TRIM56__P1P2	8	0.089183	0.00089526	0.004834	179	1	-2.7323	0.67231	0.32789	0.775442	407	0	0
PTBP1__P1P2	8	0.092221	0.00089526	0.004834	180	1	-2.9499	0.68394	0.36457	0.843739	415	0	0
CRLS1__P1P2	8	0.09728	0.00090515	0.004834	181	2	-2.035	0.86028	0.77282	1.0	590	0	0
NDE1__P1	8	0.097517	0.00090515	0.004834	182	1	-2.575	0.85227	0.75495	1.0	581	0	0
TM9SF2__P1P2	8	0.10692	0.0055348	0.025202	183	2	-1.3137	0.99996	1.0	1.0	928	0	0
FAM107A__P1P2	8	0.11101	0.0056931	0.025202	184	1	-2.7324	0.083079	0.00021269	0.001846	106	1	1.104
PHF6__P1P2	8	0.11176	0.0056931	0.025202	185	1	-2.7242	0.99981	1.0	1.0	912	0	0
ISOC2__P1	8	0.11695	0.0056931	0.025202	186	1	-2.8325	0.64291	0.28644	0.729935	377	0	0
TXNDC16__P1P2	8	0.11769	0.0056931	0.025202	187	1	-2.3144	0.61555	0.23625	0.646872	354	0	0
BIVM__P1	8	0.11917	0.0056931	0.025202	188	1	-2.9326	0.62475	0.24328	0.651422	360	0	0
COG5__P1P2	8	0.12067	0.0056931	0.025202	189	2	-1.6734	0.65643	0.29648	0.735148	390	0	0
ARID1A__P1P2	8	0.12342	0.0056931	0.025202	190	2	-1.4814	0.99924	0.99999	1.0	889	0	0
CDC26__P1P2	8	0.12359	0.0056931	0.025202	191	2	-2.1241	0.69725	0.39315	0.871915	433	0	0
MAGED2__P2	8	0.12536	0.005703	0.025202	192	2	-1.6424	0.54997	0.16896	0.524624	303	0	0
NDC1__P1P2	8	0.12619	0.005703	0.025202	193	2	-1.4452	0.99999	1.0	1.0	935	0	0
PPP1CB__P1P2	8	0.12675	0.005703	0.025202	194	2	-1.5901	0.3753	0.033956	0.157212	206	0	0
GGCT__P1P2	8	0.12873	0.005703	0.025202	195	1	-2.1645	0.74868	0.49389	0.98549	480	0	0
CFDP1__P1	8	0.12954	0.005703	0.025202	196	2	-1.7618	0.89502	0.82966	1.0	636	0	0
SCAF11__P1P2	8	0.13311	0.005703	0.025202	197	1	-3.1581	0.99573	0.99902	1.0	856	0	0
GART__P1P2	8	0.13348	0.005703	0.025202	198	2	-1.4051	0.99039	0.99573	1.0	819	0	0
FUBP3__P1P2	8	0.13675	0.005703	0.025202	199	1	-2.8044	0.23132	0.016792	0.113348	134	1	0.80452
CD99L2__P1P2	8	0.13745	0.005703	0.025202	200	2	-1.7613	0.56811	0.17641	0.529217	320	0	0
MEAF6__P1P2	8	0.13747	0.005703	0.025202	201	1	-2.2986	0.24498	0.016792	0.113348	139	1	0.7614
USF2__P1P2	8	0.13774	0.005703	0.025202	202	2	-1.8968	0.99946	1.0	1.0	898	0	0
GTF2I__74071821	8	0.13888	0.005703	0.025202	203	2	-1.6007	0.37036	0.033956	0.157212	202	0	0
IRX1__P1P2	8	0.13892	0.005703	0.025202	204	1	-2.456	0.6987	0.39315	0.871915	434	0	0
LUZP1__P1P2	8	0.14109	0.0059898	0.025202	205	1	-2.471	0.94689	0.9355	1.0	706	0	0
RAC1__P1P2	8	0.14289	0.0059898	0.025202	206	2	-1.8127	0.99981	1.0	1.0	913	0	0
CHEK2__P1P2	8	0.14405	0.0059898	0.025202	207	2	-1.2299	0.89141	0.82408	1.0	631	0	0
RRP8__P1P2	8	0.14434	0.0059898	0.025202	208	2	-1.8034	0.69346	0.38443	0.864973	428	0	0
TAF11__P1P2	8	0.14491	0.0059898	0.025202	209	2	-1.4786	0.9582	0.95469	1.0	724	0	0
TATDN2__P1P2	8	0.14614	0.0059898	0.025202	210	1	-2.6514	0.99999	1.0	1.0	939	0	0
TGDS__P1P2	8	0.14685	0.0059898	0.025202	211	1	-2.8941	0.77433	0.54802	1.0	510	0	0
FAM58A__P1P2	8	0.14781	0.0059898	0.025202	212	2	-1.6917	0.99932	0.99999	1.0	892	0	0
SLC30A3__P1P2	8	0.14897	0.0059898	0.025202	213	2	-1.9103	0.21142	0.016782	0.113348	129	1	0.82217
NPY4R__P1P2	8	0.14972	0.0059898	0.025202	214	1	-2.3613	0.70556	0.41231	0.892593	441	0	0
GPR89B__147400326	8	0.15044	0.0059898	0.025202	215	1	-2.5961	0.44395	0.054878	0.223186	237	0	0
RIC8A__P2	8	0.15259	0.0059997	0.025202	216	1	-2.5334	0.98459	0.99079	1.0	791	0	0
BRD2__P1	8	0.15365	0.0059997	0.025202	217	2	-1.562	0.95653	0.95138	1.0	720	0	0
TPI1__P1P2	8	0.15424	0.0059997	0.025202	218	2	-1.5136	0.97213	0.97663	1.0	755	0	0
NSDHL__P1P2	8	0.15541	0.0059997	0.025202	219	2	-1.439	0.95045	0.94064	1.0	710	0	0
GNAI1__P1P2	8	0.15571	0.0059997	0.025202	220	2	-1.8482	0.58331	0.1979	0.574211	333	0	0
CDC42EP5__P1P2	8	0.156	0.0059997	0.025202	221	2	-1.2939	0.59767	0.21579	0.607985	342	0	0
MOSPD2__P1P2	8	0.15689	0.0059997	0.025202	222	2	-1.4687	0.98616	0.99191	1.0	801	0	0
EMC1__P1P2	8	0.15777	0.0059997	0.025202	223	2	-1.6936	0.54791	0.16531	0.524624	301	0	0
AGPS__P1P2	8	0.15899	0.0059997	0.025202	224	1	-2.3563	0.99997	1.0	1.0	930	0	0
SRSF11__P2	8	0.16112	0.0059997	0.025202	225	1	-2.3811	0.68903	0.37296	0.84898	424	0	0
SLC38A10__P1P2	8	0.16394	0.0062371	0.025202	226	1	-2.2445	0.96587	0.96837	1.0	739	0	0
ATL3__P1P2	8	0.16957	0.006247	0.025202	227	1	-2.499	0.91381	0.87328	1.0	658	0	0
C19orf70__P1P2	8	0.17029	0.006247	0.025202	228	2	-1.2132	1.0	1.0	1.0	943	0	0
AP1G1__P1P2	8	0.1727	0.006247	0.025202	229	2	-1.2606	0.99711	0.9995	1.0	864	0	0
CDK2__P1P2	8	0.17482	0.006247	0.025202	230	2	-1.3123	1.0	1.0	1.0	949	0	0
SREBF1__P1	8	0.17587	0.006524	0.025202	231	1	-2.0948	0.34572	0.029801	0.148595	189	0	0
LIAS__P1P2	8	0.17656	0.006524	0.025202	232	1	-2.2807	0.79969	0.62407	1.0	535	0	0
TAF3__P1P2	8	0.17846	0.006524	0.025202	233	2	-1.2898	0.79868	0.62222	1.0	534	0	0
RPUSD4__P1P2	8	0.17935	0.006524	0.025202	234	1	-2.2687	0.98122	0.98717	1.0	785	0	0
ZNF444__P1P2	8	0.17968	0.006524	0.025202	235	2	-1.7001	0.94581	0.93364	1.0	704	0	0
FDX1__P1P2	8	0.18059	0.006524	0.025202	236	2	-1.1029	0.99992	1.0	1.0	923	0	0
HEXIM1__P1P2	8	0.18151	0.006524	0.025202	237	2	-1.0319	0.99995	1.0	1.0	926	0	0
ADAMTS16__P2	8	0.18212	0.006524	0.025202	238	1	-2.6045	0.7567	0.5049	0.98549	492	0	0
TBCC__P1P2	8	0.1835	0.006524	0.025202	239	1	-2.3099	0.87951	0.81173	1.0	611	0	0
ISY1__P1P2	8	0.18419	0.006524	0.025202	240	1	-2.3589	0.63649	0.26698	0.693889	370	0	0
HCN2__P1P2	8	0.18456	0.006524	0.025202	241	2	-1.2782	0.75932	0.50491	0.98549	494	0	0
RAD21__P1P2	8	0.18671	0.0065339	0.025202	242	2	-1.5738	0.71174	0.42056	0.894515	450	0	0
TSSC1__P1P2	8	0.18733	0.0065339	0.025202	243	2	-1.1993	0.92811	0.90159	1.0	675	0	0
ZEB2__P1	8	0.18764	0.0065339	0.025202	244	1	-2.4802	0.96998	0.97392	1.0	749	0	0
DICER1__P1P2	8	0.19102	0.0065339	0.025202	245	2	-1.1968	0.43098	0.051059	0.213922	231	0	0
LRRC28__P1P2	8	0.19108	0.0065339	0.025202	246	1	-2.3503	0.53455	0.13845	0.450074	296	0	0
PRKRIR__P1P2	8	0.19133	0.0065339	0.025202	247	2	-1.2338	0.29023	0.020997	0.128356	153	1	0.70973
SAP30BP__P1P2	8	0.19195	0.0065339	0.025202	248	2	-1.7571	0.9029	0.8514	1.0	647	0	0
TMEM110__P1P2	8	0.19245	0.0065339	0.025202	249	1	-2.5693	0.79705	0.61473	1.0	533	0	0
ANP32B__P1P2	8	0.19382	0.0065339	0.025202	250	1	-2.2982	0.39632	0.038546	0.169574	213	0	0
UBA2__P1P2	8	0.19442	0.0065339	0.025202	251	2	-1.4125	0.95947	0.95697	1.0	729	0	0
PIP4K2C__P1P2	8	0.1945	0.0065339	0.025202	252	1	-2.3896	0.043321	0.00016322	0.001619	97	1	1.5524
BCL2L13__P1P2	8	0.20806	0.0067515	0.025837	253	1	-1.796	0.67293	0.32789	0.775442	408	0	0
PPP2R5E__P1P2	8	0.21142	0.0067515	0.025837	254	1	-2.1267	0.0031678	4.9462e-06	6.2e-05	66	3	0.98386
FBXO8__P1	8	0.21477	0.010896	0.041211	255	1	-2.0143	0.71312	0.42056	0.894515	452	0	0
RAI14__P1P2	8	0.21744	0.010896	0.041211	256	1	-2.5684	0.995	0.99864	1.0	849	0	0
DENND5A__P1P2	11	0.23085	0.0085025	0.03241	257	1	-2.1413	0.60146	0.1306	0.437749	345	0	0
SPAG9__P1P2	8	0.2385	0.015061	0.055663	258	1	-2.4212	0.99992	1.0	1.0	921	0	0
C11orf58__P1P2	8	0.23915	0.015061	0.055663	259	1	-2.4233	0.77094	0.53925	1.0	508	0	0
HIST2H2BE__149857437	8	0.24045	0.015061	0.055663	260	1	-2.0923	0.70641	0.41231	0.892593	444	0	0
VPS26A__P1P2	8	0.24756	0.015061	0.055663	261	1	-2.7284	0.99883	0.99993	1.0	884	0	0
SCYL1__P1P2	8	0.25141	0.015061	0.055663	262	1	-2.2465	0.34743	0.029801	0.148595	190	0	0
MSI1__P1P2	8	0.25205	0.015061	0.055663	263	1	-2.3019	0.9995	1.0	1.0	900	0	0
PPP2R5C__P1P2	8	0.25397	0.019622	0.067666	264	1	-1.7691	0.86291	0.77523	1.0	595	0	0
CST1__P1P2	8	0.25525	0.019622	0.067666	265	1	-2.4553	0.89548	0.8307	1.0	637	0	0
SMAD1__P1P2	8	0.25907	0.019622	0.067666	266	1	-2.2796	0.90722	0.86024	1.0	652	0	0
DGCR8__P1P2	8	0.26097	0.019622	0.067666	267	1	-2.0209	0.49055	0.094922	0.34556	266	0	0
STT3B__P1P2	8	0.26539	0.019622	0.067666	268	1	-2.1569	0.72853	0.44246	0.913125	466	0	0
ZSCAN18__P2	8	0.26602	0.019622	0.067666	269	1	-2.2596	0.64056	0.27683	0.71377	374	0	0
CYFIP2__P1P2	8	0.26791	0.019622	0.067666	270	1	-2.1286	0.53073	0.13455	0.443334	293	0	0
SGK3__ENST00000396596.1_ENST00000522398.1	8	0.27042	0.019622	0.067666	271	1	-2.8758	0.43899	0.054868	0.223186	236	0	0
NUDT22__P1P2	8	0.2779	0.019622	0.067666	272	1	-2.6366	0.4634	0.070923	0.273562	251	0	0
TMEM86A__P1P2	8	0.27914	0.019631	0.067666	273	1	-2.7171	0.8227	0.67396	1.0	548	0	0
CCR6__ENST00000400926.2	8	0.28038	0.019631	0.067666	274	1	-2.0568	0.41568	0.046855	0.197199	226	0	0
HIBADH__P1P2	8	0.281	0.019631	0.067666	275	1	-2.2091	0.99792	0.99973	1.0	873	0	0
TTLL10__P1	8	0.28224	0.019631	0.067666	276	1	-2.0504	0.45908	0.06661	0.261069	248	0	0
FAM115A__143579171	8	0.28347	0.019631	0.067666	277	1	-2.4446	0.78552	0.58181	1.0	521	0	0
LCOR__P1P2	8	0.28655	0.019631	0.067666	278	1	-1.9879	0.37639	0.033965	0.157212	207	0	0
AJUBA__P1P2	8	0.29084	0.019631	0.067666	279	1	-2.0198	0.29874	0.020997	0.128356	160	1	0.6555
PGPEP1__P1P2	8	0.29145	0.019631	0.067666	280	1	-2.457	0.55242	0.16896	0.524624	305	0	0
CORO1A__30194716	8	0.30116	0.019631	0.067666	281	1	-2.1506	0.94919	0.93918	1.0	708	0	0
KIAA0247__P1P2	8	0.30357	0.019631	0.067666	282	1	-1.9703	0.99708	0.9995	1.0	863	0	0
XKR8__P1P2	8	0.30777	0.023905	0.07988	283	1	-1.9781	0.9989	0.99994	1.0	885	0	0
TMEM198__P1P2	8	0.30837	0.023905	0.07988	284	1	-2.1123	0.92195	0.89116	1.0	667	0	0
FAM115C__143317820	8	0.30956	0.023905	0.07988	285	1	-2.0581	0.93437	0.91254	1.0	683	0	0
RRNAD1__P1P2	8	0.31195	0.023905	0.07988	286	1	-1.8782	0.90183	0.84886	1.0	646	0	0
PTPN12__P1P2	8	0.31373	0.023905	0.07988	287	1	-2.2922	1.2144e-06	4.9462e-06	6.2e-05	27	5	1.0392
SPIN1__P1P2	8	0.31432	0.023915	0.07988	288	1	-2.1967	0.4355	0.054868	0.223186	234	0	0
HIF1AN__P1P2	8	0.31551	0.023915	0.07988	289	1	-2.0658	0.79271	0.60945	1.0	529	0	0
RBM14-RBM4__P2	8	0.32082	0.023915	0.07988	290	1	-2.3274	0.99952	1.0	1.0	901	0	0
KDM5A__P1P2	8	0.322	0.023915	0.07988	291	1	-2.4696	0.91106	0.86622	1.0	657	0	0
REC8__P1P2	8	0.32785	0.028089	0.090439	292	1	-1.9599	0.45618	0.062634	0.246477	246	0	0
BBC3__P1P2	8	0.32844	0.028089	0.090439	293	1	-1.8589	0.74017	0.46985	0.955433	476	0	0
LDB3__P1P2	8	0.3296	0.028089	0.090439	294	1	-1.9155	0.78766	0.58965	1.0	524	0	0
WNT7A__P1P2	8	0.33018	0.028089	0.090439	295	1	-1.9864	0.98304	0.98897	1.0	788	0	0
ICMT__P1P2	8	0.33134	0.028089	0.090439	296	1	-1.7521	0.93475	0.91305	1.0	686	0	0
GPX3__P1P2	8	0.33424	0.028089	0.090439	297	1	-2.0223	0.5059	0.11499	0.400658	277	0	0
RYR3__P1P2	8	0.33713	0.028099	0.090439	298	1	-1.9376	0.69316	0.38443	0.864973	427	0	0
C7orf49__P1P2	8	0.33885	0.028099	0.090439	299	1	-2.24	0.042526	0.00016322	0.001619	96	1	1.447
USP42__P1P2	8	0.34058	0.028099	0.090439	300	1	-2.0478	0.099025	0.00021269	0.001846	110	1	1.0068
CSNK1A1__P1P2	8	0.34229	0.028099	0.090439	301	1	-1.7359	0.089183	0.00021269	0.001846	107	1	1.0427
TRIP6__P1P2	8	0.34572	0.028099	0.090439	302	1	-1.3336	0.2847	0.020997	0.128356	151	1	0.6862
GPATCH8__P1P2	8	0.35196	0.032313	0.102979	303	1	-1.7517	0.71478	0.42057	0.894515	455	0	0
PPP6R3__P1P2	8	0.3559	0.036646	0.116027	304	1	-2.0393	0.99523	0.99869	1.0	850	0	0
TMSB10__P1P2	8	0.3587	0.036646	0.116027	305	1	-2.1597	0.96089	0.95981	1.0	731	0	0
PPM1G__P1	8	0.3665	0.040969	0.127258	306	1	-1.7248	0.97924	0.98561	1.0	774	0	0
CCDC94__P1P2	8	0.36871	0.040969	0.127258	307	1	-1.6915	0.86664	0.78101	1.0	600	0	0
MAPRE1__P1P2	8	0.37036	0.040969	0.127258	308	1	-2.2031	0.70726	0.41232	0.892593	446	0	0
CLK3__P2	8	0.37146	0.040969	0.127258	309	1	-1.7259	0.62545	0.24328	0.651422	361	0	0
UBE2Q1__P1P2	8	0.3753	0.040979	0.127258	310	1	-1.8684	0.37091	0.033956	0.157212	203	0	0
GNPNAT1__P1P2	8	0.38238	0.045154	0.135074	311	1	-1.5675	0.68962	0.37559	0.852972	425	0	0
ZC3H4__P1	8	0.38562	0.045154	0.135074	312	1	-1.9294	0.0047447	4.9462e-06	6.2e-05	72	3	0.71435
STX7__P1P2	8	0.38616	0.045154	0.135074	313	1	-1.9481	0.99402	0.99823	1.0	841	0	0
FAM192A__P1P2	8	0.38938	0.045154	0.135074	314	1	-2.0637	0.66254	0.31567	0.76519	398	0	0
ZC3H7A__P1P2	8	0.38992	0.045154	0.135074	315	1	-1.9425	0.51562	0.12657	0.431697	281	0	0
TTBK2__P1P2	8	0.39045	0.045154	0.135074	316	1	-1.7954	0.57009	0.18024	0.537414	323	0	0
MAP3K7__P1P2	8	0.39632	0.045164	0.135074	317	1	-2.1126	0.9364	0.91508	1.0	691	0	0
ASUN__P1P2	8	0.39685	0.045164	0.135074	318	1	-1.5396	0.54873	0.16896	0.524624	302	0	0
EMD__P1P2	8	0.39896	0.045164	0.135074	319	1	-1.5973	0.91806	0.88461	1.0	662	0	0
USP1__P1P2	8	0.39949	0.045164	0.135074	320	1	-1.796	0.93987	0.92175	1.0	697	0	0
GNE__P1P2	11	0.39982	0.031789	0.101673	321	1	-2.0063	0.8468	0.59991	1.0	574	0	0
MYH9__P1P2	8	0.4016	0.045164	0.135074	322	1	-1.7397	0.99678	0.99938	1.0	860	0	0
EIF4H__P1P2	8	0.40423	0.045164	0.135074	323	1	-1.9455	0.98835	0.99431	1.0	809	0	0
PPFIBP1__P1P2	8	0.40737	0.048913	0.141526	324	1	-1.9375	0.39045	0.038546	0.169574	211	0	0
PCSK1N__P1P2	11	0.41184	0.031799	0.101673	325	1	-1.9783	0.63593	0.1777	0.531464	369	0	0
WDR82__P1P2	8	0.41413	0.048913	0.141526	326	1	-1.7186	0.98857	0.99449	1.0	810	0	0
IPO5__P1P2	8	0.41465	0.048913	0.141526	327	1	-1.927	0.7952	0.61299	1.0	531	0	0
FUT7__P1P2	8	0.41516	0.048913	0.141526	328	1	-1.6761	0.01354	2.4731e-05	0.000304	79	1	1.8803
KIFC1__P1P2	8	0.41619	0.048913	0.141526	329	1	-1.4396	0.82505	0.68215	1.0	551	0	0
DET1__P1P2	8	0.42082	0.048913	0.141526	330	1	-1.6643	0.16817	0.0085421	0.067503	123	1	0.86998
FERMT1__P1P2	8	0.42235	0.048923	0.141526	331	1	-1.8197	0.89628	0.83337	1.0	640	0	0
LOC730183__NM_001256932	8	0.42337	0.048923	0.141526	332	1	-1.7028	0.84961	0.74914	1.0	579	0	0
CENPF__P1P2	8	0.43098	0.048923	0.141526	333	1	-1.6948	0.75015	0.4939	0.98549	483	0	0
SAMD1__P1P2	8	0.43198	0.048923	0.141526	334	1	-2.0834	0.0028128	4.9462e-06	6.2e-05	63	3	0.82968
PPME1__P1P2	8	0.4355	0.048923	0.141526	335	1	-1.7672	0.75885	0.50491	0.98549	493	0	0
WNT3A__P1P2	8	0.43899	0.05288	0.152519	336	1	-1.6228	0.50412	0.11129	0.390534	276	0	0
CCNK__P2	11	0.44128	0.037359	0.117898	337	1	-2.016	0.96525	0.94302	1.0	738	0	0
HAUS8__P1P2	8	0.44395	0.057143	0.163391	338	1	-1.5817	0.58979	0.20493	0.582448	336	0	0
ZNF532__P2	8	0.44936	0.057153	0.163391	339	1	-2.089	8.5242e-07	4.9462e-06	6.2e-05	26	5	1.0909
PPP6C__P1P2	8	0.45229	0.057153	0.163391	340	1	-1.5848	0.63718	0.26699	0.693889	372	0	0
FAM69B__P1P2	8	0.45424	0.061209	0.16668	341	1	-1.6813	0.87014	0.79013	1.0	604	0	0
DDX31__P1P2	8	0.45666	0.061209	0.16668	342	1	-1.7843	0.81811	0.66612	1.0	547	0	0
PSMG3__P2	8	0.45811	0.061209	0.16668	343	1	-1.4439	0.59805	0.2158	0.607985	343	0	0
WDR7__P1P2	8	0.46579	0.061209	0.16668	344	1	-1.4729	0.9926	0.99731	1.0	832	0	0
MRE11A__P1P2	8	0.46912	0.061209	0.16668	345	1	-1.5048	0.8808	0.81265	1.0	617	0	0
NUFIP1__P1P2	8	0.47385	0.061209	0.16668	346	1	-2.0218	0.57597	0.18785	0.553307	326	0	0
CNTD2__P1	8	0.47526	0.061209	0.16668	347	1	-1.6709	0.64758	0.28987	0.729935	382	0	0
DCAF4__P1P2	8	0.4776	0.061209	0.16668	348	1	-1.5268	0.68514	0.3676	0.846889	418	0	0
MLLT1__P1P2	8	0.47854	0.061219	0.16668	349	1	-1.979	0.033368	0.00015333	0.001619	85	2	1.1045
LAMC1__P1P2	8	0.4878	0.061219	0.16668	350	1	-1.4759	0.68273	0.36182	0.843375	413	0	0
ATF6__P1P2	8	0.48918	0.061219	0.16668	351	1	-1.6329	0.48087	0.087236	0.323675	260	0	0
GTF3C4__P1P2	8	0.48964	0.061219	0.16668	352	1	-1.5171	0.49647	0.10314	0.368584	269	0	0
LSM12__P1P2	8	0.4901	0.061219	0.16668	353	1	-1.4766	0.046608	0.00020279	0.001846	99	2	0.76239
NOTCH2NL__145208892	8	0.49101	0.061219	0.16668	354	1	-1.6383	0.42693	0.046865	0.197199	230	0	0
CHRNA7__32322509	8	0.49557	0.061219	0.16668	355	1	-1.3585	0.90555	0.85717	1.0	649	0	0
NONO__P1P2	8	0.49738	0.061219	0.16668	356	1	-1.5706	0.047592	0.00020279	0.001846	100	2	0.66813
SERBP1__P1P2	8	0.49828	0.061219	0.16668	357	1	-1.3078	0.67137	0.32788	0.775442	405	0	0
DPP9__P1	8	0.50233	0.065067	0.169584	358	1	-1.5279	0.701	0.39559	0.871915	438	0	0
G3BP2__P1P2	8	0.50323	0.065067	0.169584	359	1	-1.6214	0.98014	0.98645	1.0	779	0	0
PNKP__P1P2	8	0.50635	0.065067	0.169584	360	1	-1.3435	0.90926	0.86397	1.0	655	0	0
ZNHIT3__P1P2	8	0.51167	0.065067	0.169584	361	1	-1.1907	0.95901	0.95606	1.0	725	0	0
NOSIP__P1P2	8	0.51474	0.065067	0.169584	362	1	-1.2893	0.99979	1.0	1.0	911	0	0
CSNK2A1__P1P2	8	0.51737	0.065067	0.169584	363	1	-1.7541	1.481e-13	4.9462e-06	6.2e-05	5	6	1.6361
EVX2__P1P2	11	0.51823	0.064889	0.169584	364	1	-1.5494	0.73274	0.32134	0.770403	471	0	0
SUGP1__P1P2	8	0.52085	0.065077	0.169584	365	1	-1.3964	0.78574	0.58181	1.0	522	0	0
LRP6__P1P2	8	0.52172	0.065077	0.169584	366	1	-1.5524	0.97813	0.98438	1.0	771	0	0
RAB1A__P1P2	8	0.52258	0.065077	0.169584	367	1	-1.5613	0.95942	0.95696	1.0	728	0	0
WDR86__P1P2	8	0.53158	0.065077	0.169584	368	1	-1.6142	0.64224	0.28323	0.728315	376	0	0
USF1__P1P2	8	0.53328	0.065077	0.169584	369	1	-1.1841	0.98973	0.99508	1.0	815	0	0
ADD1__P1P2	8	0.5337	0.065077	0.169584	370	1	-1.2197	0.60286	0.21943	0.611128	346	0	0
HUS1__P1P2	8	0.53624	0.065077	0.169584	371	1	-1.2659	0.97224	0.97663	1.0	756	0	0
C14orf169__P1P2	8	0.53666	0.065077	0.169584	372	1	-1.2508	0.9997	1.0	1.0	908	0	0
ARRDC4__P1P2	8	0.5375	0.065077	0.169584	373	1	-1.2137	0.92991	0.90464	1.0	678	0	0
SRCAP__P1P2	8	0.53918	0.069093	0.173114	374	1	-1.2235	0.51606	0.12657	0.431697	282	0	0
FGD1__P1P2	8	0.5396	0.069093	0.173114	375	1	-1.4137	0.99975	1.0	1.0	910	0	0
SLTM__P1P2	8	0.54169	0.069093	0.173114	376	1	-1.2126	0.9682	0.97084	1.0	746	0	0
CTIF__P1P2	8	0.54252	0.069093	0.173114	377	1	-1.3656	0.56453	0.17272	0.524624	318	0	0
NSMCE4A__P1P2	8	0.54377	0.069093	0.173114	378	1	-1.1326	0.99991	1.0	1.0	920	0	0
ZAR1L__P1P2	8	0.5446	0.069093	0.173114	379	1	-0.95695	0.30717	0.025418	0.132884	165	1	0.63292
ZFAT__P1	8	0.54791	0.069103	0.173114	380	1	-1.3078	0.64791	0.28987	0.729935	383	0	0
SNRNP40__P1P2	8	0.54832	0.069103	0.173114	381	1	-1.1262	0.99767	0.99966	1.0	871	0	0
DUSP12__P1P2	8	0.54873	0.069103	0.173114	382	1	-1.4578	0.61376	0.23304	0.641684	352	0	0
PSPC1__P1P2	8	0.54914	0.069103	0.173114	383	1	-1.4527	0.71916	0.42914	0.897053	460	0	0
MAGOHB__P1P2	8	0.54997	0.069103	0.173114	384	1	-1.2995	0.68784	0.3703	0.846889	421	0	0
XPC__P1	8	0.5512	0.069103	0.173114	385	1	-1.56	0.65285	0.2931	0.732364	386	0	0
TP53BP1__P1	8	0.55201	0.069103	0.173114	386	1	-1.4043	0.98961	0.99507	1.0	814	0	0
NAA15__P1P2	8	0.55242	0.069103	0.173114	387	1	-1.0323	0.9991	0.99997	1.0	887	0	0
FBXL14__P1P2	8	0.55283	0.069103	0.173114	388	1	-1.2788	0.84255	0.73258	1.0	571	0	0
KIAA0020__P1	8	0.55609	0.073278	0.177203	389	1	-1.2515	0.98818	0.99425	1.0	808	0	0
ZWILCH__P1P2	8	0.5573	0.073278	0.177203	390	1	-1.1775	0.98653	0.99223	1.0	805	0	0
POLG__P1P2	8	0.55771	0.073278	0.177203	391	1	-1.1829	0.97445	0.97966	1.0	760	0	0
CCDC64__ENST00000397558.2	8	0.56093	0.073278	0.177203	392	1	-1.3051	0.88373	0.81459	1.0	624	0	0
HYDIN__71263838	8	0.56413	0.073278	0.177203	393	1	-1.182	0.58254	0.1979	0.574211	331	0	0
CXorf56__P1P2	11	0.56564	0.081498	0.190037	394	1	-1.3904	0.010571	4.9462e-06	6.2e-05	77	3	0.81053
ANAPC7__P1P2	8	0.56851	0.073288	0.177203	395	1	-1.2654	0.8088	0.64928	1.0	540	0	0
GPI__P1P2	8	0.56969	0.073288	0.177203	396	1	-1.186	1.0	1.0	1.0	948	0	0
GET4__P1P2	8	0.57048	0.073288	0.177203	397	1	-1.1921	0.6341	0.26012	0.683355	368	0	0
HUWE1__P1P2	8	0.57127	0.073288	0.177203	398	1	-1.118	0.99969	1.0	1.0	906	0	0
YPEL3__P1P2	8	0.57284	0.073288	0.177203	399	1	-1.5049	0.86565	0.77872	1.0	598	0	0
MDM2__P1P2	8	0.57362	0.073288	0.177203	400	1	-1.0883	0.4762	0.083121	0.31198	257	0	0
CDK4__P1P2	8	0.5744	0.073288	0.177203	401	1	-1.051	0.99999	1.0	1.0	936	0	0
UBE2E2__P1P2	8	0.57946	0.073288	0.177203	402	1	-1.3221	0.81718	0.66457	1.0	546	0	0
TAF4__P1P2	8	0.581	0.073288	0.177203	403	1	-1.3762	0.99056	0.99593	1.0	820	0	0
SMG7__P1P2	8	0.58599	0.081073	0.190037	404	0	0	0.98898	0.9947	1.0	812	0	0
ZBTB2__P1P2	8	0.58714	0.081083	0.190037	405	0	0	0.98651	0.99223	1.0	804	0	0
DOT1L__P1P2	8	0.5879	0.081083	0.190037	406	0	0	0.0025437	4.9462e-06	6.2e-05	61	3	0.76032
KLHL5__P1P2	11	0.59	0.081498	0.190037	407	1	-1.588	0.88319	0.71556	1.0	623	0	0
TUFM__28856875	8	0.59017	0.084842	0.190037	408	0	0	0.88284	0.8136	1.0	621	0	0
PSPH__P2	8	0.59055	0.084842	0.190037	409	0	0	0.92257	0.89235	1.0	668	0	0
PTPN20A__46640202	8	0.5913	0.084842	0.190037	410	0	0	0.72481	0.43962	0.913081	464	0	0
GTDC1__P1P2	8	0.59206	0.084842	0.190037	411	0	0	0.83211	0.70056	1.0	559	0	0
EXOSC1__P1P2	8	0.59281	0.084842	0.190037	412	0	0	0.58293	0.1979	0.574211	332	0	0
ZMYM4__P1P2	11	0.59352	0.081508	0.190037	413	1	-1.7094	0.6961	0.25916	0.683355	432	0	0
VPS9D1__P1P2	8	0.59356	0.084842	0.190037	414	0	0	0.76589	0.52332	1.0	501	0	0
NEK2__P1P2	8	0.59431	0.084842	0.190037	415	0	0	0.89875	0.84095	1.0	642	0	0
TM9SF3__P1P2	8	0.59506	0.084842	0.190037	416	0	0	0.9954	0.99884	1.0	853	0	0
CPNE1__P1P2	8	0.59581	0.084842	0.190037	417	0	0	2.015e-07	4.9462e-06	6.2e-05	19	5	1.0878
FAM98A__P1P2	8	0.59656	0.084842	0.190037	418	0	0	0.92795	0.90158	1.0	674	0	0
SLC25A46__P1P2	8	0.59842	0.084842	0.190037	419	0	0	0.99217	0.99694	1.0	827	0	0
AP1B1__P1P2	8	0.59916	0.084842	0.190037	420	0	0	0.99897	0.99995	1.0	886	0	0
GNA13__P1P2	8	0.5999	0.084842	0.190037	421	0	0	0.98033	0.98646	1.0	781	0	0
MID1IP1__P1P2	8	0.60064	0.084842	0.190037	422	0	0	0.97979	0.98595	1.0	776	0	0
PIGL__P1P2	8	0.60138	0.084842	0.190037	423	0	0	0.97385	0.97863	1.0	758	0	0
ZCCHC8__P1P2	8	0.60322	0.084842	0.190037	424	0	0	0.58866	0.20137	0.580818	335	0	0
H2AFZ__P1P2	8	0.60359	0.084852	0.190037	425	0	0	0.99996	1.0	1.0	929	0	0
FAM83H__P1P2	8	0.60542	0.084852	0.190037	426	0	0	0.32435	0.025428	0.132884	173	0	0
TMED2__P1P2	8	0.60579	0.084852	0.190037	427	0	0	0.99769	0.99967	1.0	872	0	0
CEP63__P1P2	8	0.60725	0.084852	0.190037	428	0	0	0.99464	0.99852	1.0	846	0	0
POC1A__P1P2	8	0.60798	0.084852	0.190037	429	0	0	0.99468	0.99856	1.0	848	0	0
PRCP__P1	8	0.6087	0.084852	0.190037	430	0	0	0.97891	0.98515	1.0	773	0	0
IFT88__P1P2	8	0.61088	0.084852	0.190037	431	0	0	0.75235	0.50281	0.98549	486	0	0
SDF2__P1P2	8	0.61196	0.084852	0.190037	432	0	0	0.96868	0.97221	1.0	747	0	0
UFC1__P1P2	8	0.61555	0.084852	0.190037	433	0	0	0.40055	0.038556	0.169574	217	0	0
INTS6__P1P2	8	0.61662	0.084852	0.190037	434	0	0	0.99989	1.0	1.0	918	0	0
UBR5__P1P2	8	0.61947	0.088838	0.191063	435	0	0	0.46388	0.070923	0.273562	252	0	0
ZNF740__P1P2	8	0.62124	0.088838	0.191063	436	0	0	0.0043129	4.9462e-06	6.2e-05	69	3	0.71635
PTPN20A__46639859	8	0.6223	0.088838	0.191063	437	0	0	0.90794	0.86174	1.0	653	0	0
GPALPP1__P1P2	8	0.62405	0.088838	0.191063	438	0	0	0.94371	0.92842	1.0	700	0	0
ARF1__P1P2	8	0.62475	0.088838	0.191063	439	0	0	0.64123	0.27684	0.71377	375	0	0
FAM216A__P1P2	8	0.6251	0.088838	0.191063	440	0	0	0.48872	0.094922	0.34556	263	0	0
ZZZ3__P1P2	8	0.62545	0.088838	0.191063	441	0	0	0.99569	0.99898	1.0	854	0	0
PPP4R2__P1P2	8	0.62615	0.088838	0.191063	442	0	0	0.74892	0.49389	0.98549	481	0	0
FNIP1__P1P2	8	0.6265	0.088838	0.191063	443	0	0	0.88016	0.81264	1.0	613	0	0
PPP1R10__P1P2	8	0.6272	0.088838	0.191063	444	0	0	0.89571	0.83157	1.0	638	0	0
FAM3B__P1P2	8	0.63032	0.088848	0.191063	445	0	0	0.8328	0.70359	1.0	561	0	0
CAP1__P1P2	8	0.63376	0.088848	0.191063	446	0	0	0.32844	0.025428	0.132884	177	0	0
PLEKHG2__P1P2	8	0.63649	0.088848	0.191063	447	0	0	0.99945	1.0	1.0	897	0	0
BEND2__P1P2	8	0.63718	0.088848	0.191063	448	0	0	0.82577	0.68216	1.0	553	0	0
HAX1__P1P2	8	0.63819	0.088848	0.191063	449	0	0	0.99348	0.99798	1.0	837	0	0
MESDC2__P1P2	8	0.63955	0.088848	0.191063	450	0	0	0.84867	0.74687	1.0	578	0	0
NUDT15__P1P2	8	0.63989	0.088848	0.191063	451	0	0	0.86678	0.78101	1.0	601	0	0
PTPRF__P1P2	8	0.64022	0.088848	0.191063	452	0	0	0.36428	0.033956	0.157212	197	0	0
KIF18B__P1P2	8	0.64123	0.093201	0.199981	453	0	0	0.88042	0.81264	1.0	615	0	0
RHOG__P1P2	8	0.64758	0.097247	0.206405	454	0	0	0.99571	0.99898	1.0	855	0	0
USP3__P1P2	8	0.64857	0.097247	0.206405	455	0	0	0.68873	0.37295	0.84898	423	0	0
SNRPB2__P1P2	8	0.64924	0.097247	0.206405	456	0	0	0.97412	0.97895	1.0	759	0	0
PPP2CA__P1P2	8	0.6499	0.097247	0.206405	457	0	0	0.72159	0.42915	0.897053	462	0	0
PHC1__P1P2	8	0.65252	0.097257	0.206405	458	0	0	0.32024	0.025418	0.132884	169	1	0.64211
PLEKHA5__P1P2	8	0.65513	0.10129	0.208174	459	0	0	0.99966	1.0	1.0	904	0	0
OPRD1__P1P2	8	0.65578	0.10129	0.208174	460	0	0	0.8856	0.81551	1.0	626	0	0
FAM179B__P1P2	8	0.65611	0.10129	0.208174	461	0	0	0.53497	0.13845	0.450074	297	0	0
SPINT1__P1P2	8	0.65708	0.10129	0.208174	462	0	0	0.5256	0.13454	0.443334	291	0	0
CTNNB1__P1P2	8	0.65837	0.10129	0.208174	463	0	0	0.99845	0.99984	1.0	877	0	0
CORO1B__67210174	8	0.65869	0.10129	0.208174	464	0	0	0.44985	0.062624	0.246477	240	0	0
SF1__P1P2	8	0.65934	0.10129	0.208174	465	0	0	0.99875	0.9999	1.0	882	0	0
C20orf196__P1P2	8	0.65998	0.10129	0.208174	466	0	0	0.86875	0.78669	1.0	603	0	0
SNF8__P1P2	8	0.66094	0.1013	0.208174	467	0	0	0.9267	0.89973	1.0	673	0	0
MLF1IP__P1P2	8	0.66126	0.1013	0.208174	468	0	0	0.76403	0.52109	1.0	498	0	0
TRAPPC13__P1P2	8	0.66222	0.1013	0.208174	469	0	0	0.99987	1.0	1.0	916	0	0
MLLT4__P1P2	8	0.66318	0.1013	0.208174	470	0	0	0.5783	0.19474	0.570131	329	0	0
SUPT4H1__P1P2	8	0.6635	0.1013	0.208174	471	0	0	0.60101	0.21942	0.611128	344	0	0
ARHGEF2__P1P2	8	0.6654	0.1013	0.208174	472	0	0	0.98202	0.98768	1.0	786	0	0
PDS5A__P1P2	8	0.66667	0.1013	0.208174	473	0	0	0.99997	1.0	1.0	931	0	0
ZRSR2__P1P2	8	0.67044	0.10555	0.212424	474	0	0	0.99925	0.99999	1.0	890	0	0
RBM34__P1P2	8	0.67075	0.10555	0.212424	475	0	0	0.68754	0.3703	0.846889	420	0	0
GNB1__P1P2	8	0.672	0.10555	0.212424	476	0	0	0.94411	0.9294	1.0	701	0	0
KIFAP3__P1P2	8	0.67386	0.10555	0.212424	477	0	0	0.52258	0.13039	0.437749	288	0	0
PRMT7__P1P2	8	0.67725	0.10556	0.212424	478	0	0	0.672	0.32789	0.775442	406	0	0
TRAPPC2L__P1P2	8	0.67878	0.10556	0.212424	479	0	0	0.97073	0.97521	1.0	751	0	0
HNRNPA2B1__P1P2	8	0.68031	0.10556	0.212424	480	0	0	0.8934	0.82879	1.0	634	0	0
LNPEP__P1P2	8	0.68092	0.10556	0.212424	481	0	0	0.82773	0.6884	1.0	554	0	0
ZCCHC11__P1P2	8	0.68213	0.10556	0.212424	482	0	0	0.8761	0.80475	1.0	609	0	0
ZNF460__P1P2	8	0.68304	0.10556	0.212424	483	0	0	0.99129	0.99643	1.0	823	0	0
RAD17__P1P2	8	0.68604	0.10926	0.213267	484	0	0	0.4518	0.062624	0.246477	243	0	0
SAP30__P1P2	8	0.68813	0.10926	0.213267	485	0	0	0.99033	0.99572	1.0	818	0	0
ANAPC13__P1P2	8	0.68873	0.10926	0.213267	486	0	0	0.99996	1.0	1.0	927	0	0
KMT2D__P1P2	8	0.69021	0.10926	0.213267	487	0	0	0.99229	0.99707	1.0	828	0	0
LYRM7__P1P2	8	0.69199	0.10926	0.213267	488	0	0	0.96251	0.96215	1.0	734	0	0
SKP2__P1P2	8	0.69346	0.10926	0.213267	489	0	0	0.99938	1.0	1.0	895	0	0
MAD2L1BP__P1P2	8	0.69725	0.10927	0.213267	490	0	0	0.99948	1.0	1.0	899	0	0
WDR48__P1P2	8	0.69783	0.10927	0.213267	491	0	0	0.35083	0.029811	0.148595	191	0	0
ANKRD17__P1P2	8	0.69956	0.10927	0.213267	492	0	0	7.4481e-06	4.9462e-06	6.2e-05	32	5	0.81625
FAR1__P1P2	8	0.70071	0.10927	0.213267	493	0	0	0.99967	1.0	1.0	905	0	0
RNF8__P1P2	8	0.70215	0.10927	0.213267	494	0	0	0.99	0.99534	1.0	816	0	0
RUNX1T1__P2	8	0.70272	0.10927	0.213267	495	0	0	0.92071	0.88971	1.0	666	0	0
PAXIP1__P1P2	8	0.703	0.10927	0.213267	496	0	0	0.91843	0.88462	1.0	664	0	0
CACHD1__P1P2	8	0.70329	0.10927	0.213267	497	0	0	0.00066305	4.9462e-06	6.2e-05	50	3	0.93871
KLF5__P1P2	8	0.70556	0.10927	0.213267	498	0	0	0.95917	0.95607	1.0	726	0	0
C21orf58__P1	8	0.70838	0.11328	0.213411	499	0	0	0.84074	0.72437	1.0	568	0	0
HSPA14__P1P2	8	0.70978	0.11328	0.213411	500	0	0	0.97582	0.98153	1.0	763	0	0
HSPA4__P1P2	8	0.71174	0.11328	0.213411	501	0	0	0.0029648	4.9462e-06	6.2e-05	65	3	0.78966
CDK10__P1P2	8	0.71285	0.11328	0.213411	502	0	0	0.98569	0.99163	1.0	796	0	0
HIVEP1__P1P2	8	0.71423	0.11328	0.213411	503	0	0	0.63853	0.26699	0.693889	373	0	0
FAM115A__143598483	8	0.7145	0.11328	0.213411	504	0	0	0.26033	0.016792	0.113348	145	1	0.67031
ZNF787__P1P2	8	0.71615	0.11328	0.213411	505	0	0	2.8651e-08	4.9462e-06	6.2e-05	15	6	1.2174
FAM178A__P1P2	8	0.7167	0.11328	0.213411	506	0	0	0.93618	0.91462	1.0	690	0	0
XPO5__P1P2	8	0.72159	0.11329	0.213411	507	0	0	0.25205	0.016792	0.113348	142	1	0.7768
STAG2__P1	8	0.72267	0.11329	0.213411	508	0	0	0.99588	0.99908	1.0	857	0	0
C1D__P1P2	8	0.72294	0.11329	0.213411	509	0	0	0.95369	0.94618	1.0	715	0	0
DEDD__P1P2	8	0.72454	0.11329	0.213411	510	0	0	0.99335	0.99789	1.0	834	0	0
BCLAF1__P1P2	8	0.72481	0.11329	0.213411	511	0	0	0.75454	0.5049	0.98549	490	0	0
SUPT20H__P1P2	8	0.72561	0.11329	0.213411	512	0	0	9.679e-16	4.9462e-06	6.2e-05	2	6	2.0965
OBFC1__P1P2	8	0.72588	0.11329	0.213411	513	0	0	0.5973	0.21579	0.607985	341	0	0
NCOA6__P1P2	8	0.7272	0.11329	0.213411	514	0	0	0.99913	0.99998	1.0	888	0	0
EXOC5__P1P2	8	0.73011	0.11329	0.213411	515	0	0	0.99592	0.99909	1.0	859	0	0
GPR137__P2	8	0.73168	0.11329	0.213411	516	0	0	2.3118e-07	4.9462e-06	6.2e-05	22	6	0.80006
FZR1__P1P2	8	0.7335	0.1171	0.213969	517	0	0	0.0068445	4.9462e-06	6.2e-05	74	2	0.98594
FNBP4__P1P2	8	0.73428	0.1171	0.213969	518	0	0	0.986	0.99171	1.0	800	0	0
RPL28__P1P2	8	0.73505	0.1171	0.213969	519	0	0	0.66222	0.31567	0.76519	397	0	0
PLOD3__P1P2	8	0.73557	0.1171	0.213969	520	0	0	0.98503	0.99098	1.0	793	0	0
METTL15__P2	8	0.7366	0.1171	0.213969	521	0	0	0.9606	0.95908	1.0	730	0	0
SOS1__P1P2	8	0.73711	0.1171	0.213969	522	0	0	0.98025	0.98645	1.0	780	0	0
ZFYVE9__P1P2	8	0.73737	0.1171	0.213969	523	0	0	0.97238	0.97683	1.0	757	0	0
CWC25__P1P2	8	0.73839	0.1171	0.213969	524	0	0	0.99972	1.0	1.0	909	0	0
SMURF2__P1P2	8	0.73864	0.1171	0.213969	525	0	0	0.96638	0.96872	1.0	741	0	0
ATG16L1__P1P2	8	0.7389	0.1171	0.213969	526	0	0	0.78466	0.5818	1.0	519	0	0
NCSTN__P1P2	8	0.73966	0.11711	0.213969	527	0	0	0.88902	0.8212	1.0	628	0	0
DSCR3__P1P2	8	0.74068	0.11711	0.213969	528	0	0	0.91989	0.88849	1.0	665	0	0
TCTN2__P1P2	8	0.74119	0.11711	0.213969	529	0	0	0.8005	0.62611	1.0	536	0	0
ILF3__P1P2	8	0.7427	0.11711	0.213969	530	0	0	0.91619	0.88116	1.0	659	0	0
CNKSR3__P1P2	8	0.74345	0.11711	0.213969	531	0	0	0.40266	0.038556	0.169574	219	0	0
ZNF462__P1P2	8	0.74546	0.11711	0.213969	532	0	0	0.91834	0.88462	1.0	663	0	0
MMAB__P1P2	8	0.74645	0.12121	0.219817	533	0	0	0.98918	0.99481	1.0	813	0	0
MTCH2__P1P2	8	0.7472	0.12121	0.219817	534	0	0	0.65934	0.3125	0.763227	392	0	0
PRKCI__P1P2	8	0.74769	0.12121	0.219817	535	0	0	0.92449	0.89567	1.0	669	0	0
OXR1__ENST00000312046.6	8	0.74966	0.12122	0.219817	536	0	0	0.9367	0.91509	1.0	692	0	0
MBIP__P1P2	8	0.7504	0.12496	0.223695	537	0	0	0.9066	0.85867	1.0	651	0	0
ESYT1__P2	8	0.75089	0.12496	0.223695	538	0	0	0.96808	0.97065	1.0	745	0	0
RANBP2__109335729	8	0.75138	0.12496	0.223695	539	0	0	0.7759	0.55241	1.0	511	0	0
ASPM__P1P2	8	0.75162	0.12496	0.223695	540	0	0	0.73864	0.46541	0.950378	474	0	0
ELMO3__P1P2	8	0.75235	0.12496	0.223695	541	0	0	0.99991	1.0	1.0	919	0	0
UBE2E3__P1P2	8	0.75381	0.12497	0.223695	542	0	0	0.9934	0.99791	1.0	835	0	0
CCNE1__P1P2	8	0.75574	0.12497	0.223695	543	0	0	0.99759	0.99964	1.0	869	0	0
KPNA2__P1P2	8	0.7567	0.1289	0.229492	544	0	0	0.88829	0.82026	1.0	627	0	0
HEATR3__P1P2	8	0.75718	0.1289	0.229492	545	0	0	0.96904	0.97301	1.0	748	0	0
SNAI1__P1P2	8	0.75932	0.12891	0.229492	546	0	0	0.87234	0.79471	1.0	606	0	0
ATM__P1P2	8	0.76122	0.13291	0.235761	547	0	0	0.8573	0.76786	1.0	587	0	0
ZNF710__P1P2	8	0.76216	0.13292	0.235761	548	0	0	0.53158	0.13844	0.450074	294	0	0
TTC3__P1P2	8	0.7631	0.13655	0.240882	549	0	0	0.65546	0.29647	0.735148	389	0	0
CABIN1__P1P2	8	0.76333	0.13655	0.240882	550	0	0	0.809	0.64928	1.0	541	0	0
ACAT2__P1P2	8	0.76356	0.13655	0.240882	551	0	0	0.99591	0.99909	1.0	858	0	0
PCNXL3__P1P2	8	0.76682	0.14025	0.246121	552	0	0	0.93445	0.91254	1.0	684	0	0
LTN1__P1P2	8	0.76728	0.14025	0.246121	553	0	0	0.87302	0.79586	1.0	607	0	0
PPP2R1A__P1	8	0.76957	0.14408	0.250542	554	0	0	0.55365	0.16897	0.524624	306	0	0
PLA2G7__P1P2	8	0.7698	0.14408	0.250542	555	0	0	0.66094	0.31251	0.763227	396	0	0
TOP1__P1P2	8	0.77026	0.14409	0.250542	556	0	0	0.66793	0.32179	0.770403	402	0	0
ZNF121__P1P2	8	0.7714	0.14409	0.250542	557	0	0	0.87913	0.81172	1.0	610	0	0
SMARCAL1__P1P2	8	0.77185	0.14409	0.250542	558	0	0	0.97706	0.9836	1.0	766	0	0
HIST1H2AB__P1P2	8	0.77366	0.1477	0.252768	559	0	0	0.76496	0.5211	1.0	500	0	0
GOLGA7__P1P2	8	0.77388	0.1477	0.252768	560	0	0	0.6317	0.26011	0.683355	363	0	0
ERC1__P1P2	8	0.7741	0.1477	0.252768	561	0	0	0.099778	0.00021269	0.001846	111	1	0.99448
TRAPPC6B__P1P2	8	0.77433	0.1477	0.252768	562	0	0	0.9976	0.99964	1.0	870	0	0
PEX7__P1P2	8	0.77478	0.1477	0.252768	563	0	0	0.7883	0.58966	1.0	526	0	0
SENP2__P1P2	8	0.77523	0.1477	0.252768	564	0	0	0.94985	0.93992	1.0	709	0	0
SLX1A__30205037	8	0.77679	0.14771	0.252768	565	0	0	0.99199	0.99683	1.0	825	0	0
PFDN1__P1P2	8	0.77723	0.14771	0.252768	566	0	0	0.85715	0.76786	1.0	585	0	0
RAD51AP1__P1P2	8	0.77745	0.14771	0.252768	567	0	0	0.987	0.99292	1.0	806	0	0
UBE2G2__P1P2	8	0.78119	0.15109	0.258103	568	0	0	0.75357	0.5049	0.98549	488	0	0
ARHGEF18__P1P2	8	0.78228	0.15473	0.263858	569	0	0	0.98591	0.9917	1.0	798	0	0
XRCC1__P1P2	11	0.78321	0.14028	0.246121	570	0	0	0.95234	0.90887	1.0	712	0	0
ASXL2__P1P2	8	0.78337	0.15864	0.269575	571	0	0	0.45132	0.062624	0.246477	242	0	0
AES__P1P2	8	0.78358	0.15864	0.269575	572	0	0	0.71368	0.42057	0.894515	453	0	0
SSR1__P1P2	8	0.78702	0.1623	0.273897	573	0	0	0.29571	0.020997	0.128356	157	1	0.67722
ACTA2__P2	8	0.78914	0.16231	0.273897	574	0	0	0.98516	0.99101	1.0	794	0	0
NABP2__P1	8	0.78936	0.16231	0.273897	575	0	0	0.50323	0.11129	0.390534	274	0	0
RBM47__P1P2	8	0.78978	0.16231	0.273897	576	0	0	0.9973	0.99957	1.0	866	0	0
MYSM1__P1P2	8	0.79334	0.16999	0.284889	577	0	0	0.9946	0.9985	1.0	845	0	0
OGFR__P1P2	8	0.79354	0.16999	0.284889	578	0	0	0.93895	0.92004	1.0	695	0	0
PRR14L__P1P2	8	0.7954	0.17	0.284889	579	0	0	0.99414	0.9983	1.0	844	0	0
DMRT3__P1P2	8	0.79684	0.17	0.284889	580	0	0	0.76705	0.52743	1.0	503	0	0
MKI67__P1P2	8	0.79868	0.17405	0.291184	581	0	0	0.99744	0.99963	1.0	868	0	0
BRAP__P1P2	8	0.80009	0.17743	0.292828	582	0	0	0.0035497	4.9462e-06	6.2e-05	67	3	0.88761
EPC1__P1P2	8	0.8005	0.17743	0.292828	583	0	0	0.51034	0.115	0.400658	278	0	0
PAPPA__P1P2	8	0.8009	0.17743	0.292828	584	0	0	0.85149	0.75383	1.0	580	0	0
NAIP__70315936	8	0.8011	0.17743	0.292828	585	0	0	0.5689	0.17641	0.529217	321	0	0
DHRSX__P1P2	8	0.8031	0.17744	0.292828	586	0	0	0.9581	0.95469	1.0	723	0	0
GNG4__P1P2	8	0.80429	0.17744	0.292828	587	0	0	0.60359	0.21943	0.611128	347	0	0
MIR205HG__P2	8	0.80548	0.17744	0.292828	588	0	0	0.85335	0.75892	1.0	582	0	0
CALU__P1P2	8	0.80607	0.17744	0.292828	589	0	0	0.99735	0.99961	1.0	867	0	0
LOC643037__P1P2	8	0.80666	0.18094	0.295788	590	0	0	0.016798	0.00010387	0.001231	80	1	1.8036
PRSS40A__131328218	8	0.80685	0.18094	0.295788	591	0	0	0.77745	0.55477	1.0	514	0	0
CSTF2__P1P2	8	0.80958	0.18471	0.295788	592	0	0	0.92466	0.89567	1.0	670	0	0
GATA3__P1P2	8	0.81016	0.18471	0.295788	593	0	0	0.72879	0.44246	0.913125	467	0	0
COPE__P1P2	8	0.81112	0.18471	0.295788	594	0	0	0.63204	0.26011	0.683355	364	0	0
PATL1__P1P2	8	0.81208	0.18471	0.295788	595	0	0	0.67694	0.34341	0.806264	411	0	0
UBE2L3__P1P2	8	0.81227	0.18471	0.295788	596	0	0	0.97755	0.98402	1.0	767	0	0
NDUFC1__P2	8	0.8136	0.18471	0.295788	597	0	0	0.55201	0.16896	0.524624	304	0	0
TICAM2__P2	8	0.81493	0.18471	0.295788	598	0	0	0.98585	0.99164	1.0	797	0	0
CAPZA1__P1P2	8	0.81511	0.18471	0.295788	599	0	0	0.032178	0.00011376	0.001332	84	2	0.73395
RSPRY1__P1P2	8	0.81568	0.18471	0.295788	600	0	0	0.95352	0.94593	1.0	714	0	0
CCDC77__P2	8	0.81662	0.18472	0.295788	601	0	0	0.9176	0.88333	1.0	661	0	0
HELLS__P1P2	8	0.81811	0.18472	0.295788	602	0	0	0.9618	0.96076	1.0	733	0	0
DCP1A__P1P2	8	0.81867	0.18472	0.295788	603	0	0	0.69199	0.38442	0.864973	426	0	0
SLC11A2__P1	8	0.81977	0.18472	0.295788	604	0	0	0.55527	0.16897	0.524624	308	0	0
CTXN1__P1P2	8	0.81996	0.18472	0.295788	605	0	0	0.83314	0.7036	1.0	562	0	0
ZNF296__P1P2	8	0.82014	0.18472	0.295788	606	0	0	0.51255	0.11911	0.412007	279	0	0
STX4__P1P2	8	0.82033	0.18472	0.295788	607	0	0	0.39949	0.038556	0.169574	216	0	0
NBPF14__148025047	8	0.82613	0.19199	0.306925	608	0	0	0.6603	0.31251	0.763227	394	0	0
ACAD11__P1P2	8	0.82648	0.19552	0.310037	609	0	0	0.40998	0.042968	0.18562	224	0	0
TNKS2__P1P2	8	0.82808	0.19552	0.310037	610	0	0	0.99378	0.99808	1.0	839	0	0
ANLN__P1P2	8	0.82826	0.19552	0.310037	611	0	0	0.88259	0.8136	1.0	620	0	0
GRWD1__P1P2	8	0.82967	0.19553	0.310037	612	0	0	0.86219	0.77522	1.0	593	0	0
MARCKS__P1P2	8	0.82984	0.19553	0.310037	613	0	0	0.021025	0.00010387	0.001231	81	2	0.85145
HMGCS1__P1P2	8	0.83106	0.19885	0.314298	614	0	0	0.9714	0.97616	1.0	752	0	0
NPM1__P1P2	8	0.83124	0.19886	0.314298	615	0	0	0.76728	0.52744	1.0	504	0	0
IFT52__P1P2	8	0.8328	0.20633	0.325061	616	0	0	0.45034	0.062624	0.246477	241	0	0
HRAS__P1	8	0.83314	0.20634	0.325061	617	0	0	0.71201	0.42056	0.894515	451	0	0
CORO1B__67206891	8	0.83383	0.20964	0.329214	618	0	0	0.90074	0.84652	1.0	644	0	0
FAF1__P1P2	8	0.83417	0.20965	0.329214	619	0	0	0.36483	0.033956	0.157212	198	0	0
POC1B__P1P2	8	0.83537	0.21699	0.340191	620	0	0	0.97982	0.98595	1.0	777	0	0
PIGB__P1P2	8	0.83774	0.22057	0.34414	621	0	0	0.62194	0.24328	0.651422	358	0	0
LYPLA2__P1P2	8	0.83824	0.22058	0.34414	622	0	0	0.89479	0.8288	1.0	635	0	0
ATP12A__P1P2	8	0.83891	0.22058	0.34414	623	0	0	0.57674	0.18785	0.553307	327	0	0
AGO1__36348590	8	0.83975	0.22412	0.349105	624	0	0	0.62615	0.24328	0.651422	362	0	0
UBE2S__P1P2	8	0.84041	0.22785	0.35378	625	0	0	0.64857	0.28987	0.729935	384	0	0
USP28__P1P2	8	0.84058	0.22785	0.35378	626	0	0	0.55568	0.16897	0.524624	309	0	0
GTF2H2C__68855815	8	0.84124	0.23123	0.356769	627	0	0	0.71643	0.42356	0.894994	457	0	0
ATRN__P1P2	8	0.8414	0.23123	0.356769	628	0	0	0.98321	0.98918	1.0	789	0	0
ZFC3H1__P1P2	8	0.84157	0.23123	0.356769	629	0	0	0.8831	0.8136	1.0	622	0	0
ROR1__P1P2	8	0.84255	0.23124	0.356769	630	0	0	0.88144	0.81359	1.0	618	0	0
SND1__P1P2	8	0.84304	0.23488	0.361811	631	0	0	0.040874	0.00016322	0.001619	93	2	0.7536
USP44__P1	8	0.84531	0.24507	0.376314	632	0	0	0.65088	0.29309	0.732364	385	0	0
HIGD2A__P1P2	8	0.84787	0.25491	0.390195	633	0	0	0.95279	0.94465	1.0	713	0	0
SOX4__P1	8	0.84819	0.25491	0.390195	634	0	0	0.94587	0.93364	1.0	705	0	0
CFC1B__131278628	8	0.8504	0.26801	0.408971	635	0	0	0.80646	0.64434	1.0	539	0	0
STMND1__P1P2	8	0.85165	0.26802	0.408971	636	0	0	0.039343	0.00016322	0.001619	90	1	1.5285
CHAF1A__P1P2	8	0.85473	0.27834	0.424049	637	0	0	0.66062	0.31251	0.763227	395	0	0
SFPQ__P1P2	8	0.8579	0.28514	0.433075	638	0	0	0.13457	0.0042389	0.034415	117	1	0.97918
ANKRA2__P1P2	8	0.85865	0.28515	0.433075	639	0	0	0.6116	0.23304	0.641684	350	0	0
NCF1__74188108	8	0.85924	0.28855	0.435507	640	0	0	0.75211	0.50281	0.98549	485	0	0
TCF7L1__P1P2	8	0.85969	0.28855	0.435507	641	0	0	0.20941	0.016782	0.113348	127	1	0.94492
AP3B1__P1P2	8	0.85998	0.28855	0.435507	642	0	0	0.29814	0.020997	0.128356	159	1	0.59961
DNAJC2__P1P2	8	0.86013	0.28855	0.435507	643	0	0	0.98073	0.98683	1.0	783	0	0
ZNF644__P1P2	8	0.86233	0.29539	0.444473	644	0	0	0.67817	0.3467	0.812037	412	0	0
EVI5__P1P2	8	0.8632	0.2954	0.444473	645	0	0	0.8965	0.83338	1.0	641	0	0
SYT14__P1P2	8	0.8655	0.3044	0.454254	646	0	0	0.75478	0.5049	0.98549	491	0	0
UBE2D3__P1P2	8	0.8665	0.3075	0.454254	647	0	0	0.98536	0.99125	1.0	795	0	0
DCUN1D1__P1P2	8	0.86678	0.3075	0.454254	648	0	0	0.71615	0.42355	0.894994	456	0	0
NOTCH2__120611488	8	0.86735	0.3075	0.454254	649	0	0	0.95567	0.94995	1.0	718	0	0
ZNF286A__15602675	8	0.86749	0.3075	0.454254	650	0	0	0.84189	0.72972	1.0	569	0	0
AKAP10__P1P2	8	0.86777	0.3075	0.454254	651	0	0	0.68694	0.37029	0.846889	419	0	0
CEP128__P1P2	8	0.86833	0.3075	0.454254	652	0	0	0.99397	0.99818	1.0	840	0	0
CISD1__P1P2	8	0.86875	0.3075	0.454254	653	0	0	0.9968	0.99938	1.0	861	0	0
RBPMS2__P1P2	8	0.86931	0.3075	0.454254	654	0	0	0.74794	0.49146	0.98549	479	0	0
GAL__P1P2	8	0.87055	0.30751	0.454254	655	0	0	0.2945	0.020997	0.128356	155	1	0.77342
GPBP1__P1P2	8	0.87206	0.30751	0.454254	656	0	0	0.71034	0.41758	0.894515	449	0	0
TAF5L__P1P2	8	0.87247	0.30751	0.454254	657	0	0	0.00073318	4.9462e-06	6.2e-05	51	3	1.0488
ZNF43__P1	8	0.87315	0.31099	0.455948	658	0	0	0.95805	0.95468	1.0	722	0	0
ZNF236__P1P2	8	0.87342	0.31099	0.455948	659	0	0	0.96128	0.96002	1.0	732	0	0
AK2__P1P2	8	0.87383	0.311	0.455948	660	0	0	0.93909	0.92046	1.0	696	0	0
KIF22__P1	8	0.87396	0.311	0.455948	661	0	0	0.90545	0.85717	1.0	648	0	0
PFDN4__P1P2	8	0.8741	0.311	0.455948	662	0	0	0.88068	0.81265	1.0	616	0	0
CCS__P1P2	8	0.8749	0.31393	0.458856	663	0	0	0.99258	0.9973	1.0	831	0	0
VEZF1__P1P2	8	0.87504	0.31393	0.458856	664	0	0	0.94223	0.92731	1.0	698	0	0
CMC2__P1P2	8	0.87584	0.31954	0.465669	665	0	0	0.86072	0.77282	1.0	591	0	0
AGO2__141644983	8	0.87703	0.31955	0.465669	666	0	0	0.29328	0.020997	0.128356	154	1	0.71232
PHYH__P1P2	8	0.88132	0.34045	0.494646	667	0	0	0.69927	0.39315	0.871915	435	0	0
NAIP__70319713	8	0.8817	0.34045	0.494646	668	0	0	0.97541	0.98099	1.0	761	0	0
ZNF286B__18584835	8	0.88322	0.35246	0.510583	669	0	0	0.7145	0.42057	0.894515	454	0	0
NDUFS4__P1P2	8	0.88347	0.35247	0.510583	670	0	0	0.8895	0.8212	1.0	630	0	0
JMJD1C__P1P2	8	0.88435	0.3587	0.518837	671	0	0	0.84835	0.74558	1.0	577	0	0
DDA1__P1P2	8	0.88597	0.36468	0.52515	672	0	0	0.26854	0.020987	0.128356	146	1	0.76248
PFDN5__P1P2	8	0.88609	0.36469	0.52515	673	0	0	0.7224	0.43425	0.905775	463	0	0
TRIP12__P1P2	8	0.88768	0.36769	0.528697	674	0	0	0.84772	0.74557	1.0	576	0	0
PAN3__P1P2	8	0.88902	0.3761	0.538412	675	0	0	0.68454	0.36458	0.843739	417	0	0
MCTS1__P1P2	8	0.88962	0.37611	0.538412	676	0	0	0.91026	0.86551	1.0	656	0	0
GAPVD1__P1P2	8	0.88986	0.37611	0.538412	677	0	0	0.84756	0.74557	1.0	575	0	0
GDF7__P1P2	8	0.89223	0.38777	0.55105	678	0	0	0.63239	0.26012	0.683355	365	0	0
APEX2__P1P2	8	0.89258	0.38778	0.55105	679	0	0	0.96788	0.97025	1.0	744	0	0
TMX2__P1P2	8	0.89294	0.38778	0.55105	680	0	0	0.090703	0.00021269	0.001846	108	1	1.1077
RBM15__110881839	8	0.89317	0.38778	0.55105	681	0	0	2.5716e-05	4.9462e-06	6.2e-05	36	3	1.6658
EIF4B__P1P2	8	0.89329	0.38778	0.55105	682	0	0	0.83417	0.70751	1.0	563	0	0
DNAJC3__P1P2	8	0.89421	0.39561	0.560559	683	0	0	0.99408	0.99825	1.0	843	0	0
RSPH3__P1P2	8	0.89479	0.39562	0.560559	684	0	0	0.49783	0.10314	0.368584	271	0	0
PORCN__P2	8	0.89673	0.40901	0.577866	685	0	0	0.51693	0.12658	0.431697	283	0	0
WDR37__P1P2	8	0.89707	0.40902	0.577866	686	0	0	0.28038	0.020987	0.128356	150	1	0.75839
PURB__P1P2	8	0.89752	0.41161	0.579843	687	0	0	0.99204	0.99684	1.0	826	0	0
MED12__P1P2	8	0.89786	0.41162	0.579843	688	0	0	2.2605e-07	4.9462e-06	6.2e-05	21	5	1.2885
RFWD2__P1P2	8	0.89864	0.417	0.584894	689	0	0	0.022308	0.00010387	0.001231	82	2	0.91025
JPH3__P1P2	8	0.89909	0.41701	0.584894	690	0	0	0.78787	0.58965	1.0	525	0	0
CHST15__P2	8	0.8992	0.41701	0.584894	691	0	0	0.95419	0.94656	1.0	716	0	0
SNAP29__P1P2	8	0.90215	0.43243	0.605651	692	0	0	0.92893	0.90342	1.0	676	0	0
MED15__P1	8	0.90333	0.43945	0.614603	693	0	0	0.00020011	4.9462e-06	6.2e-05	44	4	0.92647
PTPN20B__48826780	8	0.90418	0.44442	0.620655	694	0	0	0.70698	0.41232	0.892593	445	0	0
SURF2__P1P2	11	0.90627	0.24363	0.374703	695	0	0	0.12155	0.00050946	0.004382	114	1	1.103
ATP2C1__P1P2	8	0.90875	0.48001	0.668441	696	0	0	0.55811	0.17271	0.524624	311	0	0
SUB1__P1	8	0.90916	0.48249	0.670924	697	0	0	0.74595	0.48683	0.98549	478	0	0
CCDC137__P1P2	8	0.90956	0.48723	0.674632	698	0	0	0.52172	0.13039	0.437749	287	0	0
IFT172__P1P2	8	0.90966	0.48723	0.674632	699	0	0	0.66856	0.32179	0.770403	403	0	0
USP10__P1P2	8	0.90976	0.48723	0.674632	700	0	0	0.93573	0.91413	1.0	689	0	0
ZC3H14__P1P2	8	0.91126	0.4896	0.676941	701	0	0	0.52988	0.13455	0.443334	292	0	0
RPS4Y1__P1P2	8	0.91254	0.49683	0.685963	702	0	0	0.93551	0.91412	1.0	688	0	0
PTPN20A__46619211	8	0.91274	0.49944	0.688591	703	0	0	0.84222	0.73124	1.0	570	0	0
MDM4__P1P2	8	0.91342	0.5019	0.691007	704	0	0	0.81284	0.6595	1.0	544	0	0
TTC23L__P1P2	8	0.91361	0.50445	0.692545	705	0	0	0.80977	0.65111	1.0	542	0	0
DYNC1LI1__P1P2	8	0.91371	0.50445	0.692545	706	0	0	0.61484	0.23624	0.646872	353	0	0
CREBBP__P1P2	8	0.91429	0.50656	0.694471	707	0	0	0.46865	0.078867	0.299485	253	0	0
CHAMP1__P1P2	8	0.91458	0.50903	0.694921	708	0	0	0.84515	0.73763	1.0	573	0	0
WDR89__P1P2	8	0.91467	0.50903	0.694921	709	0	0	0.83245	0.70211	1.0	560	0	0
SPRR2G__P1P2	8	0.91486	0.50904	0.694921	710	0	0	0.43349	0.054868	0.223186	232	0	0
MDC1__P1P2	8	0.91685	0.52247	0.71226	711	0	0	0.93468	0.91304	1.0	685	0	0
USP22__P1P2	8	0.91741	0.52901	0.720164	712	0	0	0.041247	0.00016322	0.001619	94	2	1.0057
CD8B__87088218	8	0.91843	0.53116	0.72108	713	0	0	0.70014	0.39558	0.871915	436	0	0
THAP2__P1	8	0.91889	0.53117	0.72108	714	0	0	0.71943	0.42914	0.897053	461	0	0
CAB39__P1P2	8	0.92026	0.5355	0.725948	715	0	0	0.44444	0.054878	0.223186	238	0	0
AUNIP__P1P2	8	0.92097	0.54008	0.731138	716	0	0	0.93119	0.90801	1.0	679	0	0
C14orf119__P1P2	8	0.92169	0.54235	0.732178	717	0	0	0.87544	0.8028	1.0	608	0	0
TRABD__P1	8	0.92178	0.54235	0.732178	718	0	0	0.4345	0.054868	0.223186	233	0	0
PKDCC__P1P2	8	0.9224	0.54461	0.734203	719	0	0	0.93845	0.9184	1.0	694	0	0
BOLA2__29465484	8	0.92594	0.5639	0.757072	720	0	0	0.68813	0.3703	0.846889	422	0	0
LHFP__P1P2	8	0.92602	0.56391	0.757072	721	0	0	0.31314	0.025418	0.132884	166	1	0.65636
HLA-DMA__P2	8	0.92611	0.56391	0.757072	722	0	0	0.86421	0.77753	1.0	596	0	0
DNASE1L1__P1	8	0.92636	0.56586	0.758641	723	0	0	0.71807	0.42619	0.896655	459	0	0
GMEB1__P1P2	8	0.92703	0.57005	0.762161	724	0	0	0.33713	0.025428	0.132884	185	0	0
FOXK1__P1P2	8	0.9272	0.57005	0.762161	725	0	0	0.12946	0.0042389	0.034415	116	1	1.0785
CLDN3__P1P2	8	0.92828	0.57651	0.768697	726	0	0	0.7741	0.54802	1.0	509	0	0
ACTR5__P1P2	8	0.92861	0.57652	0.768697	727	0	0	0.80587	0.64245	1.0	538	0	0
RBL1__P1P2	8	0.92926	0.57883	0.770713	728	0	0	0.14829	0.0042488	0.034415	119	1	0.93405
POLE4__P1P2	8	0.93023	0.5825	0.774538	729	0	0	0.60979	0.23303	0.641684	349	0	0
SOX2__P1P2	11	0.93094	0.36358	0.52511	730	0	0	0.76624	0.38135	0.864029	502	0	0
RNF168__P1P2	8	0.93291	0.60395	0.7998	731	0	0	0.78659	0.58589	1.0	523	0	0
MAZ__P1P2	8	0.9333	0.60396	0.7998	732	0	0	0.48964	0.094922	0.34556	264	0	0
KAT7__P1P2	8	0.93353	0.60396	0.7998	733	0	0	0.47102	0.078867	0.299485	254	0	0
PDLIM7__P1	8	0.93437	0.61158	0.808785	734	0	0	0.56692	0.1764	0.529217	319	0	0
NEUROD1__P1P2	8	0.93536	0.61542	0.812755	735	0	0	0.86507	0.77871	1.0	597	0	0
GTF2IRD2__74267046	8	0.93648	0.61914	0.816558	736	0	0	0.70272	0.39847	0.876273	439	0	0
FRMPD2__49481953	8	0.93888	0.63873	0.840123	737	0	0	0.69579	0.39314	0.871915	430	0	0
ARHGAP11A__32907502	8	0.93902	0.63874	0.840123	738	0	0	0.90096	0.84652	1.0	645	0	0
CCDC101__P1P2	8	0.93973	0.64234	0.843718	739	0	0	0.0045689	4.9462e-06	6.2e-05	71	3	0.7789
NSG1__NM_001040101_NM_014392	8	0.94036	0.64808	0.850118	740	0	0	0.77679	0.55242	1.0	512	0	0
PINK1__P1P2	8	0.94106	0.64971	0.851098	741	0	0	0.65383	0.2931	0.732364	387	0	0
C19orf43__P1P2	8	0.94148	0.65133	0.852074	742	0	0	0.41671	0.046855	0.197199	227	0	0
FOXK2__P1P2	8	0.94189	0.65308	0.853217	743	0	0	0.7682	0.53197	1.0	505	0	0
FBXO42__P1P2	8	0.94223	0.65475	0.854253	744	0	0	0.96771	0.97024	1.0	743	0	0
ACADS__P1P2	8	0.94284	0.65929	0.859024	745	0	0	0.23655	0.016792	0.113348	135	1	0.82258
ATP6V0E1__P1P2	8	0.94378	0.66787	0.867872	746	0	0	0.65513	0.29647	0.735148	388	0	0
ERCC1__P1P2	8	0.94555	0.68154	0.884455	747	0	0	0.75064	0.4939	0.98549	484	0	0
CORIN__P1P2	8	0.946	0.68444	0.886655	748	0	0	0.77878	0.55911	1.0	515	0	0
NAA30__P1P2	8	0.94683	0.68597	0.886655	749	0	0	0.83925	0.72309	1.0	566	0	0
DUSP22__292259	8	0.94689	0.68597	0.886655	750	0	0	0.82487	0.68215	1.0	550	0	0
MGEA5__P1P2	8	0.9474	0.68919	0.889347	751	0	0	0.75429	0.5049	0.98549	489	0	0
ELOF1__P1P2	8	0.94796	0.6908	0.889347	752	0	0	0.035098	0.00015333	0.001619	87	2	0.72238
EXT1__P1P2	8	0.94802	0.6908	0.889347	753	0	0	0.048785	0.00020279	0.001846	103	2	0.73411
PARN__P1P2	11	0.94811	0.44834	0.625228	754	0	0	0.82924	0.54722	1.0	557	0	0
SRGAP2__206636520	8	0.94864	0.69573	0.894504	755	0	0	0.56333	0.17272	0.524624	316	0	0
ATP6AP2__P1P2	8	0.94901	0.69904	0.896394	756	0	0	0.91638	0.88117	1.0	660	0	0
FBXO28__P1P2	8	0.94997	0.70491	0.902725	757	0	0	0.2779	0.020987	0.128356	149	1	0.69614
C1orf101__P1P2	8	0.9511	0.71546	0.915037	758	0	0	0.89152	0.82408	1.0	632	0	0
ARHGEF5__144052240	8	0.95227	0.71857	0.917802	759	0	0	0.1597	0.0042488	0.034415	120	1	1.1497
HOXC4__ENST00000430889.2	8	0.95244	0.72143	0.917848	760	0	0	0.58828	0.20136	0.580818	334	0	0
DCPS__P1P2	8	0.95261	0.72143	0.917848	761	0	0	0.78097	0.56953	1.0	516	0	0
PRC1__P1P2	8	0.95273	0.72144	0.917848	762	0	0	0.52085	0.13038	0.437749	285	0	0
KATNA1__P1P2	8	0.95324	0.72557	0.921902	763	0	0	0.7598	0.50491	0.98549	495	0	0
MLLT3__P1P2	8	0.95419	0.73065	0.927138	764	0	0	0.20604	0.016782	0.113348	126	1	0.79683
MED25__P1P2	8	0.95469	0.73199	0.927634	765	0	0	0.00049996	4.9462e-06	6.2e-05	49	3	1.1554
DHRS3__P1P2	8	0.95518	0.73342	0.928229	766	0	0	0.6134	0.23304	0.641684	351	0	0
MNT__P1P2	8	0.95621	0.74243	0.937194	767	0	0	2.0003e-10	4.9462e-06	6.2e-05	10	7	1.0178
TERF1__P1P2	8	0.95789	0.74904	0.944309	768	0	0	0.89605	0.83252	1.0	639	0	0
SPEN__P1P2	8	0.9582	0.75031	0.944693	769	0	0	0.35309	0.029811	0.148595	192	0	0
BRD1__P1P2	8	0.95835	0.75163	0.945125	770	0	0	0.52128	0.13039	0.437749	286	0	0
GPRIN2__46993345	8	0.95881	0.75416	0.947084	771	0	0	0.63684	0.26699	0.693889	371	0	0
BTAF1__P1P2	8	0.95917	0.75834	0.95111	772	0	0	1.6053e-07	4.9462e-06	6.2e-05	18	5	1.0794
TP53__P1P2	8	0.9605	0.76884	0.959335	773	0	0	0.30657	0.025418	0.132884	164	1	0.6844
GTF2IRD2B__74508172	8	0.96065	0.76885	0.959335	774	0	0	0.84386	0.7363	1.0	572	0	0
UBE2O__P1P2	8	0.96075	0.76885	0.959335	775	0	0	0.51824	0.12658	0.431697	284	0	0
GLCE__P1P2	8	0.96123	0.77325	0.963591	776	0	0	0.45666	0.062634	0.246477	247	0	0
BPTF__P1P2	8	0.9619	0.77969	0.969131	777	0	0	0.6673	0.32178	0.770403	401	0	0
PIH1D1__P1P2	8	0.96195	0.77969	0.969131	778	0	0	0.83435	0.70752	1.0	564	0	0
NKRF__P1P2	8	0.96361	0.78972	0.980346	779	0	0	0.93315	0.9115	1.0	680	0	0
SERF1B__69320873	8	0.96429	0.7932	0.980983	780	0	0	0.68424	0.36458	0.843739	416	0	0
RNF126__P1P2	8	0.96433	0.7932	0.980983	781	0	0	0.8799	0.81264	1.0	612	0	0
INO80C__P1P2	8	0.96442	0.79426	0.980983	782	0	0	0.66635	0.32178	0.770403	400	0	0
EYA3__P1P2	8	0.9646	0.79427	0.980983	783	0	0	0.76843	0.53198	1.0	506	0	0
ING5__P1P2	8	0.96557	0.79979	0.98635	784	0	0	0.00025551	4.9462e-06	6.2e-05	45	4	0.84189
ADAM18__P1P2	8	0.966	0.80165	0.98635	785	0	0	0.71725	0.42618	0.896655	458	0	0
RAD1__P1P2	8	0.96642	0.80166	0.98635	786	0	0	0.36871	0.033956	0.157212	200	0	0
PKNOX1__P1P2	9	0.96781	0.76076	0.952908	787	0	0	0.023604	0.00016322	0.001619	83	2	0.90984
OCLN__68788394	8	0.96784	0.81263	0.996877	788	0	0	0.46149	0.070913	0.273562	249	0	0
ATXN2L__P1P2	8	0.96812	0.81353	0.996877	789	0	0	0.37311	0.033956	0.157212	205	0	0
TCF3__P1P2	8	0.96832	0.81451	0.996877	790	0	0	0.47854	0.083131	0.31198	259	0	0
SERF1A__70196291	8	0.96852	0.81452	0.996877	791	0	0	0.7825	0.57541	1.0	518	0	0
PRAMEF12__ENST00000357726.4	8	0.96884	0.81636	0.996877	792	0	0	0.70443	0.40376	0.885907	440	0	0
UFL1__P1P2	8	0.96904	0.81637	0.996877	793	0	0	0.64625	0.28986	0.729935	379	0	0
UBE2C__P1P2	8	0.97017	0.82216	1.0	794	0	0	0.40633	0.038556	0.169574	221	0	0
MED24__P1P2	8	0.97028	0.82217	1.0	795	0	0	1.0129e-10	4.9462e-06	6.2e-05	8	6	1.1788
MBD6__P1P2	8	0.97032	0.82217	1.0	796	0	0	0.21075	0.016782	0.113348	128	1	0.89554
SLC4A1AP__P1P2	8	0.9707	0.82596	1.0	797	0	0	0.20334	0.016782	0.113348	125	1	0.77737
CD22__P1P2	11	0.97093	0.66767	0.867872	798	0	0	0.78236	0.42354	0.894994	517	0	0
PTRHD1__P1P2	8	0.97144	0.83046	1.0	799	0	0	0.82826	0.69153	1.0	555	0	0
TACC3__P1	8	0.97217	0.83342	1.0	800	0	0	0.9425	0.92771	1.0	699	0	0
KCTD3__P1P2	8	0.97235	0.83343	1.0	801	0	0	0.27355	0.020987	0.128356	147	1	0.72933
MPHOSPH8__P1	8	0.97253	0.83535	1.0	802	0	0	0.68304	0.36182	0.843375	414	0	0
VGLL3__P1P2	8	0.97302	0.83904	1.0	803	0	0	0.01051	4.9462e-06	6.2e-05	76	2	0.8571
TRIM28__P1P2	8	0.9733	0.84068	1.0	804	0	0	0.50367	0.11129	0.390534	275	0	0
DDRGK1__P1P2	8	0.97354	0.84165	1.0	805	0	0	0.41928	0.046855	0.197199	228	0	0
FAM222B__P1	11	0.97368	0.6968	0.894707	806	0	0	0.36166	0.029692	0.148595	195	1	0.74971
PLCG1__P1P2	8	0.97422	0.84474	1.0	807	0	0	0.0043894	4.9462e-06	6.2e-05	70	2	1.1078
PDZK1__145727481	8	0.97479	0.84757	1.0	808	0	0	0.61982	0.24327	0.651422	356	0	0
FCGR1B__120935150	8	0.97492	0.84834	1.0	809	0	0	0.86847	0.78669	1.0	602	0	0
ATP6AP1__P1P2	8	0.97592	0.85575	1.0	810	0	0	0.49738	0.10314	0.368584	270	0	0
EHBP1__P1P2	8	0.97654	0.85933	1.0	811	0	0	0.039764	0.00016322	0.001619	92	2	0.89058
PPM1F__P1P2	8	0.97657	0.85933	1.0	812	0	0	0.53243	0.13844	0.450074	295	0	0
ZNF655__P1P2	8	0.97749	0.86391	1.0	813	0	0	0.48133	0.087236	0.323675	261	0	0
PYGO2__P1P2	8	0.97763	0.86555	1.0	814	0	0	0.27728	0.020987	0.128356	148	1	0.74597
PHF8__P1P2	11	0.9778	0.74124	0.936912	815	0	0	0.57979	0.10289	0.368584	330	0	0
CSK__P1P2	8	0.97813	0.87075	1.0	816	0	0	0.10429	0.00021269	0.001846	112	1	0.94514
PCDHGA12__P1P2	8	0.97831	0.87208	1.0	817	0	0	0.9779	0.98424	1.0	769	0	0
TUBA1C__P1P2	8	0.97837	0.87209	1.0	818	0	0	0.86593	0.77872	1.0	599	0	0
TMTC2__P1P2	8	0.97868	0.87723	1.0	819	0	0	0.81054	0.65112	1.0	543	0	0
DPF2__P1	8	0.97896	0.87929	1.0	820	0	0	0.45424	0.062634	0.246477	245	0	0
FAM72A__ENST00000367128.3	8	0.97919	0.88076	1.0	821	0	0	0.39685	0.038546	0.169574	214	0	0
UHMK1__P1P2	8	0.97947	0.88269	1.0	822	0	0	0.55972	0.17271	0.524624	312	0	0
BRPF1__P1P2	8	0.97958	0.8827	1.0	823	0	0	0.24756	0.016792	0.113348	140	1	0.73965
SEC62__P1P2	8	0.97982	0.88334	1.0	824	0	0	0.59055	0.20493	0.582448	337	0	0
AEN__P1P2	8	0.97993	0.88335	1.0	825	0	0	0.64692	0.28987	0.729935	381	0	0
TMEM81__ENST00000367167.3	8	0.98062	0.8893	1.0	826	0	0	0.093737	0.00021269	0.001846	109	1	1.1213
HES1__P1P2	8	0.98083	0.89062	1.0	827	0	0	0.76027	0.50491	0.98549	496	0	0
TULP3__P2	8	0.98192	0.90171	1.0	828	0	0	0.50008	0.11128	0.390534	272	0	0
IFT57__P1P2	8	0.98341	0.91218	1.0	829	0	0	0.5693	0.17641	0.529217	322	0	0
FKBPL__P1P2	8	0.98348	0.91268	1.0	830	0	0	0.36205	0.033956	0.157212	196	0	0
MTF2__P1P2	8	0.98395	0.91366	1.0	831	0	0	0.30477	0.025418	0.132884	163	1	0.66117
ESRP1__P1P2	8	0.98409	0.91468	1.0	832	0	0	0.29632	0.020997	0.128356	158	1	0.67235
SHCBP1__P1P2	8	0.98426	0.91469	1.0	833	0	0	0.037401	0.00015333	0.001619	88	2	0.85755
TGFBR2__P1P2	8	0.98459	0.91725	1.0	834	0	0	0.55487	0.16897	0.524624	307	0	0
SERPINB9__P1P2	8	0.98528	0.92305	1.0	835	0	0	0.73272	0.45306	0.929071	470	0	0
GOLGA7B__P1P2	8	0.98585	0.92806	1.0	836	0	0	0.7526	0.50282	0.98549	487	0	0
KRTCAP3__P1P2	8	0.98612	0.92952	1.0	837	0	0	0.12653	0.0042389	0.034415	115	1	0.99994
FAM203A__ENST00000347708.4	8	0.98616	0.92953	1.0	838	0	0	0.4016	0.038556	0.169574	218	0	0
LNP1__P1P2	8	0.98622	0.92953	1.0	839	0	0	0.0023865	4.9462e-06	6.2e-05	59	3	0.87874
SUPT3H__P1P2	8	0.98636	0.9309	1.0	840	0	0	0.98111	0.9871	1.0	784	0	0
DCLRE1B__P1P2	8	0.9867	0.93308	1.0	841	0	0	0.41465	0.046855	0.197199	225	0	0
UBE2R2__P1P2	8	0.98683	0.93522	1.0	842	0	0	0.35814	0.029811	0.148595	194	0	0
RNF2__P1P2	8	0.98711	0.9381	1.0	843	0	0	0.5913	0.20493	0.582448	338	0	0
AMOTL1__P1P2	8	0.98729	0.93996	1.0	844	0	0	0.47479	0.078877	0.299485	256	0	0
KANSL1__P1P2	8	0.98756	0.94097	1.0	845	0	0	0.81379	0.66114	1.0	545	0	0
C6orf62__P1	11	0.98782	0.85917	1.0	846	0	0	0.29532	0.023776	0.132884	156	1	0.77564
PTPN20B__48806138	8	0.98835	0.94645	1.0	847	0	0	0.7422	0.47961	0.973231	477	0	0
SHC1__P2	8	0.98867	0.94848	1.0	848	0	0	0.70838	0.41502	0.894515	447	0	0
RPL29__P1P2	8	0.98896	0.95126	1.0	849	0	0	0.32552	0.025428	0.132884	175	0	0
SLX1B__29465621	8	0.99006	0.95682	1.0	850	0	0	0.72984	0.44247	0.913125	468	0	0
RBM5__P1P2	8	0.99031	0.9579	1.0	851	0	0	0.40946	0.042958	0.18562	223	0	0
G0S2__P1P2	8	0.99038	0.95825	1.0	852	0	0	0.54626	0.16168	0.520361	300	0	0
CENPO__P1P2	8	0.99057	0.95923	1.0	853	0	0	0.67541	0.33419	0.786518	410	0	0
ROCK1__18690984	8	0.9906	0.95924	1.0	854	0	0	0.55609	0.16897	0.524624	310	0	0
C19orf53__P1P2	8	0.99063	0.95924	1.0	855	0	0	0.77701	0.55242	1.0	513	0	0
ELK3__P1P2	8	0.99077	0.96015	1.0	856	0	0	0.6574	0.2997	0.741253	391	0	0
FCGR1A__149755456	8	0.9908	0.96016	1.0	857	0	0	0.4079	0.042958	0.18562	222	0	0
CSPP1__P1P2	8	0.99081	0.96016	1.0	858	0	0	0.70585	0.41231	0.892593	442	0	0
TRIM24__P1P2	8	0.99116	0.96268	1.0	859	0	0	0.49101	0.094922	0.34556	267	0	0
IFT46__P1P2	8	0.99124	0.96269	1.0	860	0	0	0.4818	0.087246	0.323675	262	0	0
PPP1R16B__P1P2	8	0.99126	0.96293	1.0	861	0	0	0.42541	0.046865	0.197199	229	0	0
TMEM229B__P1	8	0.99129	0.96294	1.0	862	0	0	0.70043	0.39558	0.871915	437	0	0
KIAA1429__P1P2	8	0.9914	0.96344	1.0	863	0	0	0.00086584	4.9462e-06	6.2e-05	52	2	1.4224
PTPN14__P1P2	8	0.99275	0.96993	1.0	864	0	0	0.04779	0.00020279	0.001846	101	2	0.722
H2AFX__P1P2	8	0.99283	0.97014	1.0	865	0	0	0.59281	0.20494	0.582448	339	0	0
TMEM194A__P1P2	8	0.99298	0.97069	1.0	866	0	0	0.78509	0.5818	1.0	520	0	0
TADA2B__P1P2	8	0.99306	0.97087	1.0	867	0	0	9.0647e-05	4.9462e-06	6.2e-05	40	3	1.458
SNRK__P1P2	8	0.99308	0.97088	1.0	868	0	0	0.30357	0.025418	0.132884	162	1	0.68848
C8orf59__P1P2	8	0.99326	0.97173	1.0	869	0	0	0.90063	0.84651	1.0	643	0	0
ZBTB7B__P1P2	8	0.99381	0.97506	1.0	870	0	0	0.56013	0.17271	0.524624	313	0	0
PTBP3__P1P2	8	0.99402	0.9758	1.0	871	0	0	0.31906	0.025418	0.132884	168	1	0.64364
ZMIZ1__P1P2	11	0.99407	0.9304	1.0	872	0	0	0.31408	0.023776	0.132884	167	1	0.81086
DOCK2__P1P2	8	0.99411	0.97647	1.0	873	0	0	0.32376	0.025428	0.132884	172	0	0
GLYR1__P1P2	8	0.99461	0.97887	1.0	874	0	0	0.0015719	4.9462e-06	6.2e-05	54	3	0.83114
NR2E3__P1P2	8	0.99525	0.98122	1.0	875	0	0	0.25461	0.016792	0.113348	144	1	0.76273
MUT__P1P2	11	0.9955	0.95042	1.0	876	0	0	0.85911	0.62279	1.0	589	0	0
KDM5C__P1P2	8	0.9955	0.98277	1.0	877	0	0	0.0019018	4.9462e-06	6.2e-05	55	3	0.79946
C11orf71__P1P2	8	0.99561	0.98336	1.0	878	0	0	0.64659	0.28986	0.729935	380	0	0
USP15__P1P2	8	0.99568	0.98383	1.0	879	0	0	0.34344	0.029801	0.148595	188	0	0
PCGF2__P1	8	0.99583	0.98435	1.0	880	0	0	0.4901	0.094922	0.34556	265	0	0
HDAC8__P1P2	8	0.99591	0.98516	1.0	881	0	0	0.00027625	4.9462e-06	6.2e-05	47	4	0.67151
MED23__P1P2	8	0.99615	0.98629	1.0	882	0	0	7.1577e-14	4.9462e-06	6.2e-05	4	7	1.4667
IBTK__P1	8	0.99657	0.98813	1.0	883	0	0	0.56213	0.17272	0.524624	314	0	0
C11orf73__P1P2	8	0.99661	0.98829	1.0	884	0	0	0.3296	0.025428	0.132884	178	0	0
KAT6B__P1P2	8	0.99668	0.9885	1.0	885	0	0	0.33366	0.025428	0.132884	180	0	0
NIPBL__P1P2	8	0.99678	0.98911	1.0	886	0	0	0.05019	0.00020279	0.001846	105	2	0.70605
INPP4A__P1P2	8	0.99679	0.98911	1.0	887	0	0	0.28962	0.020997	0.128356	152	1	0.7507
ARHGAP21__P1P2	8	0.99687	0.98945	1.0	888	0	0	0.002584	4.9462e-06	6.2e-05	62	3	0.75973
HSPA13__P1P2	8	0.99703	0.99	1.0	889	0	0	1.1397e-05	4.9462e-06	6.2e-05	34	5	0.81012
CNR1__P1P2	8	0.99707	0.99026	1.0	890	0	0	0.57519	0.18785	0.553307	325	0	0
USP48__P1P2	8	0.99713	0.99044	1.0	891	0	0	0.67448	0.33124	0.781472	409	0	0
ZNF608__P2	8	0.99716	0.99067	1.0	892	0	0	0.54502	0.16167	0.520361	299	0	0
CNOT11__P1P2	8	0.99722	0.99084	1.0	893	0	0	0.039397	0.00016322	0.001619	91	2	0.80269
PICALM__P1P2	8	0.99724	0.99089	1.0	894	0	0	0.049988	0.00020279	0.001846	104	2	0.65832
SIN3B__P1P2	8	0.99744	0.99174	1.0	895	0	0	6.3038e-06	4.9462e-06	6.2e-05	31	5	0.74775
S100A16__P1P2	8	0.99758	0.99226	1.0	896	0	0	0.16536	0.0085322	0.067503	121	1	0.83903
CENPQ__P1P2	11	0.99759	0.97979	1.0	897	0	0	0.70854	0.27294	0.707449	448	0	0
RTKN2__P1P2	8	0.99778	0.9931	1.0	898	0	0	0.25013	0.016792	0.113348	141	1	0.74145
UBA5__P1P2	8	0.99792	0.99385	1.0	899	0	0	0.44494	0.054878	0.223186	239	0	0
HNRNPUL1__P1P2	11	0.99816	0.98672	1.0	900	0	0	0.23886	0.018227	0.122182	137	1	0.86245
ATP1A1__P1P2	8	0.99825	0.99524	1.0	901	0	0	0.57245	0.18784	0.553307	324	0	0
SPECC1L__P1P2	8	0.99852	0.99598	1.0	902	0	0	0.37201	0.033956	0.157212	204	0	0
SERTAD1__P1P2	8	0.99854	0.99617	1.0	903	0	0	0.52517	0.13454	0.443334	290	0	0
UBE3A__P1P2	8	0.9988	0.99724	1.0	904	0	0	0.56293	0.17272	0.524624	315	0	0
SRSF6__P1	8	0.99887	0.99738	1.0	905	0	0	0.16606	0.0085322	0.067503	122	1	0.89982
CCDC6__P1P2	8	0.99888	0.99739	1.0	906	0	0	0.56413	0.17272	0.524624	317	0	0
AHR__P1P2	11	0.999	0.99358	1.0	907	0	0	0.43591	0.041424	0.181371	235	0	0
KAT2A__P1P2	8	0.99907	0.99812	1.0	908	0	0	0.3325	0.025428	0.132884	179	0	0
MED19__P1P2	8	0.99908	0.99816	1.0	909	0	0	0.23	0.016792	0.113348	133	1	0.71869
C17orf49__P2	8	0.99912	0.99828	1.0	910	0	0	0.45229	0.062624	0.246477	244	0	0
MED13__P1P2	8	0.99925	0.9986	1.0	911	0	0	4.7065e-08	4.9462e-06	6.2e-05	16	6	1.1721
KIDINS220__P1P2	8	0.99927	0.99863	1.0	912	0	0	0.47713	0.083121	0.31198	258	0	0
HIST1H1E__P1P2	8	0.99937	0.99886	1.0	913	0	0	0.40371	0.038556	0.169574	220	0	0
MAP4K3__P1P2	8	0.99943	0.99901	1.0	914	0	0	0.24369	0.016792	0.113348	138	1	0.63901
KDM3A__P1P2	8	0.99945	0.99903	1.0	915	0	0	0.50278	0.11129	0.390534	273	0	0
B3GAT3__P1P2	8	0.99949	0.99907	1.0	916	0	0	4.609e-06	4.9462e-06	6.2e-05	30	5	0.87814
ARL14EP__P1P2	8	0.99955	0.99917	1.0	917	0	0	0.47432	0.078877	0.299485	255	0	0
CCNC__P1P2	8	0.99955	0.99917	1.0	918	0	0	0.048585	0.00020279	0.001846	102	2	0.75403
NF2__29999349	8	0.99966	0.99948	1.0	919	0	0	2.9364e-07	4.9462e-06	6.2e-05	24	4	1.4652
ARHGAP12__P1P2	8	0.99969	0.99956	1.0	920	0	0	0.33424	0.025428	0.132884	181	0	0
MED16__P1P2	8	0.99969	0.99956	1.0	921	0	0	1.1733e-10	4.9462e-06	6.2e-05	9	6	1.3731
SUPT7L__P1P2	8	0.99972	0.99962	1.0	922	0	0	4.0536e-05	4.9462e-06	6.2e-05	38	4	1.1685
BTBD9__P1P2	8	0.99979	0.99979	1.0	923	0	0	0.0037254	4.9462e-06	6.2e-05	68	3	0.67316
L3MBTL2__P1P2	8	0.9998	0.99981	1.0	924	0	0	0.044663	0.00016322	0.001619	98	2	0.70545
KLLN__P1P2	8	0.9998	0.99981	1.0	925	0	0	0.38129	0.033965	0.157212	209	0	0
DR1__P1P2	8	0.99981	0.99982	1.0	926	0	0	0.32669	0.025428	0.132884	176	0	0
GMPR2__P1P2	8	0.99981	0.99982	1.0	927	0	0	0.33597	0.025428	0.132884	183	0	0
ARAP3__P1P2	8	0.99981	0.99982	1.0	928	0	0	0.0024058	4.9462e-06	6.2e-05	60	3	0.84952
UBE2M__P1P2	8	0.99982	0.99985	1.0	929	0	0	0.0021988	4.9462e-06	6.2e-05	56	3	1.027
ZNRF3__P1P2	8	0.99987	0.99991	1.0	930	0	0	0.039213	0.00015333	0.001619	89	2	0.72392
PMAIP1__57567020	8	0.99987	0.99993	1.0	931	0	0	2.8364e-09	4.9462e-06	6.2e-05	12	4	1.7385
SMCHD1__P1P2	8	0.99989	0.99994	1.0	932	0	0	0.012329	4.9462e-06	6.2e-05	78	2	0.98736
B4GALT7__P1P2	8	0.99991	0.99994	1.0	933	0	0	0.00014795	4.9462e-06	6.2e-05	42	4	0.81216
ZC3H7B__P1P2	8	0.99991	0.99994	1.0	934	0	0	0.22869	0.016792	0.113348	132	1	0.82829
CTDSPL2__P1P2	8	0.99993	0.99996	1.0	935	0	0	0.0028342	4.9462e-06	6.2e-05	64	3	0.86535
MAU2__P1P2	8	0.99993	0.99996	1.0	936	0	0	0.30297	0.025418	0.132884	161	1	0.75754
STRADA__P1P2	8	0.99994	0.99996	1.0	937	0	0	0.3559	0.029811	0.148595	193	0	0
SUFU__104263513	8	0.99994	0.99996	1.0	938	0	0	3.0799e-10	4.9462e-06	6.2e-05	11	7	1.4149
ZIC2__P1P2	8	0.99995	0.99997	1.0	939	0	0	0.0023102	4.9462e-06	6.2e-05	58	3	0.86285
BCR__P1P2	8	0.99996	0.99999	1.0	940	0	0	0.23785	0.016792	0.113348	136	1	0.78312
POLE3__P1P2	8	0.99997	1.0	1.0	941	0	0	0.57791	0.19474	0.570131	328	0	0
FAM64A__P1P2	8	0.99997	1.0	1.0	942	0	0	0.21943	0.016782	0.113348	131	1	0.78444
CUL3__P1P2	8	0.99997	1.0	1.0	943	0	0	9.8504e-05	4.9462e-06	6.2e-05	41	4	0.8685
TCTN1__P1P2	8	0.99998	1.0	1.0	944	0	0	0.25269	0.016792	0.113348	143	1	0.74144
KCTD10__P1P2	8	0.99999	1.0	1.0	945	0	0	0.0022727	4.9462e-06	6.2e-05	57	3	0.82644
SSBP3__P1P2	8	0.99999	1.0	1.0	946	0	0	0.32493	0.025428	0.132884	174	0	0
MED13L__P1P2	8	0.99999	1.0	1.0	947	0	0	2.3718e-05	4.9462e-06	6.2e-05	35	4	1.1152
ZNF90__P1P2	8	1.0	1.0	1.0	948	0	0	0.0047744	4.9462e-06	6.2e-05	73	3	0.68438
ZSCAN10__P1P2	8	1.0	1.0	1.0	949	0	0	8.3734e-09	4.9462e-06	6.2e-05	14	6	1.0921
DCUN1D3__P1P2	8	1.0	1.0	1.0	950	0	0	0.034228	0.00015333	0.001619	86	2	0.79823
KAT6A__P1P2	8	1.0	1.0	1.0	951	0	0	2.405e-06	4.9462e-06	6.2e-05	28	5	0.88095
SPRY4__P1P2	8	1.0	1.0	1.0	952	0	0	3.6794e-06	4.9462e-06	6.2e-05	29	5	0.80074
UFM1__P1P2	8	1.0	1.0	1.0	953	0	0	0.39525	0.038546	0.169574	212	0	0
RNF146__P1P2	8	1.0	1.0	1.0	954	0	0	0.0012809	4.9462e-06	6.2e-05	53	3	0.95074
ZDHHC17__P1P2	8	1.0	1.0	1.0	955	0	0	0.38454	0.033965	0.157212	210	0	0
GPR137__P1	8	1.0	1.0	1.0	956	0	0	4.2902e-05	4.9462e-06	6.2e-05	39	4	0.77365
RASA2__P1P2	8	1.0	1.0	1.0	957	0	0	2.0186e-07	4.9462e-06	6.2e-05	20	6	0.88012
CBLL1__P1P2	8	1.0	1.0	1.0	958	0	0	0.041997	0.00016322	0.001619	95	2	0.69286
ZNF532__P1	8	1.0	1.0	1.0	959	0	0	0.00028828	4.9462e-06	6.2e-05	48	4	0.74119
MYO9B__P1P2	8	1.0	1.0	1.0	960	0	0	0.00019639	4.9462e-06	6.2e-05	43	4	0.92331
INPPL1__P1P2	8	1.0	1.0	1.0	961	0	0	0.00027154	4.9462e-06	6.2e-05	46	4	0.76832
RALGAPA1__P1P2	8	1.0	1.0	1.0	962	0	0	3.0587e-05	4.9462e-06	6.2e-05	37	4	0.92211
TFAP4__P1P2	8	1.0	1.0	1.0	963	0	0	2.504e-07	4.9462e-06	6.2e-05	23	6	1.0082
KIRREL__P1P2	8	1.0	1.0	1.0	964	0	0	9.6788e-06	4.9462e-06	6.2e-05	33	5	0.71607
SALL2__P1P2	8	1.0	1.0	1.0	965	0	0	6.0538e-07	4.9462e-06	6.2e-05	25	5	1.0538
BAD__P1P2	8	1.0	1.0	1.0	966	0	0	1.2979e-07	4.9462e-06	6.2e-05	17	6	0.80435
CTNND1__P1P2	8	1.0	1.0	1.0	967	0	0	2.8445e-09	4.9462e-06	6.2e-05	13	7	0.7624
CYP51A1__P1P2	8	1.0	1.0	1.0	968	0	0	6.1408e-12	4.9462e-06	6.2e-05	7	8	1.1699
SGK223__P1P2	8	1.0	1.0	1.0	969	0	0	7.2733e-13	4.9462e-06	6.2e-05	6	8	1.196
LEO1__P1P2	8	1.0	1.0	1.0	970	0	0	2.2295e-14	4.9462e-06	6.2e-05	3	8	1.2972
BAK1__33547269	8	1.0	1.0	1.0	971	0	0	1.4181e-23	4.9462e-06	6.2e-05	1	8	1.9897
