id	num	neg|score	neg|p-value	neg|fdr	neg|rank	neg|goodsgrna	neg|lfc	pos|score	pos|p-value	pos|fdr	pos|rank	pos|goodsgrna	pos|lfc
ORC5__P1P2	8	3.8493e-11	4.9462e-06	2.8e-05	1	8	-2.5791	0.99978	1.0	1.0	898	0	0
ANAPC13__P1P2	8	4.9812e-11	4.9462e-06	2.8e-05	2	8	-2.6789	1.0	1.0	1.0	971	0	0
ACTR8__P1P2	8	3.9228e-10	4.9462e-06	2.8e-05	3	8	-2.5947	1.0	1.0	1.0	970	0	0
C7orf26__P1P2	8	1.6134e-09	4.9462e-06	2.8e-05	4	8	-2.5828	1.0	1.0	1.0	969	0	0
CEP63__P1P2	8	2.9837e-09	4.9462e-06	2.8e-05	5	8	-2.8518	1.0	1.0	1.0	957	0	0
BUB1__P1P2	8	4.8591e-09	4.9462e-06	2.8e-05	6	8	-2.2064	1.0	1.0	1.0	968	0	0
PMVK__P1P2	8	4.9476e-09	4.9462e-06	2.8e-05	7	8	-2.619	1.0	1.0	1.0	967	0	0
PPM1G__P1	8	5.2686e-09	4.9462e-06	2.8e-05	8	8	-2.3238	1.0	1.0	1.0	966	0	0
ATP6AP1__P1P2	8	7.6966e-09	4.9462e-06	2.8e-05	9	8	-2.7554	1.0	1.0	1.0	956	0	0
WDR70__P1P2	8	1.9064e-08	4.9462e-06	2.8e-05	10	8	-2.3981	1.0	1.0	1.0	965	0	0
SNRPB2__P1P2	8	2.0977e-08	4.9462e-06	2.8e-05	11	7	-2.4724	0.61519	0.47056	1.0	403	0	0
CENPF__P1P2	8	2.2004e-08	4.9462e-06	2.8e-05	12	8	-2.4262	1.0	1.0	1.0	964	0	0
SEC62__P1P2	8	3.0379e-08	4.9462e-06	2.8e-05	13	8	-2.4575	1.0	1.0	1.0	963	0	0
NDUFS8__P1P2	8	3.1497e-08	4.9462e-06	2.8e-05	14	8	-2.38	0.99999	1.0	1.0	937	0	0
MYSM1__P1P2	8	1.132e-07	4.9462e-06	2.8e-05	15	8	-2.3811	1.0	1.0	1.0	962	0	0
UBE2C__P1P2	8	1.4308e-07	4.9462e-06	2.8e-05	16	8	-1.9961	1.0	1.0	1.0	961	0	0
HUS1__P1P2	8	1.8068e-07	4.9462e-06	2.8e-05	17	8	-2.7208	1.0	1.0	1.0	960	0	0
RPS14__P1P2	8	2.1795e-07	4.9462e-06	2.8e-05	18	8	-0.75861	1.0	1.0	1.0	959	0	0
MAD2L1BP__P1P2	8	2.6904e-07	4.9462e-06	2.8e-05	19	8	-1.3596	1.0	1.0	1.0	958	0	0
CHEK1__P1P2	8	2.8201e-07	4.9462e-06	2.8e-05	20	8	-2.5091	1.0	1.0	1.0	953	0	0
UBA3__P1P2	8	3.0346e-07	4.9462e-06	2.8e-05	21	8	-2.4654	0.99998	1.0	1.0	930	0	0
DROSHA__31531421	8	3.122e-07	4.9462e-06	2.8e-05	22	7	-2.6137	0.92124	0.95104	1.0	698	0	0
NSMCE4A__P1P2	8	4.4284e-07	4.9462e-06	2.8e-05	23	8	-2.2896	1.0	1.0	1.0	955	0	0
RPL36A__P1P2	8	4.6138e-07	4.9462e-06	2.8e-05	24	8	-1.2965	1.0	1.0	1.0	954	0	0
METTL15__P2	8	5.5957e-07	4.9462e-06	2.8e-05	25	8	-2.2869	0.99997	1.0	1.0	920	0	0
RPL34__P1P2	8	6.1735e-07	4.9462e-06	2.8e-05	26	8	-0.61337	1.0	1.0	1.0	952	0	0
DUSP12__P1P2	8	8.8001e-07	4.9462e-06	2.8e-05	27	6	-2.9019	0.72428	0.66943	1.0	500	0	0
WDR89__P1P2	8	1.2001e-06	4.9462e-06	2.8e-05	28	7	-2.2244	0.9959	0.99993	1.0	854	0	0
RAD9A__P1P2	8	1.2161e-06	4.9462e-06	2.8e-05	29	7	-2.3603	0.99817	1.0	1.0	868	0	0
ACAT2__P1P2	8	1.2695e-06	4.9462e-06	2.8e-05	30	8	-1.8386	1.0	1.0	1.0	951	0	0
HEATR3__P1P2	8	1.2746e-06	4.9462e-06	2.8e-05	31	8	-2.1524	0.99994	1.0	1.0	914	0	0
SAE1__P1P2	8	1.3895e-06	4.9462e-06	2.8e-05	32	7	-2.4197	0.9607	0.98752	1.0	757	0	0
NRF1__P1P2	8	1.426e-06	4.9462e-06	2.8e-05	33	8	-1.1188	1.0	1.0	1.0	950	0	0
RPS13__P1P2	8	1.5922e-06	4.9462e-06	2.8e-05	34	8	-0.6169	1.0	1.0	1.0	949	0	0
RPL14__P1P2	8	1.9932e-06	4.9462e-06	2.8e-05	35	8	-0.88718	1.0	1.0	1.0	948	0	0
STAG2__P1	8	2.1545e-06	4.9462e-06	2.8e-05	36	7	-2.3195	0.99724	0.99999	1.0	860	0	0
H2AFZ__P1P2	8	2.1603e-06	4.9462e-06	2.8e-05	37	8	-1.9257	1.0	1.0	1.0	947	0	0
C1D__P1P2	8	2.2248e-06	4.9462e-06	2.8e-05	38	8	-1.9619	1.0	1.0	1.0	946	0	0
RNF8__P1P2	8	2.4491e-06	4.9462e-06	2.8e-05	39	8	-2.2392	1.0	1.0	1.0	945	0	0
POLR1B__P1P2	8	2.6058e-06	4.9462e-06	2.8e-05	40	8	-1.3647	1.0	1.0	1.0	944	0	0
DCPS__P1P2	8	2.779e-06	4.9462e-06	2.8e-05	41	8	-2.0666	0.99999	1.0	1.0	934	0	0
UBA5__P1P2	8	2.8168e-06	4.9462e-06	2.8e-05	42	8	-1.505	1.0	1.0	1.0	943	0	0
LEO1__P1P2	8	4.3249e-06	4.9462e-06	2.8e-05	43	8	-1.2549	1.0	1.0	1.0	942	0	0
UBE2S__P1P2	8	4.4949e-06	4.9462e-06	2.8e-05	44	8	-1.4026	1.0	1.0	1.0	941	0	0
PALB2__P1P2	8	4.9752e-06	4.9462e-06	2.8e-05	45	7	-2.0903	0.99908	1.0	1.0	877	0	0
KIAA0020__P1	8	5.0288e-06	4.9462e-06	2.8e-05	46	7	-2.2335	0.99536	0.99991	1.0	851	0	0
DNAJC2__P1P2	8	5.645e-06	4.9462e-06	2.8e-05	47	6	-2.8782	0.98842	0.99893	1.0	814	0	0
FNBP4__P1P2	8	5.9251e-06	4.9462e-06	2.8e-05	48	8	-1.754	0.99989	1.0	1.0	908	0	0
TERF1__P1P2	8	6.1932e-06	4.9462e-06	2.8e-05	49	8	-1.7583	0.99999	1.0	1.0	940	0	0
IPO7__P1P2	8	7.1442e-06	4.9462e-06	2.8e-05	50	8	-1.0989	0.99999	1.0	1.0	939	0	0
SNAI1__P1P2	8	7.1702e-06	4.9462e-06	2.8e-05	51	8	-1.1252	0.99999	1.0	1.0	938	0	0
WDR48__P1P2	8	7.2796e-06	4.9462e-06	2.8e-05	52	7	-2.1555	0.98209	0.99715	1.0	796	0	0
TGFBR2__P1P2	8	7.9605e-06	4.9462e-06	2.8e-05	53	8	-1.2547	0.99999	1.0	1.0	936	0	0
MLF1IP__P1P2	8	8.3773e-06	4.9462e-06	2.8e-05	54	8	-2.0036	0.99968	1.0	1.0	893	0	0
PFDN1__P1P2	8	8.7327e-06	4.9462e-06	2.8e-05	55	8	-1.901	0.99999	1.0	1.0	935	0	0
CNOT3__P1P2	8	8.8093e-06	4.9462e-06	2.8e-05	56	8	-2.091	0.99991	1.0	1.0	910	0	0
DICER1__P1P2	8	1.0139e-05	4.9462e-06	2.8e-05	57	7	-2.3862	0.99779	1.0	1.0	865	0	0
ZAR1L__P1P2	8	1.0646e-05	4.9462e-06	2.8e-05	58	7	-2.4728	0.99532	0.99991	1.0	850	0	0
PPP1CB__P1P2	8	1.1084e-05	4.9462e-06	2.8e-05	59	6	-2.806	0.89696	0.92015	1.0	670	0	0
AATF__P1P2	8	1.1211e-05	4.9462e-06	2.8e-05	60	7	-0.80826	0.78293	0.76831	1.0	562	0	0
ZC3H4__P1	8	1.1575e-05	4.9462e-06	2.8e-05	61	8	-1.9549	0.99999	1.0	1.0	933	0	0
UBE2G2__P1P2	8	1.2432e-05	4.9462e-06	2.8e-05	62	8	-1.5561	0.99999	1.0	1.0	932	0	0
NDUFAF6__P1P2	8	1.279e-05	4.9462e-06	2.8e-05	63	8	-1.8729	0.99998	1.0	1.0	929	0	0
ZRSR2__P1P2	8	1.2967e-05	4.9462e-06	2.8e-05	64	6	-2.8318	0.51562	0.32792	0.986797	321	0	0
TUBA1C__P1P2	8	1.5046e-05	4.9462e-06	2.8e-05	65	8	-0.9516	0.99998	1.0	1.0	931	0	0
MDM2__P1P2	8	1.5232e-05	4.9462e-06	2.8e-05	66	7	-1.235	0.99116	0.99936	1.0	818	0	0
ZWILCH__P1P2	8	1.7664e-05	4.9462e-06	2.8e-05	67	7	-1.7753	0.94606	0.97719	1.0	731	0	0
BMS1__P1P2	8	1.806e-05	4.9462e-06	2.8e-05	68	7	-1.2992	0.85242	0.86064	1.0	632	0	0
TAF9__P1P2	8	1.9185e-05	4.9462e-06	2.8e-05	69	6	-2.2508	0.84708	0.85334	1.0	627	0	0
MMAB__P1P2	8	2.2095e-05	4.9462e-06	2.8e-05	70	8	-1.6137	0.99998	1.0	1.0	928	0	0
DGCR8__P1P2	8	2.2517e-05	4.9462e-06	2.8e-05	71	8	-1.8782	0.99998	1.0	1.0	927	0	0
AK2__P1P2	8	2.4048e-05	4.9462e-06	2.8e-05	72	8	-0.73673	0.99998	1.0	1.0	926	0	0
MDM4__P1P2	8	2.5071e-05	4.9462e-06	2.8e-05	73	8	-0.87925	0.99968	1.0	1.0	892	0	0
MINOS1-NBL1__P1P2	8	2.5988e-05	4.9462e-06	2.8e-05	74	8	-1.136	0.99997	1.0	1.0	925	0	0
ZNF462__P1P2	8	2.7217e-05	4.9462e-06	2.8e-05	75	8	-1.0683	0.99997	1.0	1.0	924	0	0
ARHGAP4__P1	8	2.7404e-05	4.9462e-06	2.8e-05	76	7	-1.975	0.58023	0.42385	1.0	378	0	0
RIF1__P1P2	8	2.917e-05	4.9462e-06	2.8e-05	77	7	-2.1215	0.99512	0.99989	1.0	847	0	0
NCSTN__P1P2	8	2.929e-05	4.9462e-06	2.8e-05	78	8	-1.1239	0.99997	1.0	1.0	923	0	0
INO80C__P1P2	8	2.9738e-05	4.9462e-06	2.8e-05	79	8	-1.1122	0.99997	1.0	1.0	922	0	0
CDC26__P1P2	8	3.1425e-05	4.9462e-06	2.8e-05	80	7	-2.2036	0.99181	0.99951	1.0	821	0	0
CTDSPL2__P1P2	8	3.1529e-05	4.9462e-06	2.8e-05	81	7	-2.1437	0.99721	0.99999	1.0	859	0	0
AGPS__P1P2	8	3.2267e-05	4.9462e-06	2.8e-05	82	8	-1.0966	0.99997	1.0	1.0	921	0	0
GTF3C4__P1P2	8	3.4133e-05	4.9462e-06	2.8e-05	83	7	-2.3015	0.78936	0.77512	1.0	570	0	0
HMGCS1__P1P2	8	3.5387e-05	4.9462e-06	2.8e-05	84	7	-2.2152	0.98563	0.9982	1.0	803	0	0
PPP2R5C__P1P2	8	3.6101e-05	4.9462e-06	2.8e-05	85	7	-1.3871	0.57674	0.42119	1.0	373	0	0
NPLOC4__P1P2	8	3.9077e-05	4.9462e-06	2.8e-05	86	7	-2.1455	0.99929	1.0	1.0	884	0	0
PPIL1__P1P2	8	4.0571e-05	4.9462e-06	2.8e-05	87	7	-2.3614	0.98694	0.99869	1.0	807	0	0
ILF3__P1P2	8	4.1862e-05	4.9462e-06	2.8e-05	88	8	-1.376	0.99996	1.0	1.0	919	0	0
ATF6__P1P2	8	4.4234e-05	4.9462e-06	2.8e-05	89	8	-1.339	0.99996	1.0	1.0	918	0	0
ZNHIT3__P1P2	8	4.9454e-05	4.9462e-06	2.8e-05	90	6	-2.5824	0.6654	0.56399	1.0	451	0	0
MIEF1__P1P2	8	5.1629e-05	4.9462e-06	2.8e-05	91	8	-0.77839	0.99995	1.0	1.0	917	0	0
MKI67__P1P2	8	5.6662e-05	4.9462e-06	2.8e-05	92	8	-1.0338	0.99994	1.0	1.0	916	0	0
SPTLC2__P1P2	8	5.73e-05	4.9462e-06	2.8e-05	93	8	-0.8973	0.99994	1.0	1.0	915	0	0
ANKRD17__P1P2	8	7.1849e-05	4.9462e-06	2.8e-05	94	8	-1.079	0.99993	1.0	1.0	913	0	0
NABP2__P1	8	7.2438e-05	4.9462e-06	2.8e-05	95	8	-1.2752	0.99993	1.0	1.0	912	0	0
CYLD__P1P2	8	7.4228e-05	4.9462e-06	2.8e-05	96	8	-0.90069	0.99993	1.0	1.0	911	0	0
MED23__P1P2	8	7.7435e-05	4.9462e-06	2.8e-05	97	7	-1.5033	0.98659	0.99856	1.0	806	0	0
DPF2__P1	8	7.7986e-05	4.9462e-06	2.8e-05	98	7	-1.6908	0.69375	0.61193	1.0	475	0	0
TINF2__P1P2	8	7.8263e-05	4.9462e-06	2.8e-05	99	8	-1.6409	0.99985	1.0	1.0	904	0	0
DDRGK1__P1P2	8	8.3617e-05	4.9462e-06	2.8e-05	100	6	-1.8969	0.90247	0.92904	1.0	675	0	0
ZC3H7A__P1P2	8	9.7403e-05	4.9462e-06	2.8e-05	101	8	-0.8604	0.9999	1.0	1.0	909	0	0
WDR82__P1P2	8	9.9486e-05	4.9462e-06	2.8e-05	102	7	-1.6923	0.99909	1.0	1.0	878	0	0
SMN2__69345238	8	0.00010126	4.9462e-06	2.8e-05	103	6	-2.5366	0.99874	1.0	1.0	873	0	0
VWA9__P1P2	8	0.00010181	4.9462e-06	2.8e-05	104	6	-2.5581	0.8003	0.79553	1.0	580	0	0
NEK2__P1P2	8	0.00012225	4.9462e-06	2.8e-05	105	8	-0.91742	0.99988	1.0	1.0	907	0	0
WEE1__P1P2	8	0.0001254	4.9462e-06	2.8e-05	106	8	-1.4996	0.99987	1.0	1.0	906	0	0
PIGY__P1P2	8	0.00012636	4.9462e-06	2.8e-05	107	8	-0.85418	0.99987	1.0	1.0	905	0	0
FOXK1__P1P2	8	0.00013132	4.9462e-06	2.8e-05	108	7	-1.1428	0.9326	0.96427	1.0	712	0	0
HMBS__P1	8	0.00013272	4.9462e-06	2.8e-05	109	6	-2.5566	0.59879	0.44475	1.0	393	0	0
AUNIP__P1P2	8	0.0001397	4.9462e-06	2.8e-05	110	7	-1.4592	0.47947	0.27609	0.888611	299	0	0
BCKDHA__P1	8	0.00015405	4.9462e-06	2.8e-05	111	6	-2.1964	0.81265	0.81393	1.0	593	0	0
NUFIP1__P1P2	8	0.00015707	4.9462e-06	2.8e-05	112	8	-1.2724	0.99984	1.0	1.0	903	0	0
PDS5B__P1P2	8	0.00016099	4.9462e-06	2.8e-05	113	8	-0.74803	0.99984	1.0	1.0	902	0	0
XRCC1__P1P2	11	0.00016672	4.9462e-06	2.8e-05	114	9	-1.6248	0.99466	0.9994	1.0	841	0	0
BTAF1__P1P2	8	0.00016804	4.9462e-06	2.8e-05	115	6	-2.1974	0.49602	0.30545	0.95777	307	0	0
PARL__P1P2	8	0.00017368	4.9462e-06	2.8e-05	116	8	-0.69929	0.99983	1.0	1.0	901	0	0
USP1__P1P2	8	0.00017903	4.9462e-06	2.8e-05	117	7	-1.3281	0.99948	1.0	1.0	887	0	0
SMARCC1__P1P2	8	0.0001804	4.9462e-06	2.8e-05	118	7	-1.5796	0.8645	0.88171	1.0	644	0	0
ZZZ3__P1P2	8	0.00018057	4.9462e-06	2.8e-05	119	8	-0.88928	0.99982	1.0	1.0	900	0	0
NKRF__P1P2	8	0.00018454	4.9462e-06	2.8e-05	120	8	-0.47214	0.99982	1.0	1.0	899	0	0
UHRF1__P1P2	8	0.00018493	4.9462e-06	2.8e-05	121	7	-1.6874	0.76612	0.74426	1.0	541	0	0
GPALPP1__P1P2	8	0.00018933	4.9462e-06	2.8e-05	122	7	-1.7362	0.96465	0.98998	1.0	768	0	0
PTBP1__P1P2	8	0.00019427	4.9462e-06	2.8e-05	123	7	-1.4239	0.99193	0.99952	1.0	823	0	0
PRKDC__P1P2	8	0.00019466	4.9462e-06	2.8e-05	124	7	-1.2978	0.99729	0.99999	1.0	861	0	0
EMC1__P1P2	8	0.0002076	4.9462e-06	2.8e-05	125	7	-1.7787	0.98106	0.99673	1.0	795	0	0
OBFC1__P1P2	8	0.00020856	4.9462e-06	2.8e-05	126	6	-2.3888	0.94765	0.97845	1.0	735	0	0
ANKRD49__P1P2	8	0.0002233	4.9462e-06	2.8e-05	127	5	-2.7534	0.82307	0.82457	1.0	603	0	0
DNAJC3__P1P2	8	0.00023148	4.9462e-06	2.8e-05	128	7	-1.244	0.99347	0.9997	1.0	836	0	0
RPS8__P1P2	8	0.00023189	4.9462e-06	2.8e-05	129	6	-0.90665	0.94727	0.97834	1.0	734	0	0
U2SURP__P1P2	8	0.00023638	4.9462e-06	2.8e-05	130	7	-1.9844	0.999	1.0	1.0	876	0	0
LOC730183__NM_001256932	8	0.00024886	4.9462e-06	2.8e-05	131	8	-0.86586	0.99975	1.0	1.0	897	0	0
HEXIM1__P1P2	8	0.00025119	4.9462e-06	2.8e-05	132	8	-0.64698	0.99975	1.0	1.0	896	0	0
GNB2L1__P1P2	8	0.0002618	4.9462e-06	2.8e-05	133	6	-1.9989	0.5286	0.34877	1.0	332	0	0
KIF18B__P1P2	8	0.00026312	4.9462e-06	2.8e-05	134	8	-0.95693	0.99974	1.0	1.0	895	0	0
RPL9__P1P2	8	0.0002669	4.9462e-06	2.8e-05	135	7	-0.43273	0.97977	0.99627	1.0	791	0	0
EXOC5__P1P2	8	0.00026808	4.9462e-06	2.8e-05	136	6	-1.9593	0.87261	0.89063	1.0	649	0	0
DNMT1__P1P2	8	0.00028052	4.9462e-06	2.8e-05	137	6	-2.2365	0.84977	0.85602	1.0	630	0	0
GDI2__P1	8	0.00028519	4.9462e-06	2.8e-05	138	8	-0.90869	0.99971	1.0	1.0	894	0	0
NPM1__P1P2	8	0.00030853	4.9462e-06	2.8e-05	139	7	-1.897	0.72826	0.67264	1.0	505	0	0
PPP4R2__P1P2	8	0.00030966	4.9462e-06	2.8e-05	140	7	-1.8911	0.98096	0.99668	1.0	794	0	0
INTS10__P1P2	8	0.00032617	4.9462e-06	2.8e-05	141	6	-2.3143	0.38723	0.16481	0.684644	224	0	0
CPNE1__P1P2	8	0.0003383	4.9462e-06	2.8e-05	142	6	-2.434	0.54914	0.38039	1.0	351	0	0
CWC25__P1P2	8	0.00034182	4.9462e-06	2.8e-05	143	8	-1.0652	0.99966	1.0	1.0	891	0	0
DHX35__P1P2	8	0.00034476	4.9462e-06	2.8e-05	144	6	-2.302	0.86407	0.88102	1.0	643	0	0
MUT__P1P2	11	0.00035933	4.9462e-06	2.8e-05	145	9	-1.3959	0.91353	0.91708	1.0	686	0	0
NEDD8-MDP1__P1P2	8	0.0003712	4.9462e-06	2.8e-05	146	5	-2.3281	0.9405	0.97262	1.0	724	0	0
DBF4__P1P2	8	0.00038451	4.9462e-06	2.8e-05	147	7	-1.6278	0.99289	0.99962	1.0	830	0	0
ZSCAN10__P1P2	8	0.00041977	4.9462e-06	2.8e-05	148	7	-0.96065	0.4105	0.18682	0.735188	244	0	0
NAE1__P1P2	8	0.00042409	4.9462e-06	2.8e-05	149	4	-2.9354	0.1597	0.020502	0.189881	78	0	0
FECH__P1P2	8	0.00046504	4.9462e-06	2.8e-05	150	6	-2.1539	0.96429	0.98982	1.0	767	0	0
TAF11__P1P2	8	0.0004831	4.9462e-06	2.8e-05	151	7	-1.7779	0.98488	0.99797	1.0	801	0	0
ANLN__P1P2	8	0.0004835	4.9462e-06	2.8e-05	152	6	-1.7712	0.93415	0.96578	1.0	717	0	0
ZFC3H1__P1P2	8	0.00048698	4.9462e-06	2.8e-05	153	7	-1.1616	0.91096	0.93957	1.0	683	0	0
MCTS1__P1P2	8	0.00049021	4.9462e-06	2.8e-05	154	6	-1.6021	0.65805	0.54446	1.0	444	0	0
DCP2__P1P2	8	0.00050413	4.9462e-06	2.8e-05	155	7	-0.84801	0.98805	0.99886	1.0	812	0	0
MBIP__P1P2	8	0.00050475	4.9462e-06	2.8e-05	156	4	-2.4647	0.44296	0.2182	0.778621	271	0	0
MED24__P1P2	8	0.00052667	4.9462e-06	2.8e-05	157	6	-1.7296	0.6911	0.60833	1.0	469	0	0
RBM14-RBM4__P2	8	0.00053206	4.9462e-06	2.8e-05	158	7	-1.6294	0.94057	0.97262	1.0	725	0	0
GTF3C2__P1P2	8	0.0005586	4.9462e-06	2.8e-05	159	7	-1.866	0.96176	0.98807	1.0	760	0	0
HMGCR__P1P2	8	0.00061427	4.9462e-06	2.8e-05	160	7	-1.4672	0.99871	1.0	1.0	872	0	0
CHERP__P1P2	8	0.00061466	4.9462e-06	2.8e-05	161	7	-1.8048	0.9853	0.99812	1.0	802	0	0
RBM34__P1P2	8	0.00069969	4.9462e-06	2.8e-05	162	7	-1.5942	0.99928	1.0	1.0	883	0	0
RBPMS2__P1P2	8	0.00071261	4.9462e-06	2.8e-05	163	7	-1.2827	0.78076	0.76578	1.0	558	0	0
HUWE1__P1P2	8	0.0007991	4.9462e-06	2.8e-05	164	7	-1.3314	0.85579	0.86596	1.0	635	0	0
MRGBP__P1P2	8	0.00080703	4.9462e-06	2.8e-05	165	7	-1.1281	0.99802	1.0	1.0	866	0	0
CENPQ__P1P2	11	0.00081113	4.9462e-06	2.8e-05	166	9	-1.0012	0.96748	0.98297	1.0	773	0	0
KAT5__P1P2	8	0.0008326	4.9462e-06	2.8e-05	167	6	-1.9427	0.87769	0.896	1.0	652	0	0
PHF8__P1P2	11	0.00087248	4.9462e-06	2.8e-05	168	9	-0.84726	0.9925	0.99893	1.0	828	0	0
RRNAD1__P1P2	8	0.00087637	4.9462e-06	2.8e-05	169	7	-1.5826	0.63955	0.51391	1.0	426	0	0
NUTF2__P1P2	8	0.00088001	4.9462e-06	2.8e-05	170	6	-1.3931	0.85427	0.8621	1.0	633	0	0
DCLRE1B__P1P2	8	0.0009285	4.9462e-06	2.8e-05	171	7	-1.6074	0.98228	0.99723	1.0	797	0	0
FKBPL__P1P2	8	0.00092898	4.9462e-06	2.8e-05	172	7	-1.6683	0.9992	1.0	1.0	882	0	0
HNRNPA2B1__P1P2	8	0.00096131	4.9462e-06	2.8e-05	173	7	-1.2875	0.99335	0.99969	1.0	833	0	0
SMARCAL1__P1P2	8	0.0011476	1.4839e-05	7e-05	174	7	-1.2861	0.99568	0.99992	1.0	853	0	0
GMEB1__P1P2	8	0.0011774	1.4839e-05	7e-05	175	7	-0.93569	0.99669	0.99997	1.0	857	0	0
TRAPPC13__P1P2	8	0.0012077	1.4839e-05	7e-05	176	7	-0.59861	0.9949	0.99988	1.0	845	0	0
PARN__P1P2	11	0.0012219	4.9462e-06	2.8e-05	177	8	-1.9595	0.37214	0.085554	0.442384	215	0	0
MANSC1__P1P2	8	0.0012376	1.4839e-05	7e-05	178	3	-1.8316	0.96932	0.99219	1.0	774	0	0
HAUS8__P1P2	8	0.0012499	1.4839e-05	7e-05	179	5	-2.0254	0.28839	0.062861	0.35324	170	0	0
SUB1__P1	8	0.0012641	1.4839e-05	7e-05	180	6	-2.0601	0.99481	0.99987	1.0	844	0	0
TAF6__P1P2	8	0.0013419	1.4839e-05	7e-05	181	7	-1.2142	0.99915	1.0	1.0	881	0	0
LIAS__P1P2	8	0.0013774	1.4839e-05	7e-05	182	6	-1.6763	0.76705	0.74569	1.0	542	0	0
NUP188__P1P2	8	0.0015189	1.4839e-05	7e-05	183	6	-1.2265	0.16606	0.020502	0.189881	82	0	0
SLC25A33__P1P2	8	0.0015979	1.4839e-05	7e-05	184	7	-0.69998	0.99915	1.0	1.0	880	0	0
MAU2__P1P2	8	0.00163	1.4839e-05	7e-05	185	7	-1.022	0.9139	0.94304	1.0	688	0	0
MRRF__P1P2	8	0.0016719	1.4839e-05	7e-05	186	6	-1.4707	0.99454	0.99984	1.0	840	0	0
NAA15__P1P2	8	0.0017364	1.4839e-05	7e-05	187	6	-1.8728	0.93498	0.96725	1.0	718	0	0
XPO5__P1P2	8	0.0019514	1.4839e-05	7e-05	188	7	-1.5926	0.99941	1.0	1.0	886	0	0
ESRP1__P1P2	8	0.0019765	1.4839e-05	7e-05	189	7	-0.80392	0.93952	0.9715	1.0	722	0	0
BRMS1__P1P2	8	0.002019	1.4839e-05	7e-05	190	7	-0.71574	0.93284	0.96428	1.0	713	0	0
ACTR5__P1P2	8	0.002036	1.4839e-05	7e-05	191	6	-1.5922	0.437	0.2145	0.778621	265	0	0
SNRNP40__P1P2	8	0.0020975	1.4839e-05	7e-05	192	7	-1.5553	0.99877	1.0	1.0	874	0	0
CCDC12__P1	8	0.0021219	1.4839e-05	7e-05	193	6	-1.7379	0.52689	0.34876	1.0	331	0	0
IPO5__P1P2	8	0.0021669	1.4839e-05	7e-05	194	6	-1.6076	0.80666	0.80682	1.0	585	0	0
SPECC1L__P1P2	8	0.0022574	1.4839e-05	7e-05	195	7	-0.7123	0.99804	1.0	1.0	867	0	0
FAR1__P1P2	8	0.0022716	1.4839e-05	7e-05	196	7	-0.61921	0.99859	1.0	1.0	871	0	0
DDX10__P1P2	8	0.0023511	1.4839e-05	7e-05	197	5	-0.97282	0.68574	0.59638	1.0	464	0	0
UNC45A__P1	8	0.00238	1.4839e-05	7e-05	198	6	-1.9339	0.57597	0.42119	1.0	371	0	0
RPS11__P1P2	8	0.0024182	1.4839e-05	7e-05	199	6	-0.71144	0.76145	0.73901	1.0	532	0	0
PPP2CA__P1P2	8	0.0024939	1.4839e-05	7e-05	200	6	-1.6421	0.98593	0.99837	1.0	804	0	0
TOP1__P1P2	8	0.0025618	1.4839e-05	7e-05	201	6	-1.9979	0.91843	0.94794	1.0	693	0	0
POLG__P1P2	8	0.002581	1.4839e-05	7e-05	202	6	-1.8502	0.63785	0.51183	1.0	424	0	0
MDC1__P1P2	8	0.0025875	1.4839e-05	7e-05	203	6	-1.2883	0.96041	0.98736	1.0	756	0	0
GPBP1__P1P2	8	0.0025919	1.4839e-05	7e-05	204	7	-0.83727	0.9543	0.98386	1.0	745	0	0
ARL14EP__P1P2	8	0.0026453	1.4839e-05	7e-05	205	7	-0.68792	0.99374	0.99974	1.0	839	0	0
PRPF40A__P1P2	8	0.0027202	1.4839e-05	7e-05	206	5	-2.1187	0.91935	0.94947	1.0	695	0	0
CENPL__P1P2	8	0.0027882	1.4839e-05	7e-05	207	7	-0.86782	0.29084	0.062871	0.35324	173	0	0
TRIP13__P1P2	8	0.0028436	2.4731e-05	0.000105	208	6	-0.93385	0.96638	0.9908	1.0	771	0	0
ANKRA2__P1P2	8	0.0029375	2.4731e-05	0.000105	209	7	-1.0755	0.99365	0.99973	1.0	838	0	0
ACLY__P1P2	8	0.0029434	2.4731e-05	0.000105	210	7	-1.171	0.20671	0.028812	0.237736	112	0	0
GOLGA7__P1P2	8	0.0030146	2.4731e-05	0.000105	211	7	-0.79837	0.99913	1.0	1.0	879	0	0
PKMYT1__P1P2	8	0.0030629	2.4731e-05	0.000105	212	7	-1.5892	0.98837	0.99892	1.0	813	0	0
ERC1__P1P2	8	0.003075	2.4731e-05	0.000105	213	7	-0.64883	0.99475	0.99987	1.0	843	0	0
CMC1__P1P2	8	0.0030811	2.4731e-05	0.000105	214	7	-0.98226	0.95279	0.98264	1.0	742	0	0
PSPC1__P1P2	8	0.0031551	2.4731e-05	0.000105	215	7	-0.87946	0.9953	0.99991	1.0	849	0	0
NRBP1__P1P2	8	0.0031605	2.4731e-05	0.000105	216	6	-0.96169	0.97734	0.99522	1.0	783	0	0
MED16__P1P2	8	0.0031909	2.4731e-05	0.000105	217	6	-1.4753	0.88974	0.91151	1.0	663	0	0
GTF2H2__ENST00000274400.5_ENST00000330280.7	8	0.0032037	2.4731e-05	0.000105	218	4	-2.6506	0.54002	0.363	1.0	341	0	0
ZCCHC11__P1P2	8	0.0032243	2.4731e-05	0.000105	219	7	-0.59338	0.99959	1.0	1.0	889	0	0
EXOSC1__P1P2	8	0.0033156	2.4731e-05	0.000105	220	4	-2.1987	0.5059	0.31829	0.972892	314	0	0
SRCAP__P1P2	8	0.0033927	2.4731e-05	0.000105	221	7	-0.83819	0.98923	0.99908	1.0	816	0	0
SF1__P1P2	8	0.0034661	2.4731e-05	0.000105	222	7	-0.63645	0.69638	0.61575	1.0	479	0	0
TRIM24__P1P2	8	0.0035136	2.4731e-05	0.000105	223	7	-0.75862	0.99595	0.99993	1.0	855	0	0
RPL28__P1P2	8	0.003518	2.4731e-05	0.000105	224	5	-1.5786	0.41154	0.18682	0.735188	245	0	0
TAF4__P1P2	8	0.0035485	2.4731e-05	0.000105	225	6	-1.0193	0.59693	0.44474	1.0	388	0	0
CFDP1__P1	8	0.0035625	2.4731e-05	0.000105	226	4	-2.4438	0.62018	0.47321	1.0	409	0	0
ANP32B__P1P2	8	0.0037088	2.4731e-05	0.000105	227	2	-3.03	0.85685	0.8692	1.0	636	0	0
BRAP__P1P2	8	0.0038096	2.4731e-05	0.000105	228	7	-0.70907	0.9479	0.97861	1.0	737	0	0
CSTF2__P1P2	8	0.0038904	2.4731e-05	0.000105	229	7	-0.5911	0.99963	1.0	1.0	890	0	0
SETDB1__P1P2	8	0.0038978	2.4731e-05	0.000105	230	7	-0.94886	0.99955	1.0	1.0	888	0	0
CHTF18__P1P2	8	0.0042914	5.4408e-05	0.000222	231	6	-1.737	0.99758	1.0	1.0	864	0	0
PFDN4__P1P2	8	0.004321	5.4408e-05	0.000222	232	5	-1.8067	0.81904	0.81977	1.0	596	0	0
TMEM68__P1P2	8	0.0043979	5.4408e-05	0.000222	233	7	-0.88926	0.98366	0.99766	1.0	798	0	0
SUPT4H1__P1P2	8	0.0045313	5.4408e-05	0.000222	234	3	-2.3688	0.90926	0.93761	1.0	680	0	0
COL4A3BP__P1P2	8	0.0046158	5.4408e-05	0.000222	235	7	-0.61696	0.65154	0.53086	1.0	436	0	0
COG6__P1P2	8	0.0047106	5.4408e-05	0.000222	236	7	-1.1191	0.63887	0.51183	1.0	425	0	0
CABIN1__P1P2	8	0.0048163	5.4408e-05	0.000222	237	6	-1.0164	0.98976	0.99918	1.0	817	0	0
APEX2__P1P2	8	0.00488	5.4408e-05	0.000222	238	6	-1.019	0.96147	0.98784	1.0	759	0	0
UBE2O__P1P2	8	0.0049957	6.43e-05	0.000256	239	7	-0.6981	0.91601	0.94562	1.0	690	0	0
ILK__P1P2	8	0.0050819	6.43e-05	0.000256	240	6	-1.5101	0.9934	0.99969	1.0	835	0	0
RPS4Y1__P1P2	8	0.0051436	6.43e-05	0.000256	241	7	-0.64752	0.99938	1.0	1.0	885	0	0
LIMS1__P1P2	8	0.0052877	6.43e-05	0.000256	242	6	-1.1259	0.94277	0.9745	1.0	728	0	0
SSR1__P1P2	8	0.0053334	6.43e-05	0.000256	243	6	-1.0635	0.39206	0.16858	0.697279	230	0	0
CHAF1A__P1P2	8	0.0054956	6.43e-05	0.000256	244	6	-1.2535	0.59767	0.44474	1.0	390	0	0
DR1__P1P2	8	0.0058108	0.00010387	0.00041	245	4	-2.3067	0.50008	0.31828	0.972892	309	0	0
TIMM17B__P1P2	8	0.005844	0.00010387	0.00041	246	6	-1.1486	0.98725	0.99877	1.0	808	0	0
LCOR__P1P2	8	0.0062875	0.00011376	0.000435	247	6	-1.0017	0.99284	0.99962	1.0	829	0	0
BRD1__P1P2	8	0.0063136	0.00011376	0.000435	248	6	-0.92203	0.84402	0.85186	1.0	625	0	0
RUNX1T1__P2	8	0.0064182	0.00011376	0.000435	249	5	-1.2653	0.83975	0.84868	1.0	617	0	0
MOSPD2__P1P2	8	0.0065391	0.00011376	0.000435	250	6	-0.89318	0.98759	0.99882	1.0	809	0	0
SDF2__P1P2	8	0.0067381	0.00011376	0.000435	251	5	-1.9789	0.20063	0.024568	0.221109	108	0	0
C8orf59__P1P2	8	0.0069385	0.00011376	0.000435	252	6	-0.86296	0.98369	0.99767	1.0	799	0	0
KAT2A__P1P2	8	0.0069526	0.00011376	0.000435	253	6	-1.5544	0.77567	0.75711	1.0	552	0	0
RRP8__P1P2	8	0.007138	0.00011376	0.000435	254	6	-0.97374	0.75718	0.73079	1.0	525	0	0
H2AFX__P1P2	8	0.0073272	0.00012365	0.00047	255	6	-0.80748	0.98791	0.99885	1.0	811	0	0
VPS51__P1P2	8	0.0075807	0.00012365	0.00047	256	6	-1.2258	0.60064	0.45005	1.0	394	0	0
KPNA2__P1P2	8	0.0079659	0.00018301	0.000653	257	6	-1.0863	0.93938	0.97149	1.0	721	0	0
HSPA14__P1P2	8	0.008131	0.00018301	0.000653	258	6	-1.8813	0.86146	0.87604	1.0	641	0	0
HSPA13__P1P2	8	0.0087823	0.00018301	0.000653	259	6	-1.0961	0.69579	0.61575	1.0	478	0	0
TBCC__P1P2	8	0.00902	0.00018301	0.000653	260	5	-1.8213	0.9425	0.97449	1.0	727	0	0
UBR5__P1P2	8	0.0090841	0.00018301	0.000653	261	6	-1.714	0.93699	0.96856	1.0	720	0	0
CCDC137__P1P2	8	0.0091092	0.00018301	0.000653	262	6	-1.3624	0.99855	1.0	1.0	870	0	0
STX7__P1P2	8	0.0099996	0.00018301	0.000653	263	2	-3.0257	0.43799	0.2145	0.778621	266	0	0
MEX3A__P1P2	8	0.01009	0.00018301	0.000653	264	6	-0.9818	0.99235	0.99956	1.0	827	0	0
LSR__P1P2	8	0.010202	0.00018301	0.000653	265	5	-1.5458	0.56373	0.40476	1.0	363	0	0
RAD1__P1P2	8	0.010591	0.00018301	0.000653	266	6	-0.82402	0.97819	0.99565	1.0	787	0	0
FOXK2__P1P2	8	0.010809	0.00018301	0.000653	267	6	-0.72581	0.99331	0.99967	1.0	832	0	0
MGEA5__P1P2	8	0.011167	0.00018301	0.000653	268	5	-1.3326	0.60834	0.46279	1.0	397	0	0
PPP1R10__P1P2	8	0.011214	0.00018301	0.000653	269	6	-1.2696	0.99889	1.0	1.0	875	0	0
MEAF6__P1P2	8	0.011504	0.0001929	0.000653	270	6	-1.0374	0.30237	0.071388	0.37923	181	0	0
ZCCHC8__P1P2	8	0.011908	0.0001929	0.000653	271	6	-0.93792	0.99514	0.99989	1.0	848	0	0
PTPN12__P1P2	8	0.012441	0.0001929	0.000653	272	2	-2.5834	0.23459	0.037339	0.277048	130	0	0
SUGP1__P1P2	8	0.01354	0.0001929	0.000653	273	4	-1.9557	0.65088	0.53086	1.0	435	0	0
DDX31__P1P2	8	0.013609	0.0001929	0.000653	274	5	-1.8815	0.93322	0.96477	1.0	715	0	0
UQCRC2__P1P2	11	0.013651	0.00023247	0.000713	275	7	-1.6759	0.52462	0.26013	0.865928	328	0	0
C19orf53__P1P2	8	0.013734	0.0001929	0.000653	276	5	-1.665	0.51431	0.32791	0.986797	320	0	0
DET1__P1P2	8	0.013752	0.0001929	0.000653	277	6	-0.96977	0.98059	0.99659	1.0	793	0	0
ABHD16A__P1P2	8	0.014141	0.0001929	0.000653	278	6	-0.85568	0.99559	0.99992	1.0	852	0	0
TACC3__P1	8	0.014588	0.0001929	0.000653	279	3	-2.3923	0.45956	0.2432	0.832391	283	0	0
CMC2__P1P2	8	0.015022	0.0001929	0.000653	280	6	-1.6214	0.98406	0.99772	1.0	800	0	0
AEN__P1P2	8	0.015334	0.0001929	0.000653	281	6	-0.88208	0.99501	0.99989	1.0	846	0	0
PDSS1__P1P2	11	0.015565	0.00029182	0.000834	282	6	-1.6915	0.82787	0.77908	1.0	607	0	0
RAD17__P1P2	8	0.01567	0.0001929	0.000653	283	4	-2.1372	0.75015	0.71971	1.0	517	0	0
MAGOHB__P1P2	8	0.015718	0.0001929	0.000653	284	5	-1.9153	0.54044	0.363	1.0	342	0	0
SPIN1__P1P2	8	0.015734	0.0001929	0.000653	285	3	-1.7651	0.47054	0.2632	0.867259	291	0	0
FZR1__P1P2	8	0.015784	0.0001929	0.000653	286	6	-0.9763	0.54584	0.37175	1.0	347	0	0
MTF1__P1P2	8	0.016299	0.0001929	0.000653	287	6	-1.1731	0.90875	0.9372	1.0	679	0	0
PNKP__P1P2	8	0.01652	0.0001929	0.000653	288	5	-2.1343	0.68544	0.59638	1.0	463	0	0
NAA30__P1P2	8	0.016771	0.0001929	0.000653	289	6	-1.1697	0.82755	0.82916	1.0	605	0	0
CCS__P1P2	8	0.01754	0.00020279	0.000653	290	5	-0.97522	0.99731	0.99999	1.0	862	0	0
CCDC130__P1	8	0.018424	0.00020279	0.000653	291	1	-3.027	0.96552	0.99042	1.0	769	0	0
UBE2L3__P1P2	8	0.01848	0.00020279	0.000653	292	5	-1.5738	0.46388	0.25001	0.838014	287	0	0
ZNF236__P1P2	8	0.018561	0.00020279	0.000653	293	2	-2.8195	0.76263	0.74023	1.0	536	0	0
MAPRE1__P1P2	8	0.019071	0.00020279	0.000653	294	6	-1.0368	0.55609	0.38312	1.0	358	0	0
AKAP3__P1	8	0.019367	0.00020279	0.000653	295	5	-1.7662	0.74744	0.71428	1.0	515	0	0
RANBP2__109335729	8	0.019373	0.00020279	0.000653	296	4	-2.1074	0.58903	0.43458	1.0	384	0	0
FDXR__P1P2	11	0.019685	0.00029182	0.000834	297	5	-2.0805	0.958	0.97287	1.0	750	0	0
NPDC1__P1P2	8	0.020554	0.00020279	0.000653	298	5	-1.5732	0.65318	0.53744	1.0	438	0	0
SGK3__ENST00000396596.1_ENST00000522398.1	8	0.020858	0.00020279	0.000653	299	3	-1.413	0.15757	0.016406	0.189881	77	0	0
TIMM10__P1P2	8	0.020971	0.00020279	0.000653	300	5	-1.78	0.75113	0.71972	1.0	519	0	0
C1QTNF9B-AS1__P1P2	8	0.021067	0.00020279	0.000653	301	6	-1.4219	0.7167	0.65946	1.0	494	0	0
PIGB__P1P2	8	0.021201	0.00020279	0.000653	302	6	-0.56603	0.97224	0.99326	1.0	778	0	0
RBX1__P1P2	8	0.021307	0.00020279	0.000653	303	3	-2.3272	0.27976	0.058499	0.338456	160	0	0
ISY1__P1P2	8	0.021623	0.00020279	0.000653	304	6	-1.2391	0.81474	0.81791	1.0	594	0	0
KIFC1__P1P2	8	0.021778	0.00020279	0.000653	305	6	-0.70326	0.40685	0.18332	0.733282	241	0	0
INTS6__P1P2	8	0.022684	0.00021269	0.000667	306	6	-0.62231	0.97787	0.9954	1.0	786	0	0
PTK2__P1P2	8	0.023067	0.00021269	0.000667	307	5	-1.2109	0.9755	0.99465	1.0	781	0	0
KIF22__P1	8	0.023292	0.00021269	0.000667	308	6	-0.44625	0.98639	0.99849	1.0	805	0	0
ASPM__P1P2	8	0.023509	0.00021269	0.000667	309	6	-0.76232	0.99197	0.99952	1.0	824	0	0
PHC1__P1P2	8	0.023801	0.00021269	0.000667	310	6	-0.76555	0.67664	0.58455	1.0	460	0	0
MSI1__P1P2	8	0.024095	0.00021269	0.000667	311	2	-1.7861	0.76239	0.74023	1.0	535	0	0
RAD51AP1__P1P2	8	0.025189	0.00021269	0.000667	312	6	-0.60601	0.99674	0.99997	1.0	858	0	0
NSDHL__P1P2	8	0.025293	0.00021269	0.000667	313	5	-1.7697	0.84644	0.85333	1.0	626	0	0
LTN1__P1P2	8	0.02571	0.00022258	0.000693	314	4	-1.0838	0.98886	0.99903	1.0	815	0	0
ARRDC4__P1P2	8	0.026516	0.00022258	0.000693	315	3	-1.2174	0.4804	0.27609	0.888611	300	0	0
TAF3__P1P2	8	0.027573	0.00023247	0.000713	316	5	-1.4081	0.62159	0.4755	1.0	411	0	0
UBE2Q1__P1P2	8	0.027734	0.00023247	0.000713	317	6	-0.82391	0.96195	0.98811	1.0	761	0	0
C7orf49__P1P2	8	0.028779	0.00023247	0.000713	318	6	-0.81669	0.82914	0.83099	1.0	610	0	0
UBA2__P1P2	8	0.028843	0.00023247	0.000713	319	5	-1.3396	0.99186	0.99951	1.0	822	0	0
CDC42EP5__P1P2	8	0.029354	0.00024236	0.000738	320	3	-2.0353	0.83366	0.8383	1.0	613	0	0
CORO1A__30194716	8	0.030691	0.00024236	0.000738	321	6	-0.99095	0.50724	0.31829	0.972892	316	0	0
ATPAF2__P1P2	8	0.031496	0.00025226	0.000752	322	5	-1.0447	0.79989	0.79553	1.0	579	0	0
GET4__P1P2	8	0.031591	0.00025226	0.000752	323	6	-1.0071	0.46817	0.25002	0.838014	290	0	0
DOCK1__P1P2	8	0.031682	0.00025226	0.000752	324	6	-0.72432	0.95244	0.9823	1.0	741	0	0
DCAF4__P1P2	8	0.031773	0.00025226	0.000752	325	6	-0.59292	0.95991	0.98703	1.0	754	0	0
MYO9B__P1P2	8	0.032026	0.00025226	0.000752	326	5	-1.6074	0.90986	0.93869	1.0	681	0	0
PIGL__P1P2	8	0.032511	0.00025226	0.000752	327	6	-0.40735	0.623	0.47551	1.0	413	0	0
XPC__P1	8	0.03305	0.00025226	0.000752	328	5	-1.4682	0.96425	0.98982	1.0	766	0	0
CTIF__P1P2	8	0.03455	0.00026215	0.000756	329	3	-1.8876	0.22935	0.037339	0.277048	126	0	0
MON2__P1P2	8	0.03494	0.00026215	0.000756	330	5	-0.87486	0.88998	0.91186	1.0	664	0	0
PSPH__P2	8	0.035224	0.00026215	0.000756	331	5	-1.5299	0.65966	0.54892	1.0	445	0	0
PFDN5__P1P2	8	0.035281	0.00026215	0.000756	332	5	-1.5393	0.96137	0.98774	1.0	758	0	0
RPL29__P1P2	8	0.035413	0.00026215	0.000756	333	5	-1.2254	0.82288	0.82457	1.0	602	0	0
USP42__P1P2	8	0.035624	0.00026215	0.000756	334	5	-1.0016	0.94457	0.97606	1.0	730	0	0
PEX7__P1P2	8	0.035682	0.00026215	0.000756	335	5	-0.76451	0.84107	0.84949	1.0	620	0	0
SPEN__P1P2	8	0.035739	0.00026215	0.000756	336	5	-1.0964	0.69346	0.61192	1.0	474	0	0
RAD21__P1P2	8	0.03615	0.00026215	0.000756	337	4	-1.7008	0.9916	0.99944	1.0	820	0	0
SERBP1__P1P2	8	0.036949	0.00026215	0.000756	338	3	-1.902	0.20537	0.028812	0.237736	110	0	0
SMN1__70220656	8	0.037928	0.00026215	0.000756	339	3	-1.8275	0.78702	0.77065	1.0	568	0	0
FAM178A__P1P2	8	0.039868	0.00027204	0.000782	340	5	-1.202	0.66126	0.55317	1.0	447	0	0
MED15__P1	8	0.040936	0.0042191	0.011693	341	5	-1.6838	0.55405	0.38312	1.0	355	0	0
UFM1__P1P2	8	0.041761	0.0042191	0.011693	342	5	-1.2046	0.45472	0.2365	0.820999	280	0	0
FUBP3__P1P2	8	0.042213	0.004229	0.011693	343	5	-1.1709	0.6409	0.51624	1.0	428	0	0
FBXO28__P1P2	8	0.042526	0.004229	0.011693	344	1	-3.0297	0.20941	0.028821	0.237736	113	0	0
RNF168__P1P2	8	0.043756	0.004229	0.011693	345	5	-1.3988	0.84222	0.8504	1.0	621	0	0
SRSF6__P1	8	0.045327	0.004229	0.011693	346	5	-1.1537	0.99225	0.99955	1.0	826	0	0
CBLL1__P1P2	8	0.046629	0.0042389	0.011693	347	5	-1.6334	0.1447	0.016406	0.189881	66	0	0
SNF8__P1P2	8	0.048668	0.0042488	0.011693	348	5	-1.4714	0.44936	0.22189	0.778621	277	0	0
ENY2__P1P2	8	0.04961	0.0042488	0.011693	349	3	-2.2344	0.92728	0.95825	1.0	702	0	0
PABPC4__P1P2	8	0.0508	0.0042488	0.011693	350	4	-1.5607	0.76192	0.74023	1.0	533	0	0
EIF3F__P1P2	11	0.051466	0.00038086	0.001086	351	6	-1.4	0.99351	0.99919	1.0	837	0	0
WDR18__P1P2	8	0.052736	0.0042587	0.011693	352	4	-1.679	0.50679	0.31829	0.972892	315	0	0
CTNNB1__P1P2	8	0.055297	0.0042587	0.011693	353	5	-0.86952	0.94431	0.97592	1.0	729	0	0
ARID1A__P1P2	8	0.055609	0.0042587	0.011693	354	5	-0.84924	0.95033	0.98039	1.0	740	0	0
UFL1__P1P2	8	0.059164	0.0087696	0.021762	355	5	-1.3931	0.76543	0.74425	1.0	540	0	0
NUDT22__P1P2	8	0.060275	0.0087795	0.021762	356	4	-1.362	0.61304	0.46788	1.0	401	0	0
EIF4A1__P1P2	8	0.060734	0.0087795	0.021762	357	4	-1.7763	0.17865	0.020512	0.189881	91	0	0
WNT7A__P1P2	8	0.061434	0.0087795	0.021762	358	1	-2.9831	0.51868	0.33388	0.995502	323	0	0
FAM216A__P1P2	8	0.062197	0.0087795	0.021762	359	4	-1.548	0.93103	0.96256	1.0	706	0	0
COPE__P1P2	8	0.062261	0.0087795	0.021762	360	5	-1.4217	0.4249	0.20451	0.778621	252	0	0
PPME1__P1P2	8	0.063689	0.0087894	0.021762	361	4	-1.1827	0.88878	0.90974	1.0	661	0	0
DHH__P1P2	8	0.063774	0.0087894	0.021762	362	2	-1.9258	0.67044	0.57402	1.0	456	0	0
BRPF1__P1P2	8	0.063996	0.0087993	0.021762	363	4	-1.2958	0.79146	0.77639	1.0	572	0	0
TTC3__P1P2	8	0.064995	0.0087993	0.021762	364	5	-0.63596	0.99845	1.0	1.0	869	0	0
ATP12A__P1P2	8	0.065332	0.0087993	0.021762	365	2	-2.4607	0.7095	0.64528	1.0	488	0	0
SF3A2__P2	8	0.065342	0.0087993	0.021762	366	5	-1.1132	0.5569	0.38569	1.0	359	0	0
ACAD11__P1P2	8	0.067097	0.0088092	0.021762	367	5	-0.95561	0.91037	0.93925	1.0	682	0	0
DDA1__P1P2	8	0.067987	0.0088092	0.021762	368	5	-0.6422	0.9176	0.94711	1.0	692	0	0
HIGD2A__P1P2	8	0.0701	0.0088092	0.021762	369	4	-1.3415	0.81035	0.81083	1.0	589	0	0
IRX1__P1P2	8	0.070958	0.0088092	0.021762	370	2	-2.7037	0.44691	0.22188	0.778621	275	0	0
FAM69B__P1P2	8	0.071953	0.0088092	0.021762	371	4	-1.6479	0.67075	0.57403	1.0	457	0	0
ZMIZ1__P1P2	11	0.071994	0.0064647	0.0177	372	6	-0.60867	0.93243	0.94234	1.0	710	0	0
COPS8__237994319	8	0.072895	0.0088092	0.021762	373	3	-1.9463	0.43999	0.21819	0.778621	268	0	0
OPRD1__P1P2	8	0.073084	0.0088092	0.021762	374	4	-1.3904	0.66856	0.57187	1.0	454	0	0
HAX1__P1P2	8	0.073298	0.0088092	0.021762	375	5	-0.76046	0.96334	0.98923	1.0	763	0	0
NXT1__P1P2	8	0.075574	0.008819	0.021762	376	5	-0.7123	0.89058	0.91242	1.0	665	0	0
VEZF1__P1P2	8	0.078385	0.008819	0.021762	377	5	-0.75631	0.88003	0.8989	1.0	654	0	0
IMMT__P1P2	8	0.079411	0.008819	0.021762	378	2	-2.4491	0.82197	0.82456	1.0	600	0	0
PLEKHH2__P1P2	8	0.080611	0.008819	0.021762	379	4	-1.5104	0.79969	0.79553	1.0	578	0	0
ING1__P1	8	0.08217	0.008819	0.021762	380	5	-0.91381	0.68843	0.60056	1.0	467	0	0
NONO__P1P2	8	0.083079	0.0088784	0.021762	381	4	-1.2676	0.99217	0.99955	1.0	825	0	0
PRKRIR__P1P2	8	0.084398	0.0088784	0.021762	382	4	-1.6517	0.40998	0.18682	0.735188	243	0	0
RAI14__P1P2	8	0.084608	0.0088784	0.021762	383	2	-1.9612	0.96595	0.99063	1.0	770	0	0
KDM5A__P1P2	8	0.084621	0.0088784	0.021762	384	5	-0.68863	0.9267	0.9577	1.0	701	0	0
CD99L2__P1P2	8	0.084774	0.0088784	0.021762	385	3	-1.1944	0.45763	0.2397	0.82619	281	0	0
KCTD10__P1P2	8	0.085137	0.0088784	0.021762	386	5	-0.55678	0.91907	0.94886	1.0	694	0	0
DYNC1LI1__P1P2	8	0.087329	0.0088784	0.021762	387	5	-0.79792	0.93245	0.96427	1.0	711	0	0
KANSL1__P1P2	8	0.08881	0.0088784	0.021762	388	5	-0.83209	0.95937	0.98662	1.0	753	0	0
TMEM258__P1P2	8	0.089343	0.0088883	0.021762	389	5	-0.78025	0.93205	0.9637	1.0	709	0	0
GTF3A__P1P2	8	0.089358	0.0088883	0.021762	390	3	-2.0459	0.10279	0.0081365	0.175962	38	0	0
PPP2R5E__P1P2	8	0.091386	0.0088883	0.021762	391	5	-0.90022	0.99611	0.99993	1.0	856	0	0
FAM115A__143579171	8	0.092979	0.0088883	0.021762	392	2	-1.5841	0.62194	0.4755	1.0	412	0	0
ESYT1__P2	8	0.09313	0.0088883	0.021762	393	5	-0.57785	0.9793	0.99594	1.0	790	0	0
UFC1__P1P2	8	0.094562	0.0088883	0.021762	394	5	-0.75706	0.88272	0.90002	1.0	657	0	0
CSNK1A1__P1P2	8	0.09498	0.0088883	0.021762	395	3	-1.6332	0.76889	0.74803	1.0	544	0	0
ARHGEF5__144052240	8	0.095251	0.0088883	0.021762	396	3	-1.1261	0.72905	0.67265	1.0	506	0	0
UBE2D3__P1P2	8	0.095339	0.0088883	0.021762	397	5	-0.96775	0.73711	0.6867	1.0	509	0	0
HELLS__P1P2	8	0.098034	0.012786	0.03116	398	5	-0.56625	0.88297	0.90002	1.0	658	0	0
ASUN__P1P2	8	0.099778	0.012796	0.03116	399	2	-2.5269	0.25652	0.054304	0.338456	147	0	0
DCUN1D1__P1P2	8	0.10159	0.012825	0.03116	400	5	-0.5955	0.64625	0.52358	1.0	431	0	0
TLN1__P1P2	8	0.10416	0.012855	0.03116	401	5	-0.47657	0.16817	0.020502	0.189881	84	0	0
KAT7__P1P2	8	0.11002	0.012984	0.031339	402	5	-0.49413	0.94864	0.97931	1.0	739	0	0
SIN3B__P1P2	8	0.11052	0.012994	0.031339	403	4	-1.0113	0.24369	0.045817	0.325063	137	0	0
HNRNPLL__P1P2	8	0.11171	0.017297	0.041197	404	4	-1.5043	0.7732	0.75189	1.0	548	0	0
FAM179B__P1P2	8	0.11176	0.017297	0.041197	405	1	-2.9316	0.32785	0.10004	0.4961	190	0	0
CNKSR3__P1P2	8	0.11211	0.017297	0.041197	406	5	-0.94213	0.75646	0.73078	1.0	523	0	0
HIVEP1__P1P2	8	0.1125	0.017425	0.041197	407	3	-1.7814	0.77388	0.75311	1.0	549	0	0
STK3__P1P2	8	0.11306	0.017425	0.041197	408	3	-1.1593	0.65252	0.53521	1.0	437	0	0
GHITM__P1P2	8	0.11459	0.017435	0.041197	409	5	-0.49674	0.99338	0.99969	1.0	834	0	0
MED12__P1P2	8	0.11584	0.017445	0.041197	410	5	-0.63759	0.69228	0.60834	1.0	472	0	0
PLEKHA5__P1P2	8	0.11901	0.017505	0.041197	411	5	-0.83702	0.44641	0.22188	0.778621	274	0	0
POLE4__P1P2	8	0.11957	0.017594	0.041197	412	4	-0.89426	0.58331	0.42386	1.0	381	0	0
TSPYL1__P1P2	8	0.12042	0.017603	0.041197	413	5	-0.94959	0.99733	0.99999	1.0	863	0	0
MAGED2__P2	8	0.12081	0.017603	0.041197	414	5	-0.77613	0.88068	0.89952	1.0	655	0	0
CAP1__P1P2	8	0.1221	0.017613	0.041197	415	5	-0.62575	0.90534	0.93353	1.0	678	0	0
GRWD1__P1P2	8	0.12333	0.017791	0.041197	416	4	-1.5351	0.58254	0.42386	1.0	380	0	0
ASXL2__P1P2	8	0.12341	0.017791	0.041197	417	5	-0.77046	0.2616	0.054304	0.338456	150	0	0
SNRK__P1P2	8	0.12367	0.017791	0.041197	418	5	-0.50603	0.86028	0.87487	1.0	640	0	0
SPAG9__P1P2	8	0.12432	0.017801	0.041197	419	5	-0.64693	0.89975	0.92636	1.0	671	0	0
SAMD1__P1P2	8	0.12433	0.017801	0.041197	420	3	-1.5476	0.25461	0.054304	0.338456	146	0	0
RAC1__P1P2	8	0.12697	0.017979	0.041511	421	5	-0.97296	0.14542	0.016406	0.189881	67	0	0
FDX1__P1P2	8	0.12992	0.022332	0.049258	422	5	-0.79582	0.98038	0.99647	1.0	792	0	0
SREBF1__P1	8	0.13038	0.022342	0.049258	423	3	-1.7877	0.79807	0.79552	1.0	575	0	0
GNPNAT1__P1P2	8	0.13311	0.022342	0.049258	424	3	-1.184	0.38075	0.14961	0.643444	221	0	0
C19orf43__P1P2	8	0.13457	0.022342	0.049258	425	2	-1.5438	0.82773	0.82916	1.0	606	0	0
PRR14L__P1P2	8	0.13851	0.022352	0.049258	426	4	-0.67323	0.97047	0.99274	1.0	775	0	0
SFPQ__P1P2	8	0.13946	0.022352	0.049258	427	4	-1.0987	0.70014	0.61778	1.0	481	0	0
RNPS1__P1P2	8	0.14839	0.0225	0.049258	428	3	-0.95658	0.7631	0.74023	1.0	538	0	0
PPP6R3__P1P2	8	0.14935	0.02251	0.049258	429	4	-0.98034	0.93198	0.96369	1.0	708	0	0
IFT88__P1P2	8	0.14972	0.02251	0.049258	430	1	-2.8973	0.25205	0.05012	0.333674	143	0	0
MTCH2__P1P2	8	0.151	0.02251	0.049258	431	4	-0.8795	0.91448	0.94366	1.0	689	0	0
RBM7__P1P2	8	0.15187	0.02251	0.049258	432	3	-1.1061	0.97521	0.9946	1.0	780	0	0
TMEM110__P1P2	8	0.15401	0.022629	0.049258	433	3	-1.3607	0.49647	0.30546	0.95777	308	0	0
ESYT2__P1P2	8	0.15473	0.022629	0.049258	434	2	-2.0759	0.36205	0.14231	0.623116	207	0	0
PIP4K2C__P1P2	8	0.15898	0.022639	0.049258	435	3	-1.4677	0.33366	0.10764	0.525778	193	0	0
ZNF532__P2	8	0.16112	0.022639	0.049258	436	1	-2.4529	0.54667	0.37457	1.0	348	0	0
KDSR__P1P2	8	0.16181	0.022639	0.049258	437	4	-1.4125	0.95408	0.98375	1.0	744	0	0
ARF1__P1P2	8	0.16405	0.022658	0.049258	438	4	-0.62252	0.16324	0.020502	0.189881	80	0	0
PGPEP1__P1P2	8	0.1652	0.022658	0.049258	439	3	-1.2909	0.435	0.2145	0.778621	263	0	0
GOLGA7B__P1P2	8	0.16536	0.022668	0.049258	440	1	-2.615	0.48734	0.28267	0.897892	303	0	0
USF1__P1P2	8	0.16717	0.022688	0.049258	441	4	-0.64016	0.8585	0.87344	1.0	637	0	0
CHEK2__P1P2	8	0.1682	0.022688	0.049258	442	3	-1.7357	0.061434	4.9462e-06	0.000185	22	0	0
WDR86__P1P2	8	0.16957	0.022698	0.049258	443	1	-2.4125	0.95815	0.98597	1.0	752	0	0
SLC38A10__P1P2	8	0.17238	0.023074	0.049258	444	1	-2.7887	0.80685	0.80682	1.0	586	0	0
REC8__P1P2	8	0.17422	0.023084	0.049258	445	2	-2.1034	0.56413	0.40476	1.0	364	0	0
GART__P1P2	8	0.17709	0.023094	0.049258	446	4	-0.81312	0.51955	0.33388	0.995502	324	0	0
CXorf56__P1P2	11	0.17728	0.030661	0.054987	447	2	-2.3322	0.15037	0.01151	0.189881	71	0	0
GTDC1__P1P2	8	0.17852	0.023104	0.049258	448	4	-0.99251	0.72508	0.66943	1.0	501	0	0
LSM12__P1P2	8	0.18073	0.023282	0.049258	449	2	-1.5618	0.2398	0.045807	0.325063	133	0	0
WDR7__P1P2	8	0.1816	0.023282	0.049258	450	4	-0.65005	0.84851	0.85428	1.0	629	0	0
PPP6C__P1P2	8	0.18251	0.023282	0.049258	451	4	-0.50259	0.78466	0.76832	1.0	564	0	0
ATP6AP2__P1P2	8	0.1836	0.023292	0.049258	452	4	-1.1355	0.77767	0.7599	1.0	554	0	0
CD22__P1P2	11	0.184	0.030859	0.05524	453	1	-2.8302	0.69378	0.53024	1.0	476	0	0
MRE11A__P1P2	8	0.18419	0.023292	0.049258	454	1	-2.9004	0.71395	0.65261	1.0	492	0	0
DEGS1__P1P2	8	0.18426	0.023292	0.049258	455	3	-1.4821	0.7579	0.73226	1.0	526	0	0
GDF7__P1P2	8	0.18456	0.023292	0.049258	456	2	-1.9356	0.68873	0.60057	1.0	468	0	0
FERMT1__P1P2	8	0.18702	0.023301	0.049258	457	3	-1.6723	0.44197	0.2182	0.778621	270	0	0
TRABD__P1	8	0.18764	0.023301	0.049258	458	2	-1.4117	0.29814	0.067125	0.364498	177	0	0
CORO1B__67210174	8	0.18833	0.023301	0.049258	459	2	-1.6566	0.24691	0.05011	0.333674	138	0	0
USMG5__P1P2	8	0.18911	0.023311	0.049258	460	4	-1.1719	0.71034	0.64725	1.0	489	0	0
CCDC64__ENST00000397558.2	8	0.18948	0.023311	0.049258	461	3	-1.6118	0.76004	0.73488	1.0	531	0	0
PAN2__P1P2	8	0.1897	0.023311	0.049258	462	1	-3.0142	0.096762	0.0081365	0.175962	34	0	0
ZBTB4__P1	8	0.20344	0.023885	0.049699	463	3	-1.5639	0.91371	0.94303	1.0	687	0	0
CYFIP2__P1P2	8	0.20625	0.023905	0.049699	464	3	-1.5981	0.74521	0.70527	1.0	514	0	0
TMEM86A__P1P2	8	0.20656	0.023905	0.049699	465	3	-1.1053	0.4586	0.2397	0.82619	282	0	0
NDE1__P1	8	0.20806	0.023905	0.049699	466	4	-1.208	0.93015	0.96172	1.0	704	0	0
TATDN2__P1P2	8	0.20873	0.023915	0.049699	467	3	-0.99966	0.84369	0.85186	1.0	623	0	0
RAB1A__P1P2	8	0.21055	0.023925	0.049699	468	4	-0.64109	0.95307	0.9828	1.0	743	0	0
TRAPPC2L__P1P2	8	0.21114	0.023925	0.049699	469	4	-0.65715	0.68634	0.59638	1.0	465	0	0
HOXC4__ENST00000430889.2	8	0.21209	0.023944	0.049699	470	4	-1.0629	0.84353	0.85186	1.0	622	0	0
POLE3__P1P2	8	0.21426	0.024251	0.049699	471	4	-0.84126	0.84756	0.85427	1.0	628	0	0
RASAL2__P1P2	8	0.2161	0.024261	0.049699	472	2	-1.9525	0.19518	0.020512	0.189881	104	0	0
USP3__P1P2	8	0.21677	0.024261	0.049699	473	1	-2.4509	0.70157	0.62141	1.0	483	0	0
SUPT3H__P1P2	8	0.22714	0.024538	0.049699	474	4	-0.65849	0.81941	0.81978	1.0	597	0	0
AES__P1P2	8	0.22935	0.024607	0.049699	475	3	-1.3167	0.50053	0.31828	0.972892	310	0	0
HIF1AN__P1P2	8	0.22937	0.024617	0.049699	476	4	-0.77047	0.92115	0.95104	1.0	697	0	0
RBL1__P1P2	8	0.22976	0.024627	0.049699	477	4	-0.51858	0.94771	0.97846	1.0	736	0	0
ELOF1__P1P2	8	0.23036	0.024677	0.049699	478	4	-1.0559	0.6087	0.46279	1.0	398	0	0
PLOD3__P1P2	8	0.23251	0.024686	0.049699	479	2	-2.2122	0.80783	0.80876	1.0	587	0	0
PCDHGA12__P1P2	8	0.23394	0.024706	0.049699	480	1	-2.6256	0.34572	0.12685	0.598604	197	0	0
PTPRF__P1P2	8	0.23827	0.024805	0.049699	481	2	-1.8357	0.18419	0.020512	0.189881	95	0	0
FAM203A__ENST00000347708.4	8	0.23952	0.024805	0.049699	482	4	-0.45231	0.37036	0.14232	0.623116	213	0	0
TMTC2__P1P2	8	0.24051	0.024825	0.049699	483	3	-1.5852	0.40371	0.18331	0.733282	240	0	0
SPRY4__P1P2	8	0.24509	0.024874	0.049699	484	4	-0.5531	0.85024	0.85667	1.0	631	0	0
NFYB__P1P2	8	0.24627	0.024884	0.049699	485	3	-1.5543	0.34115	0.11899	0.575416	196	0	0
ATRIP__P1P2	8	0.24799	0.024904	0.049699	486	4	-1.3264	0.70386	0.62871	1.0	486	0	0
USF2__P1P2	8	0.24861	0.024924	0.049699	487	4	-0.99662	0.90128	0.92816	1.0	673	0	0
JPH3__P1P2	8	0.24949	0.024934	0.049699	488	2	-1.3126	0.87437	0.89299	1.0	650	0	0
TPR__P1P2	8	0.25048	0.024954	0.049699	489	2	-2.0825	0.73915	0.69308	1.0	512	0	0
CENPO__P1P2	8	0.25049	0.024954	0.049699	490	4	-0.90316	0.27355	0.058489	0.338456	156	0	0
PHF6__P1P2	8	0.25279	0.025003	0.049699	491	4	-0.94492	0.83774	0.84679	1.0	615	0	0
PRMT7__P1P2	8	0.25805	0.025438	0.050002	492	4	-0.60546	0.99469	0.99987	1.0	842	0	0
GNG4__P1P2	8	0.25847	0.025448	0.050002	493	4	-0.91801	0.79949	0.79553	1.0	577	0	0
AP3B1__P1P2	8	0.25932	0.025478	0.050002	494	4	-0.69872	0.73839	0.69143	1.0	510	0	0
ZNF710__P1P2	8	0.25997	0.025478	0.050002	495	4	-0.88436	0.97778	0.99539	1.0	785	0	0
RABL5__P1P2	8	0.26223	0.025488	0.050002	496	2	-1.8983	0.82379	0.82457	1.0	604	0	0
LNP1__P1P2	8	0.26399	0.025557	0.050002	497	4	-0.51746	0.32376	0.091628	0.47123	187	0	0
AP1B1__P1P2	8	0.26413	0.025557	0.050002	498	3	-1.3549	0.94845	0.97931	1.0	738	0	0
SUPT20H__P1P2	8	0.26568	0.025567	0.050002	499	2	-1.8207	0.011907	4.9462e-06	0.000185	5	0	0
USP15__P1P2	8	0.27148	0.026002	0.050221	500	4	-0.51293	0.58216	0.42386	1.0	379	0	0
ANAPC7__P1P2	8	0.27292	0.026012	0.050221	501	1	-2.6292	0.38992	0.16482	0.684644	228	0	0
FGD1__P1P2	8	0.27558	0.026052	0.050221	502	4	-0.43187	0.66254	0.55318	1.0	449	0	0
GTF2I__74071821	8	0.27575	0.026052	0.050221	503	3	-1.251	0.49147	0.2927	0.926726	305	0	0
RSPH3__P1P2	8	0.27623	0.026052	0.050221	504	4	-0.85433	0.47479	0.27281	0.886883	294	0	0
NDC1__P1P2	8	0.27905	0.026101	0.050221	505	4	-0.59098	0.96348	0.98938	1.0	764	0	0
PLA2G7__P1P2	8	0.27927	0.026111	0.050221	506	4	-1.0873	0.925	0.9568	1.0	699	0	0
MCM7__P1P2	8	0.28058	0.02622	0.050221	507	4	-0.72182	0.27914	0.058499	0.338456	159	0	0
ERCC1__P1P2	8	0.28188	0.02623	0.050221	508	4	-0.68809	0.91284	0.94269	1.0	685	0	0
ISCA1__P1P2	8	0.28203	0.02623	0.050221	509	4	-1.0441	0.65578	0.53996	1.0	441	0	0
ARAP3__P1P2	8	0.2839	0.026309	0.050221	510	3	-1.3549	0.78097	0.76579	1.0	559	0	0
AP1G1__P1P2	8	0.28407	0.026309	0.050221	511	4	-0.56661	0.57752	0.42119	1.0	374	0	0
ACTA2__P2	8	0.28655	0.026447	0.050221	512	1	-2.4109	0.72694	0.66944	1.0	504	0	0
HDAC7__P1P2	8	0.2867	0.026447	0.050221	513	4	-0.54772	0.76286	0.74023	1.0	537	0	0
FAM83H__P1P2	8	0.28749	0.026457	0.050221	514	4	-0.98425	0.85924	0.87422	1.0	638	0	0
HES1__P1P2	8	0.28977	0.026655	0.050221	515	4	-0.33564	0.86847	0.88508	1.0	646	0	0
AJUBA__P1P2	8	0.29632	0.026704	0.050221	516	1	-2.3404	0.28224	0.058499	0.338456	164	0	0
SURF2__P1P2	11	0.29657	0.033491	0.05984	517	5	-0.64754	0.95559	0.96923	1.0	747	0	0
DEDD__P1P2	8	0.29753	0.026754	0.050221	518	2	-1.4043	0.28162	0.058499	0.338456	163	0	0
DUSP11__P1P2	8	0.29796	0.026754	0.050221	519	4	-0.6028	0.97905	0.99586	1.0	789	0	0
LAMC1__P1P2	8	0.29859	0.026764	0.050221	520	2	-2.0127	0.51122	0.32156	0.976728	318	0	0
SMAD1__P1P2	8	0.29862	0.026764	0.050221	521	4	-0.66889	0.94651	0.9774	1.0	732	0	0
RBM47__P1P2	8	0.29995	0.026912	0.050402	522	1	-2.4929	0.11917	0.011985	0.189881	50	0	0
DOT1L__P1P2	8	0.30176	0.027021	0.050509	523	1	-2.6203	0.11473	0.0081464	0.175962	45	0	0
SCAF11__P1P2	8	0.30597	0.027318	0.050965	524	2	-1.223	0.25269	0.05012	0.333674	144	0	0
ZMYM4__P1P2	11	0.30923	0.033619	0.059959	525	1	-2.5286	0.29034	0.04643	0.327028	172	0	0
TBC1D31__P1P2	8	0.31206	0.027862	0.051881	526	4	-0.35481	0.75308	0.72276	1.0	522	0	0
ELOVL6__P1P2	8	0.31386	0.02806	0.052149	527	4	-0.44437	0.64725	0.52359	1.0	432	0	0
LRP6__P1P2	8	0.3161	0.028396	0.052407	528	2	-1.6756	0.1125	0.0081464	0.175962	43	0	0
RFWD2__P1P2	8	0.31658	0.028465	0.052407	529	4	-0.73048	0.58979	0.43458	1.0	385	0	0
ARHGAP11B__30918117	8	0.31729	0.028525	0.052407	530	1	-2.6823	0.42744	0.20793	0.778621	256	0	0
DHRSX__P1P2	8	0.31788	0.028624	0.052407	531	2	-1.2997	0.88853	0.90928	1.0	660	0	0
TGDS__P1P2	8	0.31847	0.028732	0.052407	532	1	-1.8886	0.38777	0.16481	0.684644	225	0	0
NIPBL__P1P2	8	0.31884	0.028782	0.052407	533	4	-0.43995	0.9044	0.93201	1.0	677	0	0
MYH9__P1P2	8	0.31906	0.028782	0.052407	534	2	-1.2134	0.32844	0.10004	0.4961	191	0	0
TCF7L1__P1P2	8	0.31907	0.028782	0.052407	535	4	-0.2608	0.75138	0.71972	1.0	520	0	0
CUL3__P1P2	8	0.31998	0.028782	0.052407	536	4	-0.41655	0.19108	0.020512	0.189881	101	0	0
RTKN2__P1P2	8	0.32043	0.028782	0.052407	537	4	-0.27421	0.60101	0.45005	1.0	395	0	0
PORCN__P2	8	0.32203	0.028792	0.052407	538	4	-0.73389	0.86364	0.87956	1.0	642	0	0
RNF2__P1P2	8	0.32362	0.02893	0.052561	539	4	-0.4283	0.63376	0.50487	1.0	422	0	0
TSSC1__P1P2	8	0.3259	0.029039	0.05266	540	4	-0.45124	0.79334	0.78243	1.0	573	0	0
RIC8A__P2	8	0.3296	0.029346	0.052938	541	1	-2.4736	0.27542	0.058489	0.338456	158	0	0
OGFR__P1P2	8	0.33002	0.029346	0.052938	542	4	-0.4129	0.9913	0.99937	1.0	819	0	0
CTXN1__P1P2	8	0.33076	0.029356	0.052938	543	2	-1.4889	0.78402	0.76832	1.0	563	0	0
TRIP6__P1P2	8	0.33308	0.029821	0.053578	544	1	-2.5666	0.28532	0.058499	0.338456	167	0	0
ZFYVE9__P1P2	8	0.33323	0.029821	0.053578	545	4	-0.62634	0.75885	0.73362	1.0	529	0	0
RYR3__P1P2	8	0.3444	0.034648	0.061568	546	3	-1.0646	0.78999	0.77513	1.0	571	0	0
LNPEP__P1P2	8	0.34458	0.034648	0.061568	547	1	-2.5058	0.90139	0.92817	1.0	674	0	0
PSMG3__P2	8	0.36372	0.034984	0.061854	548	3	-1.1026	0.5475	0.37742	1.0	349	0	0
GAL__P1P2	8	0.36431	0.034984	0.061854	549	2	-1.4414	0.048865	4.9462e-06	0.000185	18	0	0
IBA57__P1P2	8	0.36539	0.035004	0.061854	550	2	-1.3377	0.51737	0.33112	0.993367	322	0	0
G0S2__P1P2	8	0.36816	0.035064	0.061854	551	3	-1.1812	0.38616	0.16481	0.684644	223	0	0
KIFAP3__P1P2	8	0.36926	0.03535	0.061911	552	1	-2.1711	0.14326	0.016406	0.189881	64	0	0
TTBK2__P1P2	8	0.36981	0.03535	0.061911	553	2	-1.3906	0.44148	0.2182	0.778621	269	0	0
BRD2__P1	8	0.37211	0.03535	0.061911	554	2	-1.3349	0.47243	0.26321	0.867259	293	0	0
TMSB10__P1P2	8	0.37256	0.03535	0.061911	555	2	-1.2199	0.21477	0.028821	0.237736	117	0	0
ZFAT__P1	8	0.38075	0.035637	0.061993	556	3	-1.0529	0.93353	0.96478	1.0	716	0	0
KLHL5__P1P2	11	0.3813	0.037408	0.064814	557	5	-0.75157	0.39337	0.096119	0.486604	231	0	0
HLA-DMA__P2	8	0.38238	0.035647	0.061993	558	2	-1.3268	0.44346	0.2182	0.778621	272	0	0
ZNF444__P1P2	8	0.39027	0.035707	0.061993	559	2	-1.7373	0.35646	0.13485	0.62124	202	0	0
PDIA4__P1P2	8	0.39312	0.035716	0.061993	560	1	-1.8197	0.62824	0.49007	1.0	417	0	0
PPP2R1A__P1	8	0.39479	0.035716	0.061993	561	2	-1.7607	0.56573	0.40477	1.0	367	0	0
NR2E3__P1P2	8	0.41309	0.039673	0.06832	562	1	-2.3617	0.35982	0.13839	0.623116	205	0	0
GNB1__P1P2	8	0.41753	0.039713	0.06832	563	3	-0.56699	0.35534	0.13485	0.62124	201	0	0
STT3B__P1P2	8	0.41825	0.039713	0.06832	564	2	-1.4148	0.69812	0.61777	1.0	480	0	0
ACADS__P1P2	8	0.42592	0.039822	0.068356	565	2	-1.1823	0.61982	0.47321	1.0	408	0	0
PRC1__P1P2	8	0.42682	0.040109	0.068356	566	3	-1.0108	0.31016	0.079629	0.416176	184	0	0
VPS26A__P1P2	8	0.42845	0.040217	0.068356	567	3	-1.1756	0.90063	0.92734	1.0	672	0	0
CCDC94__P1P2	8	0.42905	0.040227	0.068356	568	2	-1.5718	0.42541	0.20451	0.778621	253	0	0
G3BP2__P1P2	8	0.42911	0.040227	0.068356	569	3	-0.76987	0.69257	0.60834	1.0	473	0	0
HEXIM2__P2	11	0.43117	0.03908	0.06759	570	1	-2.5414	0.52405	0.26013	0.865928	327	0	0
ARHGAP21__P1P2	8	0.4319	0.040297	0.068356	571	2	-1.4	0.5375	0.35712	1.0	338	0	0
GPX3__P1P2	8	0.43198	0.040297	0.068356	572	2	-1.6269	0.27479	0.058489	0.338456	157	0	0
SENP2__P1P2	8	0.43253	0.040297	0.068356	573	3	-0.53875	0.81977	0.81978	1.0	598	0	0
C11orf58__P1P2	8	0.44296	0.04551	0.077065	574	1	-1.6745	0.19039	0.020512	0.189881	100	0	0
S100A16__P1P2	8	0.44444	0.045896	0.077584	575	1	-2.3429	0.39791	0.176	0.7128	233	0	0
SAP30BP__P1P2	8	0.45064	0.05005	0.084314	576	3	-0.56745	0.94696	0.97782	1.0	733	0	0
FRMPD2__49481953	8	0.45083	0.05005	0.084314	577	2	-0.83486	0.5396	0.363	1.0	340	0	0
FAM115C__143317820	8	0.45327	0.050209	0.084434	578	2	-1.1823	0.28347	0.058499	0.338456	165	0	0
SMCHD1__P1P2	8	0.45745	0.054067	0.090608	579	3	-0.529	0.52215	0.33948	1.0	325	0	0
ADD1__P1P2	8	0.46503	0.05466	0.091305	580	3	-0.93865	0.97722	0.99521	1.0	782	0	0
FBXL14__P1P2	8	0.46722	0.05467	0.091305	581	2	-1.1442	0.52646	0.34876	1.0	330	0	0
CORIN__P1P2	8	0.47103	0.058499	0.097296	582	3	-0.4252	0.46484	0.25001	0.838014	288	0	0
CRLS1__P1P2	8	0.47137	0.058499	0.097296	583	2	-0.94848	0.63066	0.49724	1.0	420	0	0
TM9SF3__P1P2	8	0.47196	0.058558	0.097296	584	1	-2.1068	0.6237	0.47551	1.0	414	0	0
FLII__18161284	8	0.47713	0.062416	0.103353	585	2	-0.99731	0.5783	0.42119	1.0	376	0	0
CSNK2A1__P1P2	8	0.48918	0.06666	0.110193	586	1	-1.7942	0.17726	0.020502	0.189881	90	0	0
GPR137__P2	8	0.49238	0.066798	0.110234	587	1	-1.8308	0.281	0.058499	0.338456	162	0	0
C6orf47__P1P2	8	0.49648	0.06756	0.110755	588	3	-0.65685	0.96325	0.98923	1.0	762	0	0
ZEB2__P1	8	0.49692	0.06756	0.110755	589	1	-2.0513	0.75284	0.72276	1.0	521	0	0
STX4__P1P2	8	0.49768	0.06756	0.110755	590	3	-0.7976	0.77878	0.76109	1.0	555	0	0
FAM58A__P1P2	8	0.49918	0.06757	0.110755	591	1	-1.1602	0.10128	0.0081365	0.175962	37	0	0
GNAI1__P1P2	8	0.4998	0.067877	0.111071	592	2	-1.3962	0.19723	0.020512	0.189881	105	0	0
ZNF655__P1P2	8	0.50293	0.068569	0.112015	593	3	-0.50697	0.62475	0.48046	1.0	415	0	0
ARHGEF18__P1P2	8	0.51063	0.073001	0.119055	594	2	-1.2838	0.74769	0.71428	1.0	516	0	0
KCTD3__P1P2	8	0.51387	0.073317	0.119371	595	3	-1.1254	0.49511	0.30202	0.953125	306	0	0
PCNXL3__P1P2	8	0.51832	0.073802	0.119959	596	3	-0.52705	0.95664	0.98492	1.0	749	0	0
HNRNPUL1__P1P2	11	0.51912	0.052692	0.088457	597	2	-1.899	0.32209	0.069024	0.37273	186	0	0
HSPA4__P1P2	8	0.52215	0.074287	0.120545	598	2	-0.95269	0.7741	0.75312	1.0	550	0	0
HIST2H2BE__149857437	8	0.52572	0.078036	0.126208	599	3	-0.65373	0.82861	0.83098	1.0	608	0	0
SPINT1__P1P2	8	0.52666	0.078036	0.126208	600	3	-0.85826	0.46245	0.2464	0.838014	285	0	0
CWC27__P1P2	8	0.52725	0.078234	0.126318	601	3	-0.32195	0.8037	0.80168	1.0	583	0	0
PYGO2__P1P2	8	0.52954	0.078402	0.126377	602	3	-0.44254	0.78659	0.77064	1.0	567	0	0
GPR89B__147400326	8	0.53313	0.078531	0.126377	603	2	-1.3044	0.26728	0.054314	0.338456	153	0	0
USP44__P1	8	0.54419	0.079747	0.128123	604	2	-1.2204	0.77523	0.75572	1.0	551	0	0
TTLL10__P1	8	0.54584	0.080163	0.128578	605	2	-1.2752	0.10877	0.0081464	0.175962	41	0	0
DOCK2__P1P2	8	0.54679	0.083625	0.13391	606	3	-0.82703	0.40266	0.18331	0.733282	239	0	0
GNE__P1P2	11	0.54721	0.059161	0.098131	607	3	-1.2867	0.37437	0.085564	0.442384	216	0	0
TRIM52__P1P2	8	0.54772	0.083912	0.134149	608	3	-0.69357	0.36981	0.14232	0.623116	212	0	0
PRKCI__P1P2	8	0.54948	0.087543	0.139723	609	3	-0.37412	0.28655	0.062861	0.35324	168	0	0
PTRHD1__P1P2	8	0.55198	0.088077	0.140345	610	3	-0.5157	0.72561	0.66944	1.0	502	0	0
DPP9__P1	8	0.55683	0.0887	0.141023	611	3	-0.78087	0.36428	0.14231	0.623116	210	0	0
SMARCA5__P1P2	8	0.55723	0.088927	0.141023	612	3	-0.27598	0.6914	0.60833	1.0	470	0	0
ZNF608__P2	8	0.55882	0.088937	0.141023	613	3	-0.76872	0.93299	0.96428	1.0	714	0	0
GNA13__P1P2	8	0.56081	0.089778	0.142124	614	2	-0.92718	0.36317	0.14231	0.623116	208	0	0
LYRM7__P1P2	8	0.56419	0.093537	0.147835	615	3	-0.43313	0.67571	0.58454	1.0	458	0	0
FNIP1__P1P2	8	0.56592	0.093785	0.147985	616	3	-0.4248	0.7567	0.73078	1.0	524	0	0
XKR8__P1P2	8	0.56889	0.094457	0.148579	617	3	-0.39729	0.79664	0.79105	1.0	574	0	0
MNT__P1P2	8	0.56969	0.094467	0.148579	618	1	-1.7972	0.56493	0.40477	1.0	365	0	0
CHCHD3__P1P2	8	0.57062	0.094754	0.14879	619	3	-0.21123	0.85969	0.87423	1.0	639	0	0
CCDC101__P1P2	8	0.57185	0.094972	0.148891	620	3	-0.337	0.73402	0.67942	1.0	508	0	0
SERPINB9__P1P2	8	0.57628	0.095437	0.149379	621	3	-0.95304	0.72614	0.66944	1.0	503	0	0
PPM1F__P1P2	8	0.57869	0.099423	0.155369	622	1	-2.0865	0.81169	0.81294	1.0	591	0	0
ITGB3__P1P2	8	0.5824	0.10443	0.162148	623	3	-0.40252	0.56053	0.39684	1.0	361	0	0
CNOT11__P1P2	8	0.58293	0.10443	0.162148	624	1	-1.8938	0.1382	0.016397	0.189881	59	0	0
EHBP1__P1P2	8	0.58679	0.10565	0.163515	625	3	-0.23263	0.88793	0.90892	1.0	659	0	0
CLK3__P2	8	0.58728	0.10565	0.163515	626	3	-0.48786	0.062995	4.9462e-06	0.000185	23	0	0
ADAMTS16__P2	8	0.58791	0.10595	0.163729	627	2	-0.92074	0.29389	0.067115	0.364498	175	0	0
VPS9D1__P1P2	8	0.58901	0.10695	0.165011	628	2	-1.1779	0.053596	4.9462e-06	0.000185	19	0	0
CST1__P1P2	8	0.60474	0.11726	0.180194	629	2	-0.9122	0.83211	0.83551	1.0	611	0	0
GPATCH8__P1P2	8	0.60542	0.11773	0.180194	630	2	-1.1603	0.036949	4.9462e-06	0.000185	15	0	0
BCL2L13__P1P2	8	0.60579	0.11773	0.180194	631	2	-1.0767	0.028128	4.9462e-06	0.000185	10	0	0
CHRNA7__32322509	8	0.60725	0.11774	0.180194	632	3	-0.99728	0.8029	0.80069	1.0	582	0	0
CDK2__P1P2	8	0.6087	0.11808	0.180194	633	3	-0.19145	0.33828	0.11133	0.541082	195	0	0
KDM4A__P1P2	8	0.60965	0.11809	0.180194	634	3	-0.69539	0.87083	0.89007	1.0	647	0	0
AGO2__141644983	8	0.60979	0.11809	0.180194	635	2	-1.1166	0.30956	0.079629	0.416176	183	0	0
C1orf101__P1P2	8	0.61124	0.1217	0.185122	636	1	-1.01	0.3676	0.14231	0.623116	211	0	0
EIF4H__P1P2	8	0.6116	0.1217	0.185122	637	1	-1.7534	0.27292	0.058489	0.338456	155	0	0
TM9SF2__P1P2	8	0.61416	0.12246	0.18599	638	3	-0.62339	0.46101	0.24321	0.832391	284	0	0
NOSIP__P1P2	8	0.61818	0.12456	0.188264	639	3	-0.25357	0.4878	0.28267	0.897892	304	0	0
ARHGEF2__P1P2	8	0.61865	0.12457	0.188264	640	3	-0.19156	0.72321	0.66602	1.0	499	0	0
SREK1IP1__P1P2	8	0.6196	0.12526	0.188264	641	2	-0.82827	0.66824	0.57187	1.0	453	0	0
RPUSD4__P1P2	8	0.62018	0.12526	0.188264	642	1	-1.7885	0.31195	0.079639	0.416176	185	0	0
DSCR3__P1P2	8	0.6244	0.1255	0.188264	643	2	-1.0121	0.7145	0.65261	1.0	493	0	0
DENND5A__P1P2	11	0.62637	0.10113	0.15779	644	4	-0.39511	0.1999	0.023114	0.211947	107	0	0
ADAM18__P1P2	8	0.6341	0.12551	0.188264	645	1	-1.2518	0.54211	0.36301	1.0	345	0	0
MAP3K7__P1P2	8	0.63513	0.12551	0.188264	646	1	-1.361	0.21943	0.033026	0.260983	121	0	0
EVX2__P1P2	11	0.63638	0.10255	0.15974	647	1	-1.6205	0.39481	0.096119	0.486604	232	0	0
MLLT1__P1P2	8	0.63644	0.12551	0.188264	648	2	-0.53893	0.43899	0.21819	0.778621	267	0	0
FAM98A__P1P2	8	0.65154	0.12912	0.193382	649	1	-1.7746	0.10053	0.0081365	0.175962	36	0	0
PTPN20A__46639859	8	0.66465	0.13379	0.198435	650	2	-0.78189	0.9319	0.96369	1.0	707	0	0
FAM107A__P1P2	8	0.67012	0.1338	0.198435	651	1	-1.7642	0.84386	0.85186	1.0	624	0	0
ABCB10__P1P2	8	0.68061	0.13443	0.198435	652	2	-0.36331	0.18764	0.020512	0.189881	98	0	0
TMX2__P1P2	8	0.68119	0.13443	0.198435	653	2	-0.81188	0.99297	0.99963	1.0	831	0	0
CACHD1__P1P2	8	0.68604	0.13472	0.198435	654	2	-0.95853	0.60469	0.45537	1.0	396	0	0
FBXO8__P1	8	0.68868	0.13472	0.198435	655	2	-0.74448	0.65611	0.53996	1.0	442	0	0
GPR89A__ENST00000313835.9	8	0.68903	0.13472	0.198435	656	2	-1.0082	0.65643	0.53996	1.0	443	0	0
AKAP10__P1P2	8	0.69021	0.13473	0.198435	657	2	-0.81404	0.75909	0.73362	1.0	530	0	0
NUDT15__P1P2	8	0.69146	0.13473	0.198435	658	2	-0.62718	0.77922	0.76217	1.0	556	0	0
SCYL1__P1P2	8	0.69433	0.13534	0.198435	659	2	-0.9776	0.69199	0.60834	1.0	471	0	0
ZNF296__P1P2	8	0.69537	0.13534	0.198435	660	2	-0.58758	0.96726	0.99123	1.0	772	0	0
C21orf58__P1	8	0.6987	0.13535	0.198435	661	2	-0.84569	0.59805	0.44475	1.0	391	0	0
FAM60A__P1P2	8	0.70016	0.13535	0.198435	662	2	-0.59674	0.384	0.15725	0.673352	222	0	0
FAM102A__P1P2	8	0.70107	0.13535	0.198435	663	2	-0.54074	0.5744	0.42118	1.0	369	0	0
TMEM229B__P1	8	0.70556	0.13622	0.199125	664	1	-1.4159	0.5354	0.35712	1.0	335	0	0
CEP128__P1P2	8	0.70892	0.13623	0.199125	665	2	-0.60572	0.97891	0.99585	1.0	788	0	0
EMD__P1P2	8	0.72229	0.1439	0.210015	666	2	-0.83651	0.7825	0.76831	1.0	561	0	0
KIAA0247__P1P2	8	0.73037	0.14577	0.212107	667	2	-0.74154	0.54127	0.36301	1.0	344	0	0
PDLIM7__P1	8	0.73041	0.14577	0.212107	668	2	-0.42391	0.9717	0.99315	1.0	776	0	0
EPC1__P1P2	8	0.73428	0.14929	0.216907	669	1	-1.3826	0.53708	0.35712	1.0	337	0	0
UBE2R2__P1P2	8	0.74169	0.15275	0.221606	670	1	-1.2502	0.20604	0.028812	0.237736	111	0	0
PPFIBP1__P1P2	8	0.74794	0.15779	0.228229	671	1	-1.3178	0.66158	0.55317	1.0	448	0	0
PIH1D1__P1P2	8	0.7486	0.15779	0.228229	672	2	-0.58062	0.65546	0.53995	1.0	440	0	0
EAF1__P1P2	8	0.755	0.16224	0.23432	673	2	-0.45136	0.92089	0.95103	1.0	696	0	0
MED19__P1P2	8	0.75574	0.16316	0.23495	674	2	-0.86436	0.97746	0.99526	1.0	784	0	0
CAPZA1__P1P2	8	0.75598	0.16316	0.23495	675	1	-1.329	0.11621	0.011975	0.189881	46	0	0
TMEM194A__P1P2	8	0.75777	0.16365	0.234966	676	2	-0.33906	0.66667	0.56579	1.0	452	0	0
SOS1__P1P2	8	0.75934	0.16365	0.234966	677	2	-0.39632	0.7759	0.75712	1.0	553	0	0
LUZP1__P1P2	8	0.76356	0.1643	0.235541	678	2	-0.8187	0.97459	0.99442	1.0	779	0	0
ZC3H14__P1P2	8	0.76709	0.16526	0.23622	679	2	-0.6325	0.82879	0.83099	1.0	609	0	0
HDAC8__P1P2	8	0.76919	0.16579	0.236636	680	2	-0.81681	0.98765	0.99882	1.0	810	0	0
PKNOX1__P1P2	9	0.77098	0.16491	0.236073	681	2	-0.523	0.59313	0.41804	1.0	387	0	0
ATG16L1__P1P2	8	0.77671	0.16751	0.238393	682	2	-0.50785	0.11399	0.0081464	0.175962	44	0	0
SMG7__P1P2	8	0.77727	0.16751	0.238393	683	2	-0.4502	0.50098	0.31828	0.972892	311	0	0
VGLL3__P1P2	8	0.7801	0.17078	0.242683	684	1	-1.4193	0.22737	0.037329	0.277048	124	0	0
TRIM56__P1P2	8	0.78293	0.17131	0.243087	685	2	-0.81358	0.24239	0.045817	0.325063	135	0	0
FCGR1A__149755456	8	0.78488	0.17345	0.24506	686	2	-0.29668	0.84041	0.84869	1.0	619	0	0
CAB39__P1P2	8	0.78531	0.17346	0.24506	687	2	-0.8922	0.36372	0.14231	0.623116	209	0	0
MIR205HG__P2	8	0.78552	0.17346	0.24506	688	2	-0.46372	0.6797	0.5905	1.0	462	0	0
YPEL3__P1P2	8	0.7875	0.17562	0.24776	689	2	-0.44348	0.32493	0.095852	0.486604	188	0	0
COG5__P1P2	8	0.78876	0.17843	0.251359	690	2	-0.39129	0.42997	0.21129	0.778621	258	0	0
RNF146__P1P2	8	0.79267	0.18072	0.253856	691	2	-0.30546	0.63032	0.49724	1.0	419	0	0
FAM192A__P1P2	8	0.79319	0.18073	0.253856	692	2	-0.46389	0.55568	0.38312	1.0	357	0	0
SYT14__P1P2	8	0.80783	0.19647	0.275565	693	1	-1.006	0.8088	0.80877	1.0	588	0	0
GMPR2__P1P2	8	0.8088	0.19736	0.276031	694	2	-0.25989	0.23132	0.037339	0.277048	128	0	0
AGO1__36348590	8	0.80963	0.19737	0.276031	695	2	-0.28766	0.89559	0.92014	1.0	668	0	0
SERTAD1__P1P2	8	0.81079	0.19998	0.279281	696	2	-0.36913	0.48458	0.27957	0.893899	302	0	0
PURB__P1P2	8	0.81391	0.2049	0.285328	697	2	-0.30166	0.52603	0.34876	1.0	329	0	0
KIRREL__P1P2	8	0.81398	0.2049	0.285328	698	1	-1.0058	0.15544	0.016406	0.189881	74	0	0
LRRC28__P1P2	8	0.81643	0.20551	0.285772	699	2	-0.68722	0.78054	0.76578	1.0	557	0	0
PRCP__P1	8	0.81922	0.20724	0.287357	700	1	-0.84395	0.64392	0.51881	1.0	430	0	0
GGCT__P1P2	8	0.81925	0.20724	0.287357	701	2	-0.38641	0.63989	0.51392	1.0	427	0	0
TCTN1__P1P2	8	0.82037	0.20823	0.287908	702	2	-0.41721	0.38884	0.16482	0.684644	226	0	0
WNT3A__P1P2	8	0.8227	0.20987	0.289766	703	1	-1.0825	0.25843	0.054304	0.338456	149	0	0
ZNF787__P1P2	8	0.82487	0.21165	0.29181	704	1	-1.0398	0.03615	4.9462e-06	0.000185	14	0	0
GTF2H2C__68855815	8	0.82666	0.2135	0.293943	705	2	-0.38338	0.54873	0.38039	1.0	350	0	0
ATP1A1__P1P2	8	0.82944	0.21599	0.296941	706	2	-0.36875	0.55851	0.38816	1.0	360	0	0
PCGF2__P1	8	0.83006	0.21683	0.297256	707	2	-0.29498	0.24884	0.05011	0.333674	139	0	0
TPI1__P1P2	8	0.83051	0.21683	0.297256	708	2	-0.25338	0.5693	0.41029	1.0	368	0	0
CCNK__P2	11	0.83141	0.20778	0.287701	709	3	-0.23877	0.93512	0.94589	1.0	719	0	0
HIST1H2AB__P1P2	8	0.83204	0.21789	0.2983	710	2	-0.29496	0.76216	0.74023	1.0	534	0	0
KIDINS220__P1P2	8	0.83445	0.22119	0.302384	711	2	-0.32411	0.8765	0.89534	1.0	651	0	0
PTPN14__P1P2	8	0.83469	0.22225	0.303405	712	1	-1.1196	0.18281	0.020512	0.189881	94	0	0
SLC30A3__P1P2	8	0.83486	0.2231	0.303713	713	1	-0.8911	0.44838	0.22189	0.778621	276	0	0
MLLT3__P1P2	8	0.8349	0.2231	0.303713	714	2	-0.21251	0.61627	0.47056	1.0	404	0	0
ICMT__P1P2	8	0.83847	0.23559	0.319826	715	2	-0.5843	0.6603	0.55102	1.0	446	0	0
C17orf49__P2	8	0.84111	0.24374	0.33043	716	2	-0.26245	0.30537	0.071398	0.37923	182	0	0
STMND1__P1P2	8	0.84372	0.25029	0.338377	717	2	-0.26029	0.56293	0.40226	1.0	362	0	0
SMURF2__P1P2	8	0.844	0.2503	0.338377	718	2	-0.31279	0.85503	0.8644	1.0	634	0	0
SERF1B__69320873	8	0.84643	0.2569	0.346334	719	2	-0.1537	0.62963	0.49485	1.0	418	0	0
PHYH__P1P2	8	0.84658	0.2569	0.346334	720	2	-0.2593	0.5748	0.42118	1.0	370	0	0
PAXIP1__P1P2	8	0.84771	0.26066	0.349476	721	2	-0.27543	0.52945	0.34877	1.0	333	0	0
PTBP3__P1P2	8	0.84898	0.26067	0.349476	722	1	-0.89463	0.39844	0.176	0.7128	234	0	0
FAF1__P1P2	8	0.84912	0.26067	0.349476	723	2	-0.49662	0.67012	0.57402	1.0	455	0	0
NDUFS4__P1P2	8	0.84954	0.26067	0.349476	724	2	-0.29614	0.71229	0.6526	1.0	490	0	0
TUFM__28856875	8	0.85149	0.26437	0.353743	725	2	-0.35684	0.89317	0.91702	1.0	666	0	0
C6orf62__P1	11	0.85188	0.22471	0.30548	726	1	-1.3699	0.40054	0.10666	0.525778	238	0	0
TRAPPC6B__P1P2	8	0.85246	0.2657	0.353743	727	2	-0.34504	0.97213	0.99325	1.0	777	0	0
ATL3__P1P2	8	0.85301	0.26571	0.353743	728	2	-0.21074	0.21677	0.033016	0.260983	118	0	0
SRSF11__P2	8	0.85319	0.26571	0.353743	729	1	-0.84066	0.54336	0.36301	1.0	346	0	0
SSBP3__P1P2	8	0.85342	0.26571	0.353743	730	2	-0.33596	0.93095	0.96256	1.0	705	0	0
PDS5A__P1P2	8	0.85465	0.26676	0.353743	731	2	-0.19344	0.71888	0.66277	1.0	496	0	0
RHOG__P1P2	8	0.85492	0.26676	0.353743	732	2	-0.33497	0.9548	0.98387	1.0	746	0	0
EVI5__P1P2	8	0.85549	0.26807	0.35499	733	1	-0.8948	0.45083	0.22594	0.787169	278	0	0
PRSS40A__131328218	8	0.85763	0.27486	0.363494	734	2	-0.24189	0.78617	0.77064	1.0	566	0	0
POC1B__P1P2	8	0.86057	0.28217	0.372655	735	1	-0.78709	0.87097	0.89007	1.0	648	0	0
ZBTB2__P1P2	8	0.86335	0.28414	0.374746	736	1	-0.78685	0.36094	0.1384	0.623116	206	0	0
MAZ__P1P2	8	0.86986	0.28835	0.379274	737	1	-0.78399	0.2372	0.041563	0.303752	131	0	0
HYDIN__71263838	8	0.87055	0.28836	0.379274	738	1	-0.87606	0.74144	0.69772	1.0	513	0	0
ATRN__P1P2	8	0.87193	0.29009	0.381036	739	1	-0.68371	0.69463	0.61394	1.0	477	0	0
LHFP__P1P2	8	0.87584	0.29222	0.381266	740	1	-0.74737	0.6258	0.48047	1.0	416	0	0
UBE2E2__P1P2	8	0.87873	0.29222	0.381266	741	1	-0.7219	0.42795	0.20794	0.778621	257	0	0
MED25__P1P2	8	0.87887	0.29222	0.381266	742	1	-0.74734	0.4634	0.25001	0.838014	286	0	0
GLCE__P1P2	8	0.87977	0.29223	0.381266	743	1	-0.75243	0.3296	0.10004	0.4961	192	0	0
ATM__P1P2	8	0.88195	0.29223	0.381266	744	1	-0.77463	0.21008	0.028821	0.237736	114	0	0
LDB3__P1P2	8	0.89069	0.29597	0.385137	745	1	-0.67683	0.91185	0.94083	1.0	684	0	0
ZNF740__P1P2	8	0.89317	0.29598	0.385137	746	1	-0.55815	0.57636	0.42119	1.0	372	0	0
FAM3B__P1P2	8	0.89673	0.29803	0.387283	747	1	-0.64914	0.47196	0.26321	0.867259	292	0	0
AMOTL1__P1P2	8	0.90355	0.30208	0.391506	748	1	-0.57923	0.35421	0.13082	0.614293	200	0	0
FAM222B__P1	11	0.90403	0.2666	0.353743	749	2	-0.37757	0.7818	0.69054	1.0	560	0	0
GPI__P1P2	8	0.90608	0.30209	0.391506	750	1	-0.53037	0.4079	0.18681	0.735188	242	0	0
ZDHHC17__P1P2	8	0.91006	0.3081	0.39877	751	1	-0.55599	0.53455	0.35711	1.0	334	0	0
CD8B__87088218	8	0.914	0.31376	0.40449	752	1	-0.42188	0.47854	0.27608	0.888611	298	0	0
GTF2IRD2B__74508172	8	0.9141	0.31376	0.40449	753	1	-0.44638	0.88962	0.91151	1.0	662	0	0
FAM72A__ENST00000367128.3	8	0.91525	0.31377	0.40449	754	1	-0.55019	0.15615	0.016406	0.189881	75	0	0
ATXN2L__P1P2	8	0.92178	0.31946	0.410733	755	1	-0.70252	0.39896	0.176	0.7128	235	0	0
HRAS__P1	8	0.92204	0.31946	0.410733	756	1	-0.48095	0.13675	0.016397	0.189881	58	0	0
FUT7__P1P2	8	0.92475	0.3235	0.414838	757	1	-0.50645	0.19382	0.020512	0.189881	103	0	0
SLX1B__29465621	8	0.92678	0.32351	0.414838	758	1	-0.286	0.55242	0.38311	1.0	353	0	0
DHRS3__P1P2	8	0.93095	0.336	0.429738	759	1	-0.32697	0.70669	0.6379	1.0	487	0	0
RSPRY1__P1P2	8	0.93158	0.33601	0.429738	760	1	-0.39816	0.55487	0.38312	1.0	356	0	0
CCNC__P1P2	8	0.93205	0.33808	0.430131	761	1	-0.4031	0.52388	0.34575	1.0	326	0	0
NAIP__70319713	8	0.93276	0.33809	0.430131	762	1	-0.43885	0.73246	0.67613	1.0	507	0	0
FBXO42__P1P2	8	0.93315	0.33809	0.430131	763	1	-0.39299	0.042526	4.9462e-06	0.000185	17	0	0
SLX1A__30205037	8	0.93353	0.33809	0.430131	764	1	-0.47339	0.84008	0.84869	1.0	618	0	0
TULP3__P2	8	0.9346	0.34023	0.431732	765	1	-0.62536	0.32669	0.10003	0.4961	189	0	0
ISOC2__P1	8	0.93483	0.34023	0.431732	766	1	-0.4704	0.35702	0.13486	0.62124	203	0	0
DMRT3__P1P2	8	0.93536	0.34428	0.436297	767	1	-0.46304	0.091462	0.0040608	0.127326	31	0	0
GAPVD1__P1P2	8	0.93845	0.35183	0.444702	768	1	-0.30588	0.71697	0.65947	1.0	495	0	0
ZNF286B__18584835	8	0.93888	0.35183	0.444702	769	1	-0.40321	0.40002	0.176	0.7128	237	0	0
HCN2__P1P2	8	0.93973	0.35956	0.45389	770	1	-0.57405	0.42592	0.20451	0.778621	254	0	0
PCGF1__P1P2	8	0.94175	0.36701	0.462093	771	1	-0.54592	0.14037	0.016406	0.189881	61	0	0
STRADA__P1P2	8	0.94182	0.36701	0.462093	772	1	-0.33436	0.18695	0.020512	0.189881	97	0	0
RBM5__P1P2	8	0.94237	0.37128	0.466253	773	1	-0.39404	0.59842	0.44475	1.0	392	0	0
CCDC77__P2	8	0.94243	0.37128	0.466253	774	1	-0.55729	0.64957	0.52843	1.0	434	0	0
TXNDC16__P1P2	8	0.94411	0.3774	0.473331	775	1	-0.40638	0.70243	0.62524	1.0	484	0	0
SGK223__P1P2	8	0.9467	0.3892	0.486889	776	1	-0.36302	0.11843	0.011985	0.189881	49	0	0
ZNF43__P1	8	0.94752	0.38921	0.486889	777	1	-0.27111	0.53918	0.363	1.0	339	0	0
ZNF121__P1P2	8	0.94827	0.39125	0.488809	778	1	-0.5858	0.83941	0.84779	1.0	616	0	0
C19orf70__P1P2	8	0.94864	0.39306	0.49044	779	1	-0.58706	0.91695	0.94683	1.0	691	0	0
SRGAP2__206636520	8	0.94973	0.39659	0.492961	780	1	-0.44009	0.27042	0.054314	0.338456	154	0	0
PLEKHG2__P1P2	8	0.95003	0.39659	0.492961	781	1	-0.5397	0.58561	0.42922	1.0	383	0	0
PINK1__P1P2	8	0.95033	0.3966	0.492961	782	1	-0.42094	0.70272	0.62525	1.0	485	0	0
PLCG1__P1P2	8	0.95087	0.39882	0.493833	783	1	-0.30137	0.8799	0.8989	1.0	653	0	0
TNRC6A__P1P2	8	0.9511	0.39882	0.493833	784	1	-0.40421	0.78914	0.77512	1.0	569	0	0
CISD1__P1P2	8	0.95122	0.39883	0.493833	785	1	-0.32116	0.92619	0.95738	1.0	700	0	0
CNR1__P1P2	8	0.95198	0.40081	0.495033	786	1	-0.16923	0.23	0.037339	0.277048	127	0	0
ATP6V0E1__P1P2	8	0.9521	0.40081	0.495033	787	1	-0.24211	0.53666	0.35712	1.0	336	0	0
NAIP__70315936	8	0.95301	0.40479	0.499311	788	1	-0.31145	0.56533	0.40477	1.0	366	0	0
CLDN3__P1P2	8	0.95573	0.42696	0.525372	789	1	-0.39305	0.086898	0.0040509	0.127326	29	0	0
MPHOSPH8__P1	8	0.95642	0.42861	0.525372	790	1	-0.34621	0.89445	0.91878	1.0	667	0	0
RASA2__P1P2	8	0.95648	0.42861	0.525372	791	1	-0.31863	0.29874	0.067125	0.364498	178	0	0
PTPN20A__46640202	8	0.95674	0.42862	0.525372	792	1	-0.1464	0.72213	0.66601	1.0	498	0	0
ROR1__P1P2	8	0.95685	0.42862	0.525372	793	1	-0.3711	0.29935	0.067125	0.364498	179	0	0
OXR1__ENST00000312046.6	8	0.96021	0.45087	0.551946	794	1	-0.2937	0.82088	0.82259	1.0	599	0	0
BIVM__P1	8	0.96123	0.45496	0.554875	795	1	-0.42198	0.23263	0.037339	0.277048	129	0	0
GFRA4__ENST00000290417.2_ENST00000319242.3	8	0.96142	0.45496	0.554875	796	1	-0.18764	0.86607	0.88245	1.0	645	0	0
GATA3__P1P2	8	0.96171	0.45497	0.554875	797	1	-0.2657	0.2635	0.054314	0.338456	151	0	0
BEND2__P1P2	8	0.96223	0.45709	0.555379	798	1	-0.28803	0.35758	0.13486	0.62124	204	0	0
TICAM2__P2	8	0.96256	0.4571	0.555379	799	1	-0.19441	0.41516	0.19429	0.758438	249	0	0
PKDCC__P1P2	8	0.9626	0.4571	0.555379	800	1	-0.2474	0.7504	0.71971	1.0	518	0	0
SLC4A1AP__P1P2	8	0.96279	0.45882	0.556774	801	1	-0.39593	0.096007	0.0081365	0.175962	33	0	0
CORO1B__67206891	8	0.96293	0.46092	0.558621	802	1	-0.4253	0.96031	0.98735	1.0	755	0	0
MID1IP1__P1P2	8	0.96366	0.47106	0.568795	803	1	-0.21991	0.75837	0.73227	1.0	528	0	0
CSK__P1P2	8	0.96402	0.47107	0.568795	804	1	-0.28234	0.88157	0.89953	1.0	656	0	0
PTPN20A__46619211	8	0.96407	0.47107	0.568795	805	1	-0.21753	0.73864	0.69143	1.0	511	0	0
DNASE1L1__P1	8	0.96438	0.47316	0.570606	806	1	-0.24952	0.4818	0.27956	0.893899	301	0	0
TMEM198__P1P2	8	0.96451	0.47518	0.571622	807	1	-0.31308	0.37201	0.14232	0.623116	214	0	0
C20orf196__P1P2	8	0.96473	0.47518	0.571622	808	1	-0.30207	0.57946	0.42385	1.0	377	0	0
UBE3A__P1P2	8	0.96583	0.48095	0.577856	809	1	-0.077301	0.50143	0.31828	0.972892	312	0	0
DUSP22__292259	8	0.96689	0.48856	0.58556	810	1	-0.21054	0.59168	0.43958	1.0	386	0	0
LYPLA2__P1P2	8	0.96697	0.48857	0.58556	811	1	-0.37069	0.50233	0.31828	0.972892	313	0	0
GTF2IRD2__74267046	8	0.96722	0.49058	0.587243	812	1	-0.24683	0.25141	0.05012	0.333674	142	0	0
UNC13B__P1P2	8	0.96767	0.49468	0.590702	813	1	-0.13139	0.22275	0.037329	0.277048	123	0	0
C14orf169__P1P2	8	0.96771	0.49468	0.590702	814	1	-0.28278	0.8115	0.81294	1.0	590	0	0
ZNF532__P1	8	0.96828	0.49666	0.591816	815	1	-0.24644	0.2385	0.041563	0.303752	132	0	0
ELMO3__P1P2	8	0.9684	0.49865	0.591816	816	1	-0.16832	0.81549	0.81792	1.0	595	0	0
NSG1__NM_001040101_NM_014392	8	0.96848	0.49865	0.591816	817	1	-0.21313	0.26476	0.054314	0.338456	152	0	0
NCOA6__P1P2	8	0.96868	0.49866	0.591816	818	1	-0.35276	0.2945	0.067115	0.364498	176	0	0
SLC11A2__P1	8	0.96872	0.49866	0.591816	819	1	-0.23837	0.9581	0.98597	1.0	751	0	0
INPP4A__P1P2	8	0.96896	0.50071	0.593521	820	1	-0.33091	0.75813	0.73227	1.0	527	0	0
KRTCAP3__P1P2	8	0.96967	0.51284	0.607157	821	1	-0.31585	0.128	0.016397	0.189881	54	0	0
ZBTB7B__P1P2	8	0.97001	0.51483	0.608042	822	1	-0.39362	0.14901	0.016406	0.189881	70	0	0
ZC3H7B__P1P2	8	0.97017	0.51483	0.608042	823	1	-0.12139	0.77298	0.75189	1.0	547	0	0
RNF126__P1P2	8	0.971	0.53298	0.628705	824	1	-0.25236	0.54085	0.363	1.0	343	0	0
GPRIN2__46993345	8	0.97111	0.53679	0.632442	825	1	-0.30608	0.77185	0.75189	1.0	545	0	0
HIBADH__P1P2	8	0.97166	0.54272	0.638649	826	1	-0.12475	0.19859	0.024558	0.221109	106	0	0
SHC1__P2	8	0.97177	0.54678	0.642644	827	1	-0.1366	0.436	0.2145	0.778621	264	0	0
CNTD2__P1	8	0.97235	0.55904	0.656267	828	1	-0.36169	0.25077	0.05012	0.333674	141	0	0
KLF5__P1P2	8	0.97256	0.56111	0.656328	829	1	-0.20248	0.066887	4.9462e-06	0.000185	25	0	0
KMT2D__P1P2	8	0.9727	0.56111	0.656328	830	1	-0.23682	0.37803	0.14601	0.630748	219	0	0
GLYR1__P1P2	8	0.97305	0.56112	0.656328	831	1	-0.42324	0.956	0.98434	1.0	748	0	0
IL18R1__P1	8	0.97337	0.56714	0.662577	832	1	-0.27034	0.4762	0.27282	0.886883	296	0	0
PDZK1__145727481	8	0.97415	0.57139	0.666734	833	1	-0.13252	0.5973	0.44474	1.0	389	0	0
THAP2__P1	8	0.97442	0.57349	0.668379	834	1	-0.23753	0.61088	0.4628	1.0	400	0	0
ZNF460__P1P2	8	0.97465	0.57729	0.672012	835	1	-0.038381	0.16394	0.020502	0.189881	81	0	0
TFAP4__P1P2	8	0.97485	0.58104	0.675567	836	1	-0.17674	0.79908	0.79552	1.0	576	0	0
TADA2B__P1P2	8	0.97601	0.59883	0.694597	837	0	0	0.028933	4.9462e-06	0.000185	11	0	0
MESDC2__P1P2	8	0.97623	0.59884	0.694597	838	0	0	0.83469	0.8392	1.0	614	0	0
PATL1__P1P2	8	0.97633	0.60068	0.695084	839	0	0	0.10504	0.0081464	0.175962	39	0	0
SAP30__P1P2	8	0.97651	0.60069	0.695084	840	0	0	0.18902	0.020512	0.189881	99	0	0
USP48__P1P2	8	0.97679	0.60429	0.698419	841	0	0	0.94182	0.9735	1.0	726	0	0
ZNF644__P1P2	8	0.97688	0.60625	0.69985	842	0	0	0.13892	0.016397	0.189881	60	0	0
ROCK1__18690984	8	0.97709	0.61217	0.705852	843	0	0	0.42439	0.2045	0.778621	251	0	0
DCP1A__P1P2	8	0.97766	0.62144	0.715691	844	0	0	0.4345	0.2145	0.778621	262	0	0
WDR37__P1P2	8	0.97805	0.6268	0.719298	845	0	0	0.66413	0.5597	1.0	450	0	0
BCR__P1P2	8	0.97813	0.6268	0.719298	846	0	0	0.21877	0.033026	0.260983	120	0	0
BAD__P1P2	8	0.97816	0.6268	0.719298	847	0	0	0.38938	0.16482	0.684644	227	0	0
PRAMEF12__ENST00000357726.4	8	0.97845	0.63914	0.7326	848	0	0	0.82216	0.82456	1.0	601	0	0
OCLN__68788394	8	0.97851	0.64078	0.733618	849	0	0	0.7134	0.65261	1.0	491	0	0
USP10__P1P2	8	0.9793	0.65997	0.7547	850	0	0	0.16957	0.020502	0.189881	85	0	0
BOLA2__29465484	8	0.98006	0.67179	0.767304	851	0	0	0.62088	0.4755	1.0	410	0	0
TAF5L__P1P2	8	0.98091	0.68901	0.786052	852	0	0	0.07617	4.9462e-06	0.000185	26	0	0
SLC25A46__P1P2	8	0.98134	0.69202	0.788557	853	0	0	0.61412	0.46788	1.0	402	0	0
TRIM28__P1P2	8	0.98228	0.70868	0.805662	854	0	0	0.61698	0.47057	1.0	405	0	0
SND1__P1P2	8	0.98233	0.70868	0.805662	855	0	0	0.10728	0.0081464	0.175962	40	0	0
CDK4__P1P2	8	0.98276	0.71453	0.81136	856	0	0	0.92836	0.96046	1.0	703	0	0
NDUFC1__P2	8	0.98286	0.71726	0.812573	857	0	0	0.61947	0.47321	1.0	407	0	0
CFC1B__131278628	8	0.9829	0.71727	0.812573	858	0	0	0.90408	0.932	1.0	676	0	0
ARHGAP12__P1P2	8	0.98389	0.73389	0.830432	859	0	0	0.37749	0.146	0.630748	218	0	0
MAP4K3__P1P2	8	0.9842	0.73907	0.835325	860	0	0	0.14757	0.016406	0.189881	68	0	0
POC1A__P1P2	8	0.98448	0.74424	0.840185	861	0	0	0.94022	0.97244	1.0	723	0	0
NOTCH2__120611488	8	0.98469	0.74927	0.844888	862	0	0	0.51387	0.32791	0.986797	319	0	0
ZIC2__P1P2	8	0.98486	0.75399	0.849223	863	0	0	0.17238	0.020502	0.189881	87	0	0
MLLT4__P1P2	8	0.98524	0.76045	0.855508	864	0	0	0.39045	0.16482	0.684644	229	0	0
PAPPA__P1P2	8	0.98542	0.7629	0.857275	865	0	0	0.41361	0.19428	0.758438	247	0	0
CCR6__ENST00000400926.2	8	0.98577	0.76932	0.863492	866	0	0	0.43399	0.21449	0.778621	261	0	0
CAPG__P1	8	0.98591	0.77167	0.864138	867	0	0	0.61016	0.4628	1.0	399	0	0
SERF1A__70196291	8	0.98604	0.77168	0.864138	868	0	0	0.63101	0.49724	1.0	421	0	0
PAN3__P1P2	8	0.98679	0.78205	0.87474	869	0	0	0.099778	0.0081365	0.175962	35	0	0
CHAMP1__P1P2	8	0.98689	0.78324	0.875072	870	0	0	0.67602	0.58454	1.0	459	0	0
UBE2M__P1P2	8	0.9881	0.80715	0.90075	871	0	0	0.13529	0.016397	0.189881	57	0	0
C14orf119__P1P2	8	0.98824	0.81037	0.9033	872	0	0	0.50857	0.32155	0.976728	317	0	0
INPPL1__P1P2	8	0.9883	0.81227	0.90438	873	0	0	0.18489	0.020512	0.189881	96	0	0
IFT52__P1P2	8	0.98847	0.81439	0.905711	874	0	0	0.57791	0.42119	1.0	375	0	0
ATP2C1__P1P2	8	0.9885	0.81535	0.905742	875	0	0	0.55365	0.38312	1.0	354	0	0
FAM122A__P1P2	8	0.98854	0.81638	0.905849	876	0	0	0.17935	0.020512	0.189881	92	0	0
ARHGAP11A__32907502	8	0.98881	0.82235	0.911428	877	0	0	0.21276	0.028821	0.237736	116	0	0
OCIAD1__P1P2	8	0.98901	0.8262	0.91465	878	0	0	0.2201	0.033026	0.260983	122	0	0
KAT6A__P1P2	8	0.98921	0.83105	0.91898	879	0	0	0.4518	0.22595	0.787169	279	0	0
SNAP29__P1P2	8	0.98932	0.83309	0.920179	880	0	0	0.55201	0.38311	1.0	352	0	0
NBPF14__148025047	8	0.98935	0.83403	0.920179	881	0	0	0.2847	0.058499	0.338456	166	0	0
C11orf73__P1P2	8	0.9901	0.84697	0.932338	882	0	0	0.41979	0.19768	0.768596	250	0	0
ZSCAN18__P2	8	0.99012	0.84697	0.932338	883	0	0	0.81208	0.81295	1.0	592	0	0
CREBBP__P1P2	8	0.99082	0.85821	0.942681	884	0	0	0.28778	0.062861	0.35324	169	0	0
CALU__P1P2	8	0.99098	0.8596	0.942681	885	0	0	0.65383	0.53745	1.0	439	0	0
UBE2E3__P1P2	8	0.99112	0.86121	0.942681	886	0	0	0.47713	0.27282	0.886883	297	0	0
IFT57__P1P2	8	0.99113	0.86121	0.942681	887	0	0	0.35026	0.12686	0.598604	199	0	0
PTPN20B__48826780	8	0.99116	0.86121	0.942681	888	0	0	0.67756	0.58455	1.0	461	0	0
KLLN__P1P2	8	0.99175	0.86833	0.949398	889	0	0	0.19245	0.020512	0.189881	102	0	0
ZNF90__P1P2	8	0.99256	0.88489	0.965332	890	0	0	0.7197	0.66278	1.0	497	0	0
TNKS2__P1P2	8	0.99267	0.88763	0.967235	891	0	0	0.76866	0.74802	1.0	543	0	0
ZNRF3__P1P2	8	0.99307	0.8951	0.970624	892	0	0	0.29328	0.067115	0.364498	174	0	0
NCF1__74188108	8	0.99315	0.89612	0.970624	893	0	0	0.64791	0.52603	1.0	433	0	0
IFT172__P1P2	8	0.99318	0.89613	0.970624	894	0	0	0.42693	0.20793	0.778621	255	0	0
TMED2__P1P2	8	0.99323	0.89672	0.970624	895	0	0	0.16253	0.020502	0.189881	79	0	0
LOC643037__P1P2	8	0.99328	0.89673	0.970624	896	0	0	0.43198	0.21449	0.778621	259	0	0
B3GAT3__P1P2	8	0.9933	0.89673	0.970624	897	0	0	0.12286	0.016397	0.189881	52	0	0
KAT6B__P1P2	8	0.99355	0.90106	0.974229	898	0	0	0.43249	0.21449	0.778621	260	0	0
MED13L__P1P2	8	0.99367	0.90539	0.976751	899	0	0	0.89684	0.92015	1.0	669	0	0
IBTK__P1	8	0.99372	0.9054	0.976751	900	0	0	0.14253	0.016406	0.189881	63	0	0
NPY4R__P1P2	8	0.99389	0.90757	0.978003	901	0	0	0.96416	0.98982	1.0	765	0	0
NOTCH2NL__145208892	8	0.99442	0.91652	0.986557	902	0	0	0.83332	0.83734	1.0	612	0	0
FAM115A__143598483	8	0.99466	0.92118	0.990464	903	0	0	0.25333	0.05012	0.333674	145	0	0
MARCKS__P1P2	8	0.99473	0.92219	0.990464	904	0	0	0.14398	0.016406	0.189881	65	0	0
B4GALT7__P1P2	8	0.99494	0.92598	0.993436	905	0	0	0.15686	0.016406	0.189881	76	0	0
USP22__P1P2	8	0.99533	0.93579	1.0	906	0	0	0.033749	4.9462e-06	0.000185	12	0	0
GPR137__P1	8	0.99577	0.94238	1.0	907	0	0	0.701	0.61969	1.0	482	0	0
TCTN2__P1P2	8	0.99664	0.95488	1.0	908	0	0	0.37858	0.14601	0.630748	220	0	0
EIF4B__P1P2	8	0.99702	0.96173	1.0	909	0	0	0.088422	0.0040608	0.127326	30	0	0
PTPN20B__48806138	8	0.99728	0.96519	1.0	910	0	0	0.33424	0.10764	0.525778	194	0	0
NEUROD1__P1P2	8	0.99731	0.96559	1.0	911	0	0	0.6341	0.50487	1.0	423	0	0
AHR__P1P2	11	0.99732	0.87547	0.956131	912	0	0	0.41254	0.12285	0.58822	246	0	0
C11orf71__P1P2	8	0.99733	0.96579	1.0	913	0	0	0.78509	0.76941	1.0	565	0	0
TMEM81__ENST00000367167.3	8	0.99741	0.96774	1.0	914	0	0	0.61911	0.4732	1.0	406	0	0
IFT46__P1P2	8	0.99791	0.97822	1.0	915	0	0	0.17308	0.020502	0.189881	88	0	0
TTC23L__P1P2	8	0.99795	0.97853	1.0	916	0	0	0.80646	0.80682	1.0	584	0	0
FCGR1B__120935150	8	0.99804	0.97958	1.0	917	0	0	0.22869	0.037339	0.277048	125	0	0
EYA3__P1P2	8	0.99805	0.97958	1.0	918	0	0	0.15187	0.016406	0.189881	72	0	0
SLTM__P1P2	8	0.99853	0.98431	1.0	919	0	0	0.46722	0.25002	0.838014	289	0	0
BTBD9__P1P2	8	0.99854	0.98432	1.0	920	0	0	0.68724	0.59843	1.0	466	0	0
UHMK1__P1P2	8	0.9987	0.98613	1.0	921	0	0	0.8021	0.79867	1.0	581	0	0
LRRC40__P1P2	8	0.99872	0.98627	1.0	922	0	0	0.64123	0.51625	1.0	429	0	0
CHST15__P2	8	0.99874	0.98689	1.0	923	0	0	0.11101	0.0081464	0.175962	42	0	0
KDM3A__P1P2	8	0.99879	0.98746	1.0	924	0	0	0.37475	0.14232	0.623116	217	0	0
JMJD1C__P1P2	8	0.99883	0.98796	1.0	925	0	0	0.5837	0.42386	1.0	382	0	0
NF2__29999349	8	0.9989	0.98908	1.0	926	0	0	0.14829	0.016406	0.189881	69	0	0
L3MBTL2__P1P2	8	0.99891	0.98909	1.0	927	0	0	0.13457	0.016397	0.189881	56	0	0
PICALM__P1P2	8	0.99894	0.98965	1.0	928	0	0	0.12138	0.016397	0.189881	51	0	0
CTNND1__P1P2	8	0.9992	0.99253	1.0	929	0	0	0.15473	0.016406	0.189881	73	0	0
DCUN1D3__P1P2	8	0.9993	0.99358	1.0	930	0	0	0.25716	0.054304	0.338456	148	0	0
CSPP1__P1P2	8	0.99942	0.99493	1.0	931	0	0	0.77275	0.75189	1.0	546	0	0
ELK3__P1P2	8	0.99949	0.99581	1.0	932	0	0	0.39949	0.176	0.7128	236	0	0
SHCBP1__P1P2	8	0.99953	0.99635	1.0	933	0	0	0.11695	0.011975	0.189881	47	0	0
ING5__P1P2	8	0.99955	0.99647	1.0	934	0	0	0.18143	0.020512	0.189881	93	0	0
ZNF286A__15602675	8	0.99962	0.99717	1.0	935	0	0	0.34686	0.12685	0.598604	198	0	0
SPRR2G__P1P2	8	0.99968	0.99786	1.0	936	0	0	0.7645	0.74024	1.0	539	0	0
ATF7IP__P1	8	0.99971	0.99795	1.0	937	0	0	0.17098	0.020502	0.189881	86	0	0
HIST1H1E__P1P2	8	0.99975	0.9983	1.0	938	0	0	0.47526	0.27281	0.886883	295	0	0
KIAA1429__P1P2	8	0.99977	0.99847	1.0	939	0	0	0.010272	4.9462e-06	0.000185	4	0	0
MED13__P1P2	8	0.9998	0.99874	1.0	940	0	0	0.11769	0.011985	0.189881	48	0	0
SKP2__P1P2	8	0.99982	0.99894	1.0	941	0	0	0.28038	0.058499	0.338456	161	0	0
CDK10__P1P2	8	0.99984	0.99915	1.0	942	0	0	0.058305	4.9462e-06	0.000185	21	0	0
PCSK1N__P1P2	11	0.99986	0.99614	1.0	943	0	0	0.41464	0.12285	0.58822	248	0	0
KATNA1__P1P2	8	0.99986	0.99933	1.0	944	0	0	0.44592	0.22188	0.778621	273	0	0
BCLAF1__P1P2	8	0.99987	0.99938	1.0	945	0	0	0.21744	0.033016	0.260983	119	0	0
RBM15__110881839	8	0.99988	0.99943	1.0	946	0	0	0.008635	4.9462e-06	0.000185	3	0	0
SUPT7L__P1P2	8	0.99991	0.99966	1.0	947	0	0	0.094494	0.0081365	0.175962	32	0	0
EXT1__P1P2	8	0.99993	0.99979	1.0	948	0	0	0.30056	0.071388	0.37923	180	0	0
MBD6__P1P2	8	0.99996	0.99989	1.0	949	0	0	0.24949	0.05012	0.333674	140	0	0
SOX2__P1P2	11	0.99996	0.99933	1.0	950	0	0	0.24328	0.028861	0.237736	136	0	0
TP53BP1__P1	8	0.99996	0.99991	1.0	951	0	0	0.20334	0.028812	0.237736	109	0	0
KDM5C__P1P2	8	0.99997	0.99993	1.0	952	0	0	0.17656	0.020502	0.189881	89	0	0
RALGAPA1__P1P2	8	0.99998	0.99997	1.0	953	0	0	0.29023	0.062871	0.35324	171	0	0
CCNE1__P1P2	8	0.99998	0.99998	1.0	954	0	0	0.24045	0.045807	0.325063	134	0	0
SALL2__P1P2	8	0.99999	0.99999	1.0	955	0	0	0.13311	0.016397	0.189881	55	0	0
TRIP12__P1P2	8	0.99999	1.0	1.0	956	0	0	0.055168	4.9462e-06	0.000185	20	0	0
BBC3__P1P2	8	1.0	1.0	1.0	957	0	0	0.012724	4.9462e-06	0.000185	6	0	0
PMAIP1__57567020	8	1.0	1.0	1.0	958	0	0	6.704e-07	4.9462e-06	0.000185	1	2	3.3373
MTF2__P1P2	8	1.0	1.0	1.0	959	0	0	0.16747	0.020502	0.189881	83	0	0
PPP1R16B__P1P2	8	1.0	1.0	1.0	960	0	0	0.14109	0.016406	0.189881	62	0	0
CSDE1__P1P2	8	1.0	1.0	1.0	961	0	0	0.040936	4.9462e-06	0.000185	16	0	0
FAM64A__P1P2	8	1.0	1.0	1.0	962	0	0	0.21209	0.028821	0.237736	115	0	0
BPTF__P1P2	8	1.0	1.0	1.0	963	0	0	0.12653	0.016397	0.189881	53	0	0
SUFU__104263513	8	1.0	1.0	1.0	964	0	0	0.03455	4.9462e-06	0.000185	13	0	0
TCF3__P1P2	8	1.0	1.0	1.0	965	0	0	0.086135	0.0040509	0.127326	28	0	0
CCDC6__P1P2	8	1.0	1.0	1.0	966	0	0	0.018424	4.9462e-06	0.000185	9	0	0
CYP51A1__P1P2	8	1.0	1.0	1.0	967	0	0	0.083079	0.0040509	0.127326	27	0	0
SOX4__P1	8	1.0	1.0	1.0	968	0	0	0.063774	4.9462e-06	0.000185	24	0	0
TP53__P1P2	8	1.0	1.0	1.0	969	0	0	3.6469e-06	4.9462e-06	0.000185	2	2	2.8964
BAK1__33547269	8	1.0	1.0	1.0	970	0	0	0.016798	4.9462e-06	0.000185	8	0	0
USP28__P1P2	8	1.0	1.0	1.0	971	0	0	0.014355	4.9462e-06	0.000185	7	0	0
