id	num	neg|score	neg|p-value	neg|fdr	neg|rank	neg|goodsgrna	neg|lfc	pos|score	pos|p-value	pos|fdr	pos|rank	pos|goodsgrna	pos|lfc
MINOS1-NBL1__P1P2	8	2.6433e-13	4.9462e-06	5.1e-05	1	8	-2.6724	1.0	1.0	1.0	971	0	0
PIGY__P1P2	8	4.9735e-12	4.9462e-06	5.1e-05	2	8	-3.1892	1.0	1.0	1.0	970	0	0
PARL__P1P2	8	2.5547e-11	4.9462e-06	5.1e-05	3	8	-2.1695	1.0	1.0	1.0	969	0	0
NDUFS8__P1P2	8	3.8038e-11	4.9462e-06	5.1e-05	4	7	-3.0171	1.0	1.0	1.0	956	0	0
AATF__P1P2	8	4.5222e-11	4.9462e-06	5.1e-05	5	8	-3.2483	1.0	1.0	1.0	968	0	0
BUB1__P1P2	8	7.5383e-10	4.9462e-06	5.1e-05	6	8	-2.0609	1.0	1.0	1.0	967	0	0
RPS14__P1P2	8	8.4421e-10	4.9462e-06	5.1e-05	7	8	-2.7324	1.0	1.0	1.0	966	0	0
MIEF1__P1P2	8	3.389e-09	4.9462e-06	5.1e-05	8	8	-2.7863	1.0	1.0	1.0	965	0	0
SMARCC1__P1P2	8	4.2582e-09	4.9462e-06	5.1e-05	9	7	-2.3289	0.99986	1.0	1.0	926	0	0
DDX10__P1P2	8	1.4233e-08	4.9462e-06	5.1e-05	10	7	-2.9523	0.97062	0.96889	1.0	779	0	0
RPL34__P1P2	8	1.7064e-08	4.9462e-06	5.1e-05	11	7	-2.4764	1.0	1.0	1.0	964	0	0
PRKDC__P1P2	8	4.6233e-08	4.9462e-06	5.1e-05	12	7	-1.9684	0.99981	1.0	1.0	925	0	0
NDUFAF6__P1P2	8	5.6453e-08	4.9462e-06	5.1e-05	13	7	-2.166	1.0	1.0	1.0	954	0	0
PDS5B__P1P2	8	8.6921e-08	4.9462e-06	5.1e-05	14	7	-1.7941	1.0	1.0	1.0	953	0	0
COG6__P1P2	8	1.0351e-07	4.9462e-06	5.1e-05	15	6	-2.6606	0.99945	0.99995	1.0	916	0	0
DCP2__P1P2	8	2.9663e-07	4.9462e-06	5.1e-05	16	6	-2.2282	0.99929	0.9999	1.0	908	0	0
SPTLC2__P1P2	8	3.6761e-07	4.9462e-06	5.1e-05	17	7	-1.7319	1.0	1.0	1.0	963	0	0
SMN2__69345238	8	9.4939e-07	4.9462e-06	5.1e-05	18	5	-3.1566	0.98893	0.99301	1.0	840	0	0
CYLD__P1P2	8	1.2874e-06	4.9462e-06	5.1e-05	19	6	-2.0669	1.0	1.0	1.0	961	0	0
DROSHA__31531421	8	1.4842e-06	4.9462e-06	5.1e-05	20	5	-2.6403	0.9833	0.98715	1.0	816	0	0
NUTF2__P1P2	8	1.7994e-06	4.9462e-06	5.1e-05	21	5	-2.8897	0.99998	1.0	1.0	939	0	0
DNMT1__P1P2	8	2.2834e-06	4.9462e-06	5.1e-05	22	4	-3.6014	0.99471	0.99777	1.0	866	0	0
RPL9__P1P2	8	2.4445e-06	4.9462e-06	5.1e-05	23	6	-2.3352	1.0	1.0	1.0	945	0	0
RPL36A__P1P2	8	2.5107e-06	4.9462e-06	5.1e-05	24	6	-2.1066	0.99996	1.0	1.0	936	0	0
TMEM68__P1P2	8	3.5807e-06	4.9462e-06	5.1e-05	25	5	-2.4893	0.97784	0.98052	1.0	802	0	0
FECH__P1P2	8	4.753e-06	4.9462e-06	5.1e-05	26	6	-1.9381	0.69081	0.38423	0.88084	423	0	0
CDK2__P1P2	8	6.7237e-06	4.9462e-06	5.1e-05	27	6	-1.963	1.0	1.0	1.0	960	0	0
NDC1__P1P2	8	7.4587e-06	4.9462e-06	5.1e-05	28	6	-1.665	0.97256	0.97209	1.0	784	0	0
C1QTNF9B-AS1__P1P2	8	8.8723e-06	4.9462e-06	5.1e-05	29	6	-2.3327	0.99733	0.99918	1.0	885	0	0
KAT5__P1P2	8	9.6094e-06	4.9462e-06	5.1e-05	30	5	-2.4823	0.98996	0.99389	1.0	844	0	0
NRF1__P1P2	8	1.0227e-05	4.9462e-06	5.1e-05	31	5	-2.6221	0.99977	1.0	1.0	924	0	0
NXT1__P1P2	8	1.1557e-05	4.9462e-06	5.1e-05	32	6	-1.8154	0.97837	0.98133	1.0	803	0	0
IPO7__P1P2	8	1.1636e-05	4.9462e-06	5.1e-05	33	6	-1.7577	0.93655	0.90886	1.0	708	0	0
BMS1__P1P2	8	1.5709e-05	4.9462e-06	5.1e-05	34	5	-2.8326	0.90587	0.84681	1.0	657	0	0
ZRSR2__P1P2	8	3.3767e-05	4.9462e-06	5.1e-05	35	5	-1.9978	0.56811	0.18758	0.5542	323	0	0
SAE1__P1P2	8	4.4742e-05	4.9462e-06	5.1e-05	36	4	-2.9889	0.95069	0.93718	1.0	735	0	0
FAM122A__P1P2	8	4.8597e-05	4.9462e-06	5.1e-05	37	4	-2.3477	0.99066	0.99455	1.0	847	0	0
WDR48__P1P2	8	6.328e-05	4.9462e-06	5.1e-05	38	5	-1.8241	0.61769	0.25026	0.648705	362	0	0
MON2__P1P2	8	6.5668e-05	4.9462e-06	5.1e-05	39	5	-2.0709	0.98829	0.9922	1.0	835	0	0
LIMS1__P1P2	8	6.7629e-05	4.9462e-06	5.1e-05	40	5	-2.2931	0.99999	1.0	1.0	944	0	0
USMG5__P1P2	8	8.6817e-05	4.9462e-06	5.1e-05	41	5	-2.1566	0.87834	0.77853	1.0	621	0	0
PDSS1__P1P2	11	0.00010338	4.9462e-06	5.1e-05	42	5	-2.4183	0.99999	1.0	1.0	942	0	0
UQCRC2__P1P2	11	0.00011933	4.9462e-06	5.1e-05	43	6	-1.8893	0.95263	0.90085	1.0	738	0	0
GTF2H2__ENST00000274400.5_ENST00000330280.7	8	0.00012057	4.9462e-06	5.1e-05	44	5	-2.2502	0.98657	0.99049	1.0	828	0	0
ISCA1__P1P2	8	0.00012452	4.9462e-06	5.1e-05	45	5	-2.324	0.97775	0.98051	1.0	800	0	0
DBF4__P1P2	8	0.00017292	4.9462e-06	5.1e-05	46	5	-1.9529	0.98204	0.98571	1.0	810	0	0
C19orf70__P1P2	8	0.00017395	4.9462e-06	5.1e-05	47	5	-1.7396	1.0	1.0	1.0	949	0	0
RPL14__P1P2	8	0.00020499	4.9462e-06	5.1e-05	48	5	-2.3182	0.99587	0.9985	1.0	874	0	0
EAF1__P1P2	8	0.00021954	4.9462e-06	5.1e-05	49	5	-1.6238	1.0	1.0	1.0	962	0	0
ILK__P1P2	8	0.00023227	4.9462e-06	5.1e-05	50	5	-2.3017	0.8025	0.62328	1.0	524	0	0
CCDC130__P1	8	0.0002483	4.9462e-06	5.1e-05	51	5	-1.4536	0.99999	1.0	1.0	940	0	0
KIAA0020__P1	8	0.00024967	4.9462e-06	5.1e-05	52	5	-1.5581	0.97511	0.97644	1.0	792	0	0
GHITM__P1P2	8	0.00026662	4.9462e-06	5.1e-05	53	5	-1.4361	1.0	1.0	1.0	959	0	0
RBM7__P1P2	8	0.00041268	4.9462e-06	5.1e-05	54	1	-5.4371	0.055965	0.00075677	0.006687	108	2	0.87502
VPS51__P1P2	8	0.0004306	4.9462e-06	5.1e-05	55	4	-2.2292	0.68843	0.37841	0.871616	421	0	0
HMBS__P1	8	0.00054354	4.9462e-06	5.1e-05	56	4	-2.2294	0.91439	0.86688	1.0	667	0	0
RPS8__P1P2	8	0.00066626	4.9462e-06	5.1e-05	57	4	-2.0434	0.99555	0.99835	1.0	871	0	0
CMC1__P1P2	8	0.0006936	4.9462e-06	5.1e-05	58	4	-2.0078	0.33192	0.037754	0.200531	182	1	0.8138
ENY2__P1P2	8	0.0007029	4.9462e-06	5.1e-05	59	4	-1.9793	0.97769	0.98038	1.0	799	0	0
GPR89A__ENST00000313835.9	8	0.00072175	4.9462e-06	5.1e-05	60	4	-2.2576	0.79766	0.61157	1.0	515	0	0
UNC45A__P1	8	0.00075563	4.9462e-06	5.1e-05	61	4	-1.8786	0.56093	0.1808	0.547493	317	0	0
NUP188__P1P2	8	0.0010075	4.9462e-06	5.1e-05	62	4	-1.9229	0.6223	0.25026	0.648705	370	0	0
CHTF18__P1P2	8	0.0011807	4.9462e-06	5.1e-05	63	4	-1.5868	0.84107	0.70094	1.0	575	0	0
RPS13__P1P2	8	0.0012012	4.9462e-06	5.1e-05	64	4	-1.914	0.99269	0.99622	1.0	856	0	0
TIMM10__P1P2	8	0.001257	4.9462e-06	5.1e-05	65	4	-2.222	0.88003	0.78452	1.0	622	0	0
FDXR__P1P2	11	0.0012716	4.9462e-06	5.1e-05	66	5	-2.304	0.94161	0.8626	1.0	721	0	0
ACTR8__P1P2	8	0.0013819	4.9462e-06	5.1e-05	67	4	-1.6559	0.9231	0.88194	1.0	685	0	0
TLN1__P1P2	8	0.0015481	4.9462e-06	5.1e-05	68	4	-1.6505	1.0	1.0	1.0	951	0	0
POLR1B__P1P2	8	0.0015571	4.9462e-06	5.1e-05	69	3	-3.3846	0.99332	0.99668	1.0	859	0	0
ORC5__P1P2	8	0.0015729	4.9462e-06	5.1e-05	70	4	-2.3283	0.81755	0.64882	1.0	545	0	0
PMVK__P1P2	8	0.0015897	4.9462e-06	5.1e-05	71	4	-1.9216	1.0	1.0	1.0	958	0	0
PALB2__P1P2	8	0.0016492	4.9462e-06	5.1e-05	72	4	-1.8243	0.52431	0.14731	0.487032	293	0	0
ANKRD49__P1P2	8	0.0019035	4.9462e-06	5.1e-05	73	4	-1.6417	0.8927	0.8169	1.0	640	0	0
GTF3A__P1P2	8	0.0021426	4.9462e-06	5.1e-05	74	4	-1.7971	0.99964	1.0	1.0	920	0	0
DUSP11__P1P2	8	0.0022269	4.9462e-06	5.1e-05	75	4	-1.8023	0.99997	1.0	1.0	937	0	0
PLEKHH2__P1P2	8	0.0023865	4.9462e-06	5.1e-05	76	3	-2.2178	0.7598	0.51807	1.0	481	0	0
NRBP1__P1P2	8	0.0027454	4.9462e-06	5.1e-05	77	4	-2.0902	0.99663	0.99902	1.0	880	0	0
ATPAF2__P1P2	8	0.0030677	4.9462e-06	5.1e-05	78	4	-1.9621	0.97626	0.97744	1.0	795	0	0
NPLOC4__P1P2	8	0.0032593	4.9462e-06	5.1e-05	79	4	-1.7517	0.75694	0.51568	1.0	479	0	0
TIMM17B__P1P2	8	0.0033298	4.9462e-06	5.1e-05	80	4	-1.6936	1.0	1.0	1.0	950	0	0
RASAL2__P1P2	8	0.0039864	4.9462e-06	5.1e-05	81	2	-3.3092	0.0076559	8.4085e-05	0.000997	82	3	0.7708
OCIAD1__P1P2	8	0.0045112	4.9462e-06	5.1e-05	82	3	-2.0034	0.99998	1.0	1.0	938	0	0
HDAC7__P1P2	8	0.0045313	4.9462e-06	5.1e-05	83	1	-5.1621	0.9796	0.98281	1.0	806	0	0
RPS11__P1P2	8	0.00454	4.9462e-06	5.1e-05	84	3	-2.0993	0.88658	0.79854	1.0	631	0	0
MRRF__P1P2	8	0.0051757	4.9462e-06	5.1e-05	85	2	-2.7011	0.99786	0.9995	1.0	892	0	0
ABCB10__P1P2	8	0.0053532	4.9462e-06	5.1e-05	86	1	-5.0639	0.66572	0.3283	0.780245	407	0	0
DOCK1__P1P2	8	0.0066627	4.9462e-06	5.1e-05	87	3	-2.0239	0.99904	0.99984	1.0	904	0	0
LSR__P1P2	8	0.0074488	4.9462e-06	5.1e-05	88	2	-2.6535	0.48688	0.1204	0.435498	267	0	0
U2SURP__P1P2	8	0.0083096	4.9462e-06	5.1e-05	89	3	-2.0761	0.98169	0.98534	1.0	809	0	0
HUS1__P1P2	8	0.0085207	4.9462e-06	5.1e-05	90	3	-1.7144	1.0	1.0	1.0	957	0	0
MEX3A__P1P2	8	0.0093052	4.9462e-06	5.1e-05	91	2	-2.7322	0.74396	0.48227	0.993165	469	0	0
UHRF1__P1P2	8	0.009454	4.9462e-06	5.1e-05	92	2	-3.088	0.99999	1.0	1.0	941	0	0
TRIM52__P1P2	8	0.010272	4.9462e-06	5.1e-05	93	1	-4.7699	0.91515	0.86689	1.0	672	0	0
SMN1__70220656	8	0.01109	4.9462e-06	5.1e-05	94	3	-2.6793	0.65285	0.30328	0.744403	395	0	0
TAF6__P1P2	8	0.012241	1.4839e-05	0.000134	95	3	-1.7609	0.99794	0.99952	1.0	893	0	0
DUSP12__P1P2	8	0.012347	1.4839e-05	0.000134	96	3	-1.9258	0.9267	0.88699	1.0	693	0	0
PRPF40A__P1P2	8	0.012723	1.4839e-05	0.000134	97	3	-2.0821	0.98705	0.99085	1.0	830	0	0
PTK2__P1P2	8	0.013217	1.4839e-05	0.000134	98	3	-1.7948	0.99943	0.99995	1.0	914	0	0
BCKDHA__P1	8	0.013328	1.4839e-05	0.000134	99	3	-1.5328	0.51474	0.14358	0.482948	286	0	0
TGDS__P1P2	8	0.01354	1.4839e-05	0.000134	100	1	-4.2877	0.9554	0.94504	1.0	747	0	0
TAF3__P1P2	8	0.013893	1.4839e-05	0.000134	101	3	-1.5982	0.99059	0.9944	1.0	846	0	0
CHERP__P1P2	8	0.014884	1.4839e-05	0.000134	102	3	-1.7626	0.7526	0.50833	1.0	475	0	0
ATRIP__P1P2	8	0.015855	1.4839e-05	0.000134	103	3	-1.7137	0.98337	0.98716	1.0	817	0	0
IMMT__P1P2	8	0.015984	1.4839e-05	0.000134	104	3	-2.6493	0.86364	0.74619	1.0	607	0	0
NEDD8-MDP1__P1P2	8	0.016291	1.4839e-05	0.000134	105	3	-1.8395	0.32727	0.029771	0.160764	180	1	0.8071
ABHD16A__P1P2	8	0.017445	1.4839e-05	0.000134	106	3	-2.1675	1.0	1.0	1.0	952	0	0
WDR70__P1P2	8	0.017509	1.4839e-05	0.000134	107	2	-2.5228	0.88246	0.79002	1.0	625	0	0
PCGF1__P1P2	8	0.017576	1.4839e-05	0.000134	108	3	-1.5803	0.99485	0.99783	1.0	868	0	0
CRLS1__P1P2	8	0.018174	2.4731e-05	0.000221	109	3	-1.7726	0.89673	0.82824	1.0	645	0	0
PPIL1__P1P2	8	0.019683	7.4193e-05	0.000656	110	3	-1.6011	0.5879	0.20921	0.589451	340	0	0
ZAR1L__P1P2	8	0.020971	8.4085e-05	0.000717	111	3	-1.4955	0.93618	0.90885	1.0	706	0	0
NFYB__P1P2	8	0.021337	8.4085e-05	0.000717	112	3	-1.5601	0.93938	0.9143	1.0	714	0	0
MBIP__P1P2	8	0.02141	8.4085e-05	0.000717	113	3	-1.6833	0.95027	0.93678	1.0	734	0	0
SLTM__P1P2	8	0.021856	8.4085e-05	0.000717	114	3	-1.5651	0.95204	0.93936	1.0	737	0	0
TAF11__P1P2	8	0.022609	0.00013355	0.001038	115	3	-1.8461	0.98982	0.99374	1.0	842	0	0
TSSC1__P1P2	8	0.023069	0.00013355	0.001038	116	3	-1.5171	0.89616	0.82729	1.0	644	0	0
MOSPD2__P1P2	8	0.023223	0.00013355	0.001038	117	3	-2.0347	0.99995	1.0	1.0	934	0	0
TMEM258__P1P2	8	0.023475	0.00013355	0.001038	118	2	-2.1954	0.95375	0.94197	1.0	742	0	0
GDI2__P1	8	0.023533	0.00013355	0.001038	119	3	-1.4822	1.0	1.0	1.0	948	0	0
CCDC12__P1	8	0.023623	0.00013355	0.001038	120	3	-2.0193	0.78206	0.57256	1.0	498	0	0
MRGBP__P1P2	8	0.023768	0.00013355	0.001038	121	3	-2.0273	0.025732	0.00022258	0.002237	92	2	1.0903
HNRNPLL__P1P2	8	0.023846	0.00013355	0.001038	122	3	-1.749	0.44197	0.085891	0.323625	247	0	0
KDM5A__P1P2	8	0.024004	0.00013355	0.001038	123	3	-1.5761	0.99536	0.99826	1.0	870	0	0
MTF1__P1P2	8	0.024479	0.00013355	0.001038	124	3	-1.5208	0.80977	0.63635	1.0	532	0	0
EIF4A1__P1P2	8	0.024639	0.00013355	0.001038	125	3	-1.3516	0.95722	0.94908	1.0	751	0	0
TM9SF2__P1P2	8	0.02496	0.00014344	0.001048	126	3	-1.3692	0.86579	0.75103	1.0	608	0	0
ARHGAP4__P1	8	0.025284	0.00014344	0.001048	127	3	-1.5928	0.4474	0.085891	0.323625	250	0	0
ZNHIT3__P1P2	8	0.025856	0.00014344	0.001048	128	3	-1.3287	0.93866	0.91312	1.0	713	0	0
PPP6C__P1P2	8	0.02602	0.00014344	0.001048	129	3	-1.4609	0.95695	0.94872	1.0	749	0	0
FLII__18161284	8	0.028933	0.00014344	0.001048	130	2	-2.5331	0.834	0.68861	1.0	568	0	0
FDX1__P1P2	8	0.029002	0.00014344	0.001048	131	3	-1.3911	0.9959	0.99851	1.0	875	0	0
DHH__P1P2	8	0.029737	0.00014344	0.001048	132	1	-3.68	0.90312	0.84278	1.0	654	0	0
FAM102A__P1P2	8	0.031344	0.00014344	0.001048	133	1	-3.8439	0.76659	0.53614	1.0	486	0	0
GTF3C2__P1P2	8	0.034228	0.00015333	0.001112	134	2	-2.0285	0.97743	0.97989	1.0	798	0	0
C6orf47__P1P2	8	0.037748	0.00023247	0.001482	135	2	-2.3825	0.95192	0.93936	1.0	736	0	0
XRCC1__P1P2	11	0.042378	0.00016322	0.001167	136	3	-1.4827	0.79721	0.47396	0.98127	514	0	0
ZBTB4__P1	8	0.042526	0.00023247	0.001482	137	2	-2.5808	0.96697	0.96251	1.0	772	0	0
EIF3F__P1P2	11	0.042529	0.00016322	0.001167	138	3	-1.9236	0.82878	0.55752	1.0	560	0	0
PPP2R5E__P1P2	8	0.043321	0.00023247	0.001482	139	1	-3.2997	1.4788e-05	4.9462e-06	6.7e-05	43	5	1.146
FAM60A__P1P2	8	0.044278	0.00023247	0.001482	140	2	-2.0215	0.89022	0.80935	1.0	636	0	0
PHF6__P1P2	8	0.044908	0.00023247	0.001482	141	1	-3.3639	0.99917	0.99986	1.0	906	0	0
ISOC2__P1	8	0.0457	0.00023247	0.001482	142	1	-3.3428	0.4762	0.12039	0.435498	264	0	0
TMEM86A__P1P2	8	0.047284	0.00023247	0.001482	143	1	-3.4877	0.75138	0.50376	1.0	474	0	0
SGK3__ENST00000396596.1_ENST00000522398.1	8	0.050445	0.00023247	0.001482	144	1	-3.458	0.35478	0.04553	0.226948	191	1	0.77344
SUGP1__P1P2	8	0.051	0.00023247	0.001482	145	2	-1.8962	0.98973	0.99372	1.0	841	0	0
ARID1A__P1P2	8	0.052635	0.00023247	0.001482	146	2	-2.1971	0.99609	0.99868	1.0	878	0	0
GGCT__P1P2	8	0.054082	0.00023247	0.001482	147	2	-2.1247	0.48734	0.1204	0.435498	268	0	0
TINF2__P1P2	8	0.054707	0.00023247	0.001482	148	2	-2.4663	0.12873	0.013894	0.095172	138	1	1.2845
ESYT2__P1P2	8	0.055168	0.00023247	0.001482	149	1	-3.0999	0.62615	0.25027	0.648705	373	0	0
FUBP3__P1P2	8	0.055953	0.00024236	0.001482	150	1	-3.2217	0.36483	0.053592	0.251695	198	1	0.7516
C7orf49__P1P2	8	0.059088	0.00024236	0.001482	151	1	-3.2227	0.032948	0.00022258	0.002237	96	1	2.2138
SAP30BP__P1P2	8	0.059871	0.00024236	0.001482	152	2	-2.303	0.97351	0.97323	1.0	788	0	0
IL18R1__P1	8	0.061434	0.00024236	0.001482	153	1	-2.9055	0.83228	0.687	1.0	564	0	0
HMGCR__P1P2	8	0.062995	0.00024236	0.001482	154	1	-3.0312	0.96642	0.96077	1.0	770	0	0
FBXO8__P1	8	0.064181	0.00024236	0.001482	155	2	-1.8118	0.93127	0.90043	1.0	698	0	0
LAMC1__P1P2	8	0.066188	0.00024236	0.001482	156	2	-1.7254	0.82069	0.65545	1.0	550	0	0
CFDP1__P1	8	0.068217	0.00024236	0.001482	157	2	-2.0347	0.95453	0.94357	1.0	745	0	0
MCM7__P1P2	8	0.072807	0.00024236	0.001482	158	2	-1.7531	0.96522	0.95913	1.0	767	0	0
SCAF11__P1P2	8	0.073857	0.00024236	0.001482	159	1	-3.0538	0.99816	0.99959	1.0	894	0	0
PAN2__P1P2	8	0.075399	0.00037096	0.002001	160	2	-2.0002	0.99991	1.0	1.0	930	0	0
EMC1__P1P2	8	0.076792	0.00037096	0.002001	161	2	-1.8159	0.99148	0.99537	1.0	850	0	0
CDC26__P1P2	8	0.079411	0.00037096	0.002001	162	2	-1.6562	0.99847	0.9997	1.0	898	0	0
TATDN2__P1P2	8	0.081548	0.00037096	0.002001	163	1	-2.9216	0.99887	0.9998	1.0	901	0	0
SMG7__P1P2	8	0.084494	0.00037096	0.002001	164	2	-1.6063	0.99665	0.99902	1.0	881	0	0
LIAS__P1P2	8	0.089183	0.00037096	0.002001	165	1	-2.7649	0.97691	0.97883	1.0	797	0	0
CD99L2__P1P2	8	0.090185	0.00037096	0.002001	166	2	-2.118	0.11399	0.0099863	0.071902	135	1	1.3885
RNPS1__P1P2	8	0.090686	0.00037096	0.002001	167	2	-1.7816	0.63513	0.27035	0.68794	379	0	0
ATF6__P1P2	8	0.09371	0.00038086	0.002001	168	2	-1.6882	0.92035	0.87999	1.0	681	0	0
MSI1__P1P2	8	0.095251	0.00038086	0.002001	169	1	-2.7969	0.80489	0.62722	1.0	527	0	0
RABL5__P1P2	8	0.09549	0.00038086	0.002001	170	2	-1.6564	0.8011	0.62128	1.0	519	0	0
ZNF532__P2	8	0.096762	0.00038086	0.002001	171	1	-2.9618	1.8708e-05	4.9462e-06	6.7e-05	44	5	1.1755
COPS8__237994319	8	0.097537	0.00038086	0.002001	172	2	-1.7197	0.64891	0.29317	0.721409	394	0	0
SDF2__P1P2	8	0.10089	0.00038086	0.002001	173	2	-1.5717	0.9727	0.9721	1.0	786	0	0
KDSR__P1P2	8	0.10128	0.00038086	0.002001	174	1	-2.7825	0.50053	0.13162	0.45692	277	0	0
STX7__P1P2	8	0.10193	0.00038086	0.002001	175	2	-2.0602	0.91944	0.87862	1.0	679	0	0
GNB2L1__P1P2	8	0.10219	0.00038086	0.002001	176	2	-1.5928	0.52258	0.14731	0.487032	292	0	0
CORO1B__67210174	8	0.10245	0.00038086	0.002001	177	2	-1.7417	0.53497	0.15876	0.514375	299	0	0
AP1B1__P1P2	8	0.10298	0.00038086	0.002001	178	2	-1.8464	0.9886	0.99274	1.0	837	0	0
TRIP13__P1P2	8	0.10504	0.00038086	0.002001	179	1	-2.6968	0.94036	0.91759	1.0	716	0	0
PPP1CB__P1P2	8	0.10534	0.00038086	0.002001	180	2	-1.648	0.15473	0.013904	0.095172	141	1	1.2431
GET4__P1P2	8	0.1056	0.00038086	0.002001	181	2	-1.6672	0.93677	0.90944	1.0	709	0	0
SREK1IP1__P1P2	8	0.10666	0.00038086	0.002001	182	2	-1.5269	0.94064	0.91759	1.0	718	0	0
RAD9A__P1P2	8	0.10692	0.00038086	0.002001	183	2	-1.5304	0.8573	0.73158	1.0	596	0	0
MAP3K7__P1P2	8	0.10728	0.00038086	0.002001	184	1	-2.814	0.60688	0.2301	0.630024	354	0	0
IBA57__P1P2	8	0.10745	0.00038086	0.002001	185	2	-1.9996	0.98402	0.98787	1.0	820	0	0
PPP6R3__P1P2	8	0.11011	0.00047978	0.002494	186	2	-1.6825	0.99969	1.0	1.0	921	0	0
ARHGAP11B__30918117	8	0.11473	0.004506	0.0208	187	1	-2.5725	0.7954	0.60953	1.0	510	0	0
GNPNAT1__P1P2	8	0.11769	0.0046049	0.0208	188	1	-2.5628	0.97579	0.97706	1.0	793	0	0
PPP1R10__P1P2	8	0.11793	0.0046049	0.0208	189	2	-1.6421	0.96565	0.96001	1.0	768	0	0
VPS26A__P1P2	8	0.11984	0.0046049	0.0208	190	2	-1.5321	0.91871	0.87643	1.0	677	0	0
SIN3B__P1P2	8	0.12012	0.0046049	0.0208	191	2	-1.4798	0.9726	0.97209	1.0	785	0	0
USF2__P1P2	8	0.12067	0.0046049	0.0208	192	2	-1.7254	0.99283	0.99631	1.0	857	0	0
RBX1__P1P2	8	0.12122	0.0046148	0.0208	193	2	-1.564	0.57205	0.19132	0.558457	330	0	0
SLC30A3__P1P2	8	0.12212	0.0046148	0.0208	194	1	-2.633	0.49918	0.13162	0.45692	275	0	0
TMSB10__P1P2	8	0.12232	0.0046148	0.0208	195	2	-1.7548	0.75405	0.51319	1.0	476	0	0
USF1__P1P2	8	0.12397	0.0046148	0.0208	196	2	-1.4592	0.9364	0.90886	1.0	707	0	0
CHCHD3__P1P2	8	0.12536	0.0046148	0.0208	197	2	-1.5224	0.99894	0.99981	1.0	902	0	0
POLG__P1P2	8	0.12564	0.0046148	0.0208	198	2	-1.4615	0.99248	0.99594	1.0	854	0	0
STK3__P1P2	8	0.12591	0.0046148	0.0208	199	2	-1.5589	0.66382	0.32499	0.776165	404	0	0
RRP8__P1P2	8	0.12619	0.0046148	0.0208	200	2	-1.6371	0.85579	0.72584	1.0	594	0	0
DGCR8__P1P2	8	0.1287	0.0047236	0.0208	201	2	-1.8537	0.39312	0.061941	0.273711	211	1	0.71724
SPAG9__P1P2	8	0.12873	0.0047236	0.0208	202	1	-2.6796	1.0	1.0	1.0	947	0	0
CENPL__P1P2	8	0.12898	0.0047236	0.0208	203	2	-1.7851	0.95279	0.94043	1.0	739	0	0
DENND5A__P1P2	11	0.12958	0.00041053	0.002145	204	1	-2.7256	0.58747	0.16605	0.520642	339	0	0
RPUSD4__P1P2	8	0.13019	0.0047236	0.0208	205	1	-2.5578	0.93765	0.91143	1.0	710	0	0
GPR89B__147400326	8	0.13092	0.0047236	0.0208	206	1	-2.5392	0.44296	0.085891	0.323625	249	0	0
PCSK1N__P1P2	11	0.13158	0.00055892	0.00289	207	1	-2.7898	0.92747	0.82813	1.0	694	0	0
CNOT3__P1P2	8	0.13165	0.0047236	0.0208	208	1	-2.3952	0.96496	0.95912	1.0	765	0	0
BRD2__P1	8	0.1332	0.0047335	0.0208	209	2	-1.8566	0.84756	0.71117	1.0	583	0	0
NSMCE4A__P1P2	8	0.13376	0.0047335	0.0208	210	2	-1.3428	0.99557	0.99836	1.0	872	0	0
DPP9__P1	8	0.13518	0.0047335	0.0208	211	2	-1.6328	0.81643	0.64882	1.0	543	0	0
BCL2L13__P1P2	8	0.13603	0.0047335	0.0208	212	2	-1.7531	0.97126	0.97001	1.0	781	0	0
CCNE1__P1P2	8	0.13631	0.0047335	0.0208	213	2	-1.4058	0.99936	0.99993	1.0	911	0	0
RIF1__P1P2	8	0.13859	0.0048423	0.0208	214	2	-1.4441	0.84418	0.70683	1.0	576	0	0
WDR18__P1P2	8	0.13892	0.0048423	0.0208	215	1	-2.5352	0.83841	0.69629	1.0	571	0	0
PTPN12__P1P2	8	0.14109	0.0048423	0.0208	216	1	-2.5724	6.944e-07	4.9462e-06	6.7e-05	32	5	1.7792
COL4A3BP__P1P2	8	0.14117	0.0048423	0.0208	217	2	-1.5253	0.99816	0.9996	1.0	895	0	0
METTL15__P2	8	0.14146	0.0048423	0.0208	218	2	-1.5182	0.99975	1.0	1.0	923	0	0
LRRC28__P1P2	8	0.14326	0.0048522	0.0208	219	1	-2.5015	0.42795	0.081864	0.323625	235	0	0
UBA3__P1P2	8	0.14376	0.0048522	0.0208	220	2	-1.3357	0.43249	0.081874	0.323625	239	0	0
RAB1A__P1P2	8	0.14434	0.0048522	0.0208	221	2	-1.4065	0.97277	0.9721	1.0	787	0	0
TAF4__P1P2	8	0.14462	0.0048522	0.0208	222	2	-1.7184	0.95907	0.95139	1.0	756	0	0
C11orf58__P1P2	8	0.14542	0.0048522	0.0208	223	1	-2.4643	0.45908	0.0859	0.323625	256	0	0
FAM216A__P1P2	8	0.14549	0.0048522	0.0208	224	2	-1.3241	0.63136	0.25709	0.661109	376	0	0
AGPS__P1P2	8	0.14607	0.0048522	0.0208	225	2	-1.5912	0.99693	0.99913	1.0	882	0	0
TMEM110__P1P2	8	0.14685	0.0049907	0.0208	226	1	-2.5154	0.79561	0.60954	1.0	511	0	0
AKAP3__P1	8	0.14752	0.0049907	0.0208	227	2	-1.7735	0.99379	0.99705	1.0	861	0	0
CAPG__P1	8	0.14829	0.0049907	0.0208	228	1	-2.4302	0.61088	0.23699	0.63989	356	0	0
TNRC6A__P1P2	8	0.14956	0.0050006	0.0208	229	2	-1.648	0.92483	0.88446	1.0	689	0	0
TPR__P1P2	8	0.15044	0.0050006	0.0208	230	1	-2.4008	0.85969	0.73553	1.0	601	0	0
NOSIP__P1P2	8	0.15101	0.0050006	0.0208	231	2	-1.3066	0.99936	0.99993	1.0	912	0	0
NUFIP1__P1P2	8	0.15259	0.0051688	0.0208	232	1	-2.5263	0.99584	0.99848	1.0	873	0	0
SPINT1__P1P2	8	0.15336	0.0051688	0.0208	233	2	-1.3884	0.62159	0.25026	0.648705	369	0	0
USP1__P1P2	8	0.15401	0.0051688	0.0208	234	1	-2.4324	0.92187	0.88193	1.0	684	0	0
NAE1__P1P2	8	0.15571	0.0051688	0.0208	235	2	-1.4278	0.16747	0.013904	0.095172	142	1	1.1816
TBCC__P1P2	8	0.15828	0.0051688	0.0208	236	1	-2.3932	0.64022	0.27684	0.695326	385	0	0
ISY1__P1P2	8	0.16183	0.0051688	0.0208	237	1	-2.3858	0.96504	0.95912	1.0	766	0	0
DEGS1__P1P2	8	0.16747	0.0051688	0.0208	238	1	-2.4519	0.581	0.2021	0.57949	336	0	0
RYR3__P1P2	8	0.16957	0.0051688	0.0208	239	1	-2.3692	0.85289	0.72279	1.0	589	0	0
VWA9__P1P2	8	0.17098	0.0051688	0.0208	240	1	-2.1935	0.88584	0.7975	1.0	630	0	0
LUZP1__P1P2	8	0.17726	0.0051787	0.0208	241	1	-2.3488	0.99999	1.0	1.0	943	0	0
SRSF11__P2	8	0.1945	0.0051787	0.0208	242	1	-2.1542	0.29206	0.021907	0.12905	164	1	0.88005
BIVM__P1	8	0.20131	0.0094917	0.037657	243	1	-2.2435	0.32024	0.029761	0.160764	177	1	0.84126
GTDC1__P1P2	8	0.20401	0.013795	0.053889	244	1	-2.2816	0.63581	0.27036	0.68794	380	0	0
ITGB3__P1P2	8	0.20469	0.013795	0.053889	245	1	-2.2091	0.87234	0.76209	1.0	615	0	0
EIF4H__P1P2	8	0.20806	0.013795	0.053889	246	1	-2.2681	0.99943	0.99995	1.0	915	0	0
DET1__P1P2	8	0.21075	0.013805	0.053889	247	1	-2.1612	0.53834	0.16601	0.520642	301	0	0
GTF3C4__P1P2	8	0.21877	0.0179	0.063304	248	1	-2.1284	0.85102	0.7198	1.0	587	0	0
HEXIM2__P2	11	0.22186	0.0066823	0.026729	249	1	-2.3622	0.81895	0.52243	1.0	549	0	0
IRX1__P1P2	8	0.22473	0.0179	0.063304	250	1	-2.1578	0.95296	0.94086	1.0	740	0	0
BBC3__P1P2	8	0.22869	0.0179	0.063304	251	1	-2.1074	0.9423	0.91998	1.0	722	0	0
GFRA4__ENST00000290417.2_ENST00000319242.3	8	0.23	0.0179	0.063304	252	1	-2.145	0.48272	0.1204	0.435498	266	0	0
UNC13B__P1P2	8	0.23394	0.0179	0.063304	253	1	-2.0865	0.89986	0.83764	1.0	647	0	0
ADAMTS16__P2	8	0.23459	0.0179	0.063304	254	1	-2.134	0.95701	0.94872	1.0	750	0	0
USP42__P1P2	8	0.23589	0.0179	0.063304	255	1	-2.125	0.30777	0.025913	0.143984	170	1	0.82207
ZC3H4__P1	8	0.23655	0.0179	0.063304	256	1	-2.1402	0.62088	0.25026	0.648705	368	0	0
FAM69B__P1P2	8	0.2372	0.0179	0.063304	257	1	-2.1546	0.69375	0.39005	0.883752	427	0	0
RRNAD1__P1P2	8	0.2385	0.0179	0.063304	258	1	-2.0974	0.96288	0.95619	1.0	762	0	0
COG5__P1P2	8	0.23915	0.0179	0.063304	259	1	-2.1017	0.8831	0.79216	1.0	626	0	0
KIAA0247__P1P2	8	0.24045	0.0179	0.063304	260	1	-2.1025	0.89141	0.81254	1.0	637	0	0
SREBF1__P1	8	0.24239	0.0179	0.063304	261	1	-2.0364	0.61911	0.25026	0.648705	365	0	0
CCNK__P2	11	0.24416	0.0070978	0.028275	262	1	-2.3186	0.89516	0.74343	1.0	643	0	0
FAM107A__P1P2	8	0.24691	0.01791	0.063304	263	1	-2.0574	0.13529	0.013894	0.095172	139	1	1.262
GTF2I__74071821	8	0.24756	0.01791	0.063304	264	1	-2.1593	0.47007	0.10112	0.376603	261	0	0
ATL3__P1P2	8	0.25077	0.01791	0.063304	265	1	-2.1061	0.92345	0.88194	1.0	686	0	0
PNKP__P1P2	8	0.25205	0.01791	0.063304	266	1	-2.05	0.95391	0.94197	1.0	743	0	0
SLC38A10__P1P2	8	0.25269	0.01791	0.063304	267	1	-2.0102	0.98344	0.98716	1.0	818	0	0
CNTD2__P1	8	0.25397	0.01791	0.063304	268	1	-2.112	0.67817	0.35486	0.827165	416	0	0
TXNDC16__P1P2	8	0.25843	0.01791	0.063304	269	1	-1.9982	0.75742	0.51568	1.0	480	0	0
REC8__P1P2	8	0.26665	0.01791	0.063304	270	1	-2.057	0.59916	0.21978	0.61212	347	0	0
LOC730183__NM_001256932	8	0.26728	0.01791	0.063304	271	1	-2.0643	0.9333	0.90244	1.0	702	0	0
PIP4K2C__P1P2	8	0.26791	0.01791	0.063304	272	1	-2.0117	0.069215	0.0013404	0.010847	115	1	1.6792
NPY4R__P1P2	8	0.26979	0.01791	0.063304	273	1	-1.994	0.56573	0.18757	0.5542	321	0	0
SF3A2__P2	8	0.27292	0.01791	0.063304	274	1	-1.9363	0.52731	0.15134	0.495289	295	0	0
MEAF6__P1P2	8	0.27355	0.01791	0.063304	275	1	-1.9774	3.2354e-05	4.9462e-06	6.7e-05	47	5	1.0104
KLHL5__P1P2	11	0.28283	0.018969	0.066803	276	1	-2.1669	0.88367	0.71258	1.0	627	0	0
PDIA4__P1P2	8	0.28409	0.022154	0.069494	277	1	-1.9993	0.8017	0.62328	1.0	521	0	0
DDX31__P1P2	8	0.28593	0.022154	0.069494	278	1	-2.0319	0.91534	0.86689	1.0	673	0	0
SPIN1__P1P2	8	0.28655	0.022154	0.069494	279	1	-1.9618	0.5396	0.16601	0.520642	302	0	0
SCYL1__P1P2	8	0.28716	0.022154	0.069494	280	1	-1.9589	0.51431	0.14358	0.482948	285	0	0
PPM1G__P1	8	0.29084	0.022154	0.069494	281	1	-1.9542	0.98994	0.99388	1.0	843	0	0
ZSCAN18__P2	8	0.29145	0.022154	0.069494	282	1	-1.9162	0.53792	0.16601	0.520642	300	0	0
DHX35__P1P2	8	0.29693	0.022154	0.069494	283	1	-1.9298	0.98756	0.99149	1.0	832	0	0
FAM115A__143579171	8	0.30056	0.022154	0.069494	284	1	-1.9427	0.44148	0.085891	0.323625	246	0	0
CORO1A__30194716	8	0.30657	0.022154	0.069494	285	1	-1.9132	0.64392	0.28008	0.69804	388	0	0
DICER1__P1P2	8	0.30717	0.022154	0.069494	286	1	-1.8523	0.66635	0.32831	0.780245	408	0	0
WDR86__P1P2	8	0.30956	0.022154	0.069494	287	1	-1.9411	0.77388	0.55157	1.0	490	0	0
WNT7A__P1P2	8	0.31016	0.022154	0.069494	288	1	-1.922	0.779	0.56011	1.0	495	0	0
RAI14__P1P2	8	0.3161	0.022154	0.069494	289	1	-1.9146	0.90639	0.84776	1.0	658	0	0
TM9SF3__P1P2	8	0.31729	0.022154	0.069494	290	1	-1.8299	0.99954	0.99999	1.0	918	0	0
WEE1__P1P2	8	0.33018	0.022164	0.069494	291	1	-1.7366	0.65902	0.31872	0.768742	400	0	0
ELOVL6__P1P2	8	0.3354	0.022164	0.069494	292	1	-1.7874	0.88234	0.79001	1.0	624	0	0
FUT7__P1P2	8	0.34115	0.022164	0.069494	293	1	-1.7556	0.019236	0.00015333	0.001638	91	1	2.7914
MANSC1__P1P2	8	0.34229	0.022164	0.069494	294	1	-1.8194	0.99478	0.99779	1.0	867	0	0
PGPEP1__P1P2	8	0.34401	0.022164	0.069494	295	1	-1.8332	0.65708	0.31564	0.767031	397	0	0
FAM58A__P1P2	8	0.34515	0.022164	0.069494	296	1	-1.825	0.77567	0.55347	1.0	491	0	0
HIF1AN__P1P2	8	0.34799	0.022164	0.069494	297	1	-1.7425	0.91458	0.86688	1.0	669	0	0
MYH9__P1P2	8	0.34969	0.022164	0.069494	298	1	-1.7388	0.96651	0.96101	1.0	771	0	0
KDM4A__P1P2	8	0.35139	0.022164	0.069494	299	1	-1.6765	0.99972	1.0	1.0	922	0	0
TSPYL1__P1P2	8	0.35309	0.022164	0.069494	300	1	-1.7473	0.99993	1.0	1.0	932	0	0
GPX3__P1P2	8	0.35926	0.022164	0.069494	301	1	-1.746	0.79292	0.59966	1.0	505	0	0
STT3B__P1P2	8	0.3615	0.022164	0.069494	302	1	-1.7216	0.8015	0.62328	1.0	520	0	0
PPP4R2__P1P2	8	0.36261	0.022164	0.069494	303	1	-1.7217	0.99591	0.99854	1.0	876	0	0
NDE1__P1	8	0.3665	0.022164	0.069494	304	1	-1.6665	0.90247	0.84196	1.0	653	0	0
PABPC4__P1P2	8	0.3676	0.022164	0.069494	305	1	-1.6988	0.30056	0.025913	0.143984	168	1	0.85747
PKMYT1__P1P2	8	0.37201	0.022164	0.069494	306	1	-1.5492	0.50143	0.13162	0.45692	278	0	0
ARF1__P1P2	8	0.37639	0.022164	0.069494	307	1	-1.6835	0.98786	0.9917	1.0	834	0	0
GNAI1__P1P2	8	0.37749	0.022164	0.069494	308	1	-1.6804	0.83072	0.68373	1.0	562	0	0
C7orf26__P1P2	8	0.37912	0.022164	0.069494	309	1	-1.6566	0.88914	0.80707	1.0	635	0	0
SAMD1__P1P2	8	0.37966	0.022164	0.069494	310	1	-1.76	0.20806	0.018009	0.11908	147	1	1.0619
TRIM56__P1P2	8	0.38238	0.026141	0.076103	311	1	-1.651	0.64725	0.29316	0.721409	390	0	0
MAPRE1__P1P2	8	0.38884	0.026141	0.076103	312	1	-1.7063	0.41361	0.069865	0.292751	222	0	0
SMAD1__P1P2	8	0.39045	0.026141	0.076103	313	1	-1.6187	0.96755	0.96391	1.0	773	0	0
HIBADH__P1P2	8	0.39791	0.026141	0.076103	314	1	-1.6049	0.82433	0.66524	1.0	557	0	0
FERMT1__P1P2	8	0.39844	0.026141	0.076103	315	1	-1.625	0.54377	0.16602	0.520642	305	0	0
MAGED2__P2	8	0.4016	0.026141	0.076103	316	1	-1.5833	0.6574	0.31564	0.767031	398	0	0
NSDHL__P1P2	8	0.40476	0.026141	0.076103	317	1	-1.572	0.61196	0.237	0.63989	357	0	0
LRP6__P1P2	8	0.40737	0.026141	0.076103	318	1	-1.6043	0.98698	0.99084	1.0	829	0	0
GART__P1P2	8	0.4079	0.026141	0.076103	319	1	-1.5057	0.9929	0.99632	1.0	858	0	0
ZC3H7A__P1P2	8	0.40946	0.026141	0.076103	320	1	-1.5978	0.46388	0.089857	0.335965	259	0	0
CSNK1A1__P1P2	8	0.41102	0.026141	0.076103	321	1	-1.5171	0.28839	0.021907	0.12905	160	1	0.86283
IPO5__P1P2	8	0.41154	0.026141	0.076103	322	1	-1.6086	0.98252	0.98659	1.0	814	0	0
TMEM198__P1P2	8	0.41206	0.026141	0.076103	323	1	-1.61	0.6409	0.27684	0.695326	386	0	0
LDB3__P1P2	8	0.41979	0.02615	0.076103	324	1	-1.5544	0.73194	0.45966	0.98127	453	0	0
YPEL3__P1P2	8	0.42031	0.02615	0.076103	325	1	-1.6814	0.92819	0.89118	1.0	696	0	0
ZZZ3__P1P2	8	0.42235	0.02615	0.076103	326	1	-1.56	0.86131	0.7408	1.0	604	0	0
ZNF444__P1P2	8	0.42337	0.02615	0.076103	327	1	-1.5467	0.72213	0.44358	0.964561	446	0	0
ZCCHC11__P1P2	8	0.42693	0.02615	0.076103	328	1	-1.5307	0.95425	0.94312	1.0	744	0	0
UBA2__P1P2	8	0.43299	0.02615	0.076103	329	1	-1.5156	0.78358	0.57652	1.0	499	0	0
ZFYVE9__P1P2	8	0.44247	0.02615	0.076103	330	1	-1.4991	0.90128	0.84021	1.0	651	0	0
PLEKHA5__P1P2	8	0.44494	0.02615	0.076103	331	1	-1.5588	0.98581	0.99003	1.0	827	0	0
GPALPP1__P1P2	8	0.44543	0.02615	0.076103	332	1	-1.4499	0.98734	0.99113	1.0	831	0	0
BRMS1__P1P2	8	0.44887	0.02615	0.076103	333	1	-1.4565	0.99464	0.99773	1.0	865	0	0
GOLGA7__P1P2	8	0.44936	0.02615	0.076103	334	1	-1.4614	0.81885	0.64883	1.0	548	0	0
HYDIN__71263838	8	0.45083	0.030226	0.086186	335	1	-1.4414	0.60027	0.21978	0.61212	348	0	0
CDC42EP5__P1P2	8	0.45132	0.030226	0.086186	336	1	-1.4493	0.71861	0.43095	0.941303	444	0	0
CHRNA7__32322509	8	0.45424	0.030226	0.086186	337	1	-1.4548	0.70838	0.41218	0.91264	437	0	0
RAC1__P1P2	8	0.45811	0.030236	0.086186	338	1	-1.468	0.99702	0.99914	1.0	884	0	0
AJUBA__P1P2	8	0.46004	0.030236	0.086186	339	1	-1.4221	0.00086414	4.9462e-06	6.7e-05	65	4	0.87862
SF1__P1P2	8	0.46052	0.030236	0.086186	340	1	-1.4926	0.81662	0.64882	1.0	544	0	0
TTBK2__P1P2	8	0.46101	0.030236	0.086186	341	1	-1.4212	0.51387	0.14358	0.482948	284	0	0
CCR6__ENST00000400926.2	8	0.46245	0.034519	0.095348	342	1	-1.43	0.5693	0.18758	0.5542	325	0	0
PEX7__P1P2	8	0.4634	0.034519	0.095348	343	1	-1.4063	0.57597	0.19474	0.565026	332	0	0
GPI__P1P2	8	0.46388	0.034519	0.095348	344	1	-1.4575	1.0	1.0	1.0	955	0	0
LRRC40__P1P2	8	0.46484	0.034519	0.095348	345	1	-1.379	0.49873	0.13161	0.45692	274	0	0
MRE11A__P1P2	8	0.46627	0.034519	0.095348	346	1	-1.4109	0.65837	0.31565	0.767031	399	0	0
EXOC5__P1P2	8	0.46817	0.034519	0.095348	347	1	-1.4257	0.9999	1.0	1.0	927	0	0
NCSTN__P1P2	8	0.46865	0.034519	0.095348	348	1	-1.3934	0.66413	0.325	0.776165	405	0	0
NUDT22__P1P2	8	0.47385	0.034529	0.095348	349	1	-1.4523	0.85954	0.73552	1.0	600	0	0
CST1__P1P2	8	0.47479	0.034529	0.095348	350	1	-1.4325	0.49828	0.13161	0.45692	273	0	0
FGD1__P1P2	8	0.47807	0.034529	0.095348	351	1	-1.4113	0.79417	0.60529	1.0	506	0	0
PSPC1__P1P2	8	0.479	0.034529	0.095348	352	1	-1.4523	0.92026	0.87998	1.0	680	0	0
TOP1__P1P2	8	0.48226	0.038941	0.104877	353	1	-1.356	0.65934	0.31872	0.768742	401	0	0
ANAPC13__P1P2	8	0.48272	0.038941	0.104877	354	1	-1.3617	0.95535	0.94503	1.0	746	0	0
CEP63__P1P2	8	0.48458	0.038941	0.104877	355	1	-1.3327	0.89975	0.83764	1.0	646	0	0
DEDD__P1P2	8	0.48734	0.038941	0.104877	356	1	-1.3698	0.92414	0.88445	1.0	687	0	0
ING1__P1	8	0.49055	0.038951	0.104877	357	1	-1.3491	0.99951	0.99998	1.0	917	0	0
XPO5__P1P2	8	0.49101	0.038951	0.104877	358	1	-1.3446	0.38292	0.053602	0.251695	206	1	0.75934
SETDB1__P1P2	8	0.49375	0.038951	0.104877	359	1	-1.2942	0.50233	0.13162	0.45692	279	0	0
FAM98A__P1P2	8	0.4942	0.038951	0.104877	360	1	-1.331	0.85381	0.72438	1.0	590	0	0
POC1A__P1P2	8	0.50053	0.043126	0.114557	361	1	-1.3143	0.90956	0.85845	1.0	661	0	0
LCOR__P1P2	8	0.50188	0.043126	0.114557	362	1	-1.3205	0.04014	0.00023247	0.002237	100	1	2.0751
PPME1__P1P2	8	0.50233	0.043126	0.114557	363	1	-1.3648	0.83193	0.68699	1.0	563	0	0
HIST2H2BE__149857437	8	0.51211	0.043136	0.114557	364	1	-1.3022	0.77745	0.5601	1.0	493	0	0
NPDC1__P1P2	8	0.51299	0.043136	0.114557	365	1	-1.265	0.94424	0.92488	1.0	724	0	0
INTS10__P1P2	8	0.51562	0.046954	0.12371	366	1	-1.2721	0.82702	0.67044	1.0	558	0	0
TAF9__P1P2	8	0.51737	0.046964	0.12371	367	1	-1.2533	0.95805	0.95053	1.0	753	0	0
SKP2__P1P2	8	0.51955	0.046964	0.12371	368	1	-1.3164	0.99938	0.99994	1.0	913	0	0
CSDE1__P1P2	8	0.52474	0.05098	0.127083	369	1	-1.2392	0.86875	0.75725	1.0	610	0	0
FAM178A__P1P2	8	0.52646	0.05098	0.127083	370	1	-1.2904	0.83383	0.68861	1.0	567	0	0
CENPF__P1P2	8	0.52774	0.05098	0.127083	371	1	-1.2907	0.99837	0.99969	1.0	897	0	0
RIC8A__P2	8	0.52817	0.05098	0.127083	372	1	-1.2857	0.97508	0.97644	1.0	791	0	0
UBE2Q1__P1P2	8	0.5286	0.05098	0.127083	373	1	-1.2523	0.5099	0.13964	0.477908	283	0	0
SSR1__P1P2	8	0.52903	0.05098	0.127083	374	1	-1.2725	0.071188	0.0013404	0.010847	117	2	0.75146
WNT3A__P1P2	8	0.52988	0.05098	0.127083	375	1	-1.2683	0.71312	0.41739	0.922061	439	0	0
SUPT4H1__P1P2	8	0.53243	0.05098	0.127083	376	1	-1.2102	0.41309	0.069865	0.292751	221	0	0
PRMT7__P1P2	8	0.53286	0.05098	0.127083	377	0	0	0.62053	0.25026	0.648705	367	0	0
ANAPC7__P1P2	8	0.53497	0.05099	0.127083	378	0	0	0.87206	0.76209	1.0	613	0	0
TBC1D31__P1P2	8	0.53624	0.05099	0.127083	379	0	0	0.98469	0.98885	1.0	824	0	0
CTNNB1__P1P2	8	0.5375	0.05099	0.127083	380	0	0	0.99161	0.9955	1.0	851	0	0
SLC25A33__P1P2	8	0.53834	0.05099	0.127083	381	0	0	1.0	1.0	1.0	946	0	0
TRAPPC2L__P1P2	8	0.53876	0.05099	0.127083	382	0	0	0.99856	0.99974	1.0	899	0	0
C19orf43__P1P2	8	0.53918	0.05099	0.127083	383	0	0	0.85805	0.73287	1.0	598	0	0
HNRNPA2B1__P1P2	8	0.54044	0.05099	0.127083	384	0	0	0.8564	0.73014	1.0	595	0	0
HAX1__P1P2	8	0.54085	0.05099	0.127083	385	0	0	0.91467	0.86688	1.0	670	0	0
TPI1__P1P2	8	0.54127	0.05099	0.127083	386	0	0	0.9405	0.91759	1.0	717	0	0
ACLY__P1P2	8	0.54419	0.05099	0.127083	387	0	0	0.45034	0.0859	0.323625	251	0	0
ZEB2__P1	8	0.54502	0.05099	0.127083	388	0	0	0.81811	0.64883	1.0	546	0	0
TACC3__P1	8	0.54667	0.055659	0.135276	389	0	0	0.82325	0.66026	1.0	555	0	0
NONO__P1P2	8	0.54873	0.055659	0.135276	390	0	0	0.7732	0.54939	1.0	489	0	0
HCN2__P1P2	8	0.54997	0.055659	0.135276	391	0	0	0.79458	0.6053	1.0	508	0	0
CLK3__P2	8	0.55079	0.055659	0.135276	392	0	0	0.42642	0.077947	0.323625	234	0	0
POLE4__P1P2	8	0.55201	0.055659	0.135276	393	0	0	0.71807	0.43095	0.941303	442	0	0
ZMYM4__P1P2	11	0.55271	0.036251	0.099817	394	1	-1.522	0.41464	0.04184	0.219828	224	1	0.84127
ANLN__P1P2	8	0.55365	0.055669	0.135276	395	0	0	0.99743	0.9992	1.0	887	0	0
ZFAT__P1	8	0.55527	0.055669	0.135276	396	0	0	0.85056	0.71979	1.0	586	0	0
CCDC64__ENST00000397558.2	8	0.5573	0.055669	0.135276	397	0	0	0.93543	0.90736	1.0	704	0	0
HEATR3__P1P2	8	0.55771	0.055669	0.135276	398	0	0	0.9999	1.0	1.0	928	0	0
ARRDC4__P1P2	8	0.55811	0.055669	0.135276	399	0	0	0.96844	0.96542	1.0	774	0	0
PIGL__P1P2	8	0.56293	0.059606	0.136668	400	0	0	0.99756	0.99933	1.0	888	0	0
CWC27__P1P2	8	0.56413	0.059606	0.136668	401	0	0	0.82143	0.65694	1.0	552	0	0
HAUS8__P1P2	8	0.56732	0.059606	0.136668	402	0	0	0.68873	0.37842	0.871616	422	0	0
FAM3B__P1P2	8	0.56811	0.059606	0.136668	403	0	0	0.87477	0.76732	1.0	618	0	0
PSPH__P2	8	0.5693	0.059606	0.136668	404	0	0	0.91695	0.87147	1.0	676	0	0
MAD2L1BP__P1P2	8	0.57245	0.059606	0.136668	405	0	0	0.9952	0.99816	1.0	869	0	0
KIF18B__P1P2	8	0.57401	0.059606	0.136668	406	0	0	0.76566	0.53614	1.0	485	0	0
PTPRF__P1P2	8	0.57597	0.059606	0.136668	407	0	0	0.26665	0.021907	0.12905	155	1	0.90873
AP1G1__P1P2	8	0.57636	0.059606	0.136668	408	0	0	0.99906	0.99984	1.0	905	0	0
MID1IP1__P1P2	8	0.5783	0.059606	0.136668	409	0	0	0.9999	1.0	1.0	929	0	0
CHAF1A__P1P2	8	0.57985	0.059606	0.136668	410	0	0	0.88683	0.79855	1.0	632	0	0
TRAPPC13__P1P2	8	0.58216	0.059616	0.136668	411	0	0	0.98288	0.98687	1.0	815	0	0
ELMO3__P1P2	8	0.58293	0.059616	0.136668	412	0	0	0.98891	0.99301	1.0	839	0	0
SRCAP__P1P2	8	0.58331	0.059616	0.136668	413	0	0	0.87097	0.76087	1.0	612	0	0
GNE__P1P2	11	0.58441	0.047241	0.124103	414	1	-1.3808	0.82086	0.52819	1.0	551	0	0
NAA30__P1P2	8	0.58446	0.059616	0.136668	415	0	0	0.96959	0.96723	1.0	776	0	0
H2AFZ__P1P2	8	0.58561	0.059616	0.136668	416	0	0	0.94839	0.93275	1.0	731	0	0
HIVEP1__P1P2	8	0.58637	0.059616	0.136668	417	0	0	0.90895	0.85599	1.0	660	0	0
SMURF2__P1P2	8	0.58752	0.059616	0.136668	418	0	0	0.94894	0.93456	1.0	732	0	0
HUWE1__P1P2	8	0.5879	0.059616	0.136668	419	0	0	0.96638	0.96077	1.0	769	0	0
CCDC94__P1P2	8	0.5913	0.059616	0.136668	420	0	0	0.95669	0.94793	1.0	748	0	0
SNF8__P1P2	8	0.59431	0.059616	0.136668	421	0	0	0.88805	0.80501	1.0	633	0	0
NUDT15__P1P2	8	0.59842	0.059616	0.136668	422	0	0	0.97024	0.9683	1.0	777	0	0
PTBP1__P1P2	8	0.59879	0.059616	0.136668	423	0	0	0.56851	0.18758	0.5542	324	0	0
CDK10__P1P2	8	0.59953	0.059616	0.136668	424	0	0	0.99144	0.99537	1.0	849	0	0
EPC1__P1P2	8	0.60064	0.063217	0.142591	425	0	0	0.85775	0.73159	1.0	597	0	0
ZWILCH__P1P2	8	0.60138	0.063217	0.142591	426	0	0	0.96084	0.95317	1.0	759	0	0
FBXL14__P1P2	8	0.60175	0.063217	0.142591	427	0	0	0.76473	0.53613	1.0	483	0	0
GNB1__P1P2	8	0.60432	0.063217	0.142591	428	0	0	0.98413	0.98815	1.0	821	0	0
DNAJC2__P1P2	8	0.60469	0.063217	0.142591	429	0	0	0.99697	0.99914	1.0	883	0	0
ZBTB2__P1P2	8	0.60579	0.063227	0.142591	430	0	0	0.9581	0.95053	1.0	754	0	0
BCLAF1__P1P2	8	0.60798	0.063227	0.142591	431	0	0	0.99741	0.99919	1.0	886	0	0
USP44__P1	8	0.61016	0.067273	0.150689	432	0	0	0.94581	0.92803	1.0	727	0	0
FAM192A__P1P2	8	0.61052	0.067273	0.150689	433	0	0	0.91563	0.86862	1.0	674	0	0
CMC2__P1P2	8	0.61376	0.067283	0.150689	434	0	0	0.90041	0.83765	1.0	649	0	0
OBFC1__P1P2	8	0.61627	0.071181	0.158346	435	0	0	0.68122	0.36076	0.834902	420	0	0
TMED2__P1P2	8	0.61698	0.071181	0.158346	436	0	0	0.70471	0.40401	0.89862	435	0	0
BEND2__P1P2	8	0.61876	0.07119	0.158346	437	0	0	0.75429	0.51319	1.0	477	0	0
XKR8__P1P2	8	0.62159	0.075256	0.167007	438	0	0	0.99993	1.0	1.0	931	0	0
CAP1__P1P2	8	0.62545	0.079579	0.175399	439	0	0	0.61232	0.237	0.63989	358	0	0
SMARCA5__P1P2	8	0.62615	0.079579	0.175399	440	0	0	0.4345	0.081874	0.323625	240	0	0
PPP2R1A__P1	8	0.62685	0.079579	0.175399	441	0	0	0.49284	0.12812	0.45692	271	0	0
WDR89__P1P2	8	0.62789	0.083823	0.182173	442	0	0	0.99885	0.9998	1.0	900	0	0
FAM115C__143317820	8	0.62859	0.083833	0.182173	443	0	0	0.89421	0.81965	1.0	641	0	0
GLCE__P1P2	8	0.63032	0.087988	0.182173	444	0	0	0.44247	0.085891	0.323625	248	0	0
G3BP2__P1P2	8	0.63066	0.087988	0.182173	445	0	0	0.70978	0.41219	0.91264	438	0	0
RBM14-RBM4__P2	8	0.63239	0.087988	0.182173	446	0	0	0.94477	0.92596	1.0	725	0	0
ANKRA2__P1P2	8	0.63342	0.087988	0.182173	447	0	0	0.82161	0.65695	1.0	553	0	0
KPNA2__P1P2	8	0.63376	0.087988	0.182173	448	0	0	0.75015	0.50376	1.0	473	0	0
AK2__P1P2	8	0.63547	0.087988	0.182173	449	0	0	0.991	0.99487	1.0	848	0	0
SERBP1__P1P2	8	0.63615	0.087988	0.182173	450	0	0	0.66286	0.32196	0.774622	403	0	0
USP3__P1P2	8	0.64191	0.087988	0.182173	451	0	0	0.81341	0.64351	1.0	535	0	0
MMAB__P1P2	8	0.64291	0.087998	0.182173	452	0	0	0.99603	0.99865	1.0	877	0	0
INTS6__P1P2	8	0.64358	0.087998	0.182173	453	0	0	0.75574	0.51567	1.0	478	0	0
WDR7__P1P2	8	0.64824	0.087998	0.182173	454	0	0	0.99931	0.9999	1.0	909	0	0
DHRSX__P1P2	8	0.64891	0.087998	0.182173	455	0	0	0.99205	0.99578	1.0	853	0	0
LYRM7__P1P2	8	0.64924	0.087998	0.182173	456	0	0	0.99778	0.99947	1.0	890	0	0
DOT1L__P1P2	8	0.65121	0.087998	0.182173	457	0	0	0.00681	8.4085e-05	0.000997	77	3	0.88641
GRWD1__P1P2	8	0.65187	0.087998	0.182173	458	0	0	0.99393	0.99713	1.0	862	0	0
UBE2G2__P1P2	8	0.65252	0.087998	0.182173	459	0	0	0.88042	0.78556	1.0	623	0	0
TRABD__P1	8	0.6535	0.087998	0.182173	460	0	0	0.70043	0.39569	0.890302	431	0	0
MAGOHB__P1P2	8	0.65383	0.087998	0.182173	461	0	0	0.95794	0.95053	1.0	752	0	0
ERC1__P1P2	8	0.65448	0.087998	0.182173	462	0	0	0.3753	0.053602	0.251695	203	1	0.7346
FZR1__P1P2	8	0.65676	0.092014	0.182173	463	0	0	0.31669	0.025923	0.143984	174	1	0.81927
RAD51AP1__P1P2	8	0.65708	0.092014	0.182173	464	0	0	0.94833	0.93274	1.0	730	0	0
GPATCH8__P1P2	8	0.65998	0.092014	0.182173	465	0	0	0.41465	0.069865	0.292751	225	0	0
TUFM__28856875	8	0.66062	0.092014	0.182173	466	0	0	0.71588	0.42546	0.93774	440	0	0
UBE2L3__P1P2	8	0.66126	0.092014	0.182173	467	0	0	0.77944	0.56222	1.0	496	0	0
HMGCS1__P1P2	8	0.66158	0.092014	0.182173	468	0	0	0.99759	0.99936	1.0	889	0	0
UBE2D3__P1P2	8	0.66222	0.092014	0.182173	469	0	0	0.94664	0.92928	1.0	728	0	0
CSNK2A1__P1P2	8	0.66286	0.092014	0.182173	470	0	0	7.082e-11	4.9462e-06	6.7e-05	8	6	1.6731
ARHGEF5__144052240	8	0.66824	0.092014	0.182173	471	0	0	0.51911	0.14359	0.482948	288	0	0
CPNE1__P1P2	8	0.66856	0.092014	0.182173	472	0	0	1.1334e-07	4.9462e-06	6.7e-05	25	5	1.638
ATM__P1P2	8	0.66919	0.092024	0.182173	473	0	0	0.8722	0.76209	1.0	614	0	0
PHC1__P1P2	8	0.66981	0.092024	0.182173	474	0	0	0.79643	0.61156	1.0	512	0	0
WDR82__P1P2	8	0.67075	0.092024	0.182173	475	0	0	0.77679	0.5601	1.0	492	0	0
XPC__P1	8	0.67231	0.092024	0.182173	476	0	0	0.56133	0.18081	0.547493	318	0	0
RUNX1T1__P2	8	0.67262	0.092024	0.182173	477	0	0	0.98398	0.98786	1.0	819	0	0
ESYT1__P2	8	0.67324	0.092024	0.182173	478	0	0	0.9961	0.99868	1.0	879	0	0
RHOG__P1P2	8	0.67355	0.092024	0.182173	479	0	0	0.9978	0.99948	1.0	891	0	0
TCTN2__P1P2	8	0.67417	0.092024	0.182173	480	0	0	0.62335	0.25027	0.648705	371	0	0
SENP2__P1P2	8	0.67448	0.092024	0.182173	481	0	0	0.84434	0.70684	1.0	577	0	0
CAB39__P1P2	8	0.67602	0.092024	0.182173	482	0	0	0.55242	0.17305	0.53399	309	0	0
ARHGEF2__P1P2	8	0.67694	0.092024	0.182173	483	0	0	0.64791	0.29317	0.721409	391	0	0
NABP2__P1	8	0.67878	0.092024	0.182173	484	0	0	0.88866	0.80502	1.0	634	0	0
ZNF121__P1P2	8	0.6797	0.092024	0.182173	485	0	0	0.73813	0.47447	0.98127	461	0	0
OXR1__ENST00000312046.6	8	0.68031	0.092024	0.182173	486	0	0	0.99834	0.99969	1.0	896	0	0
MESDC2__P1P2	8	0.68061	0.092024	0.182173	487	0	0	0.91116	0.86094	1.0	663	0	0
CCS__P1P2	8	0.68092	0.092024	0.182173	488	0	0	0.99994	1.0	1.0	933	0	0
PLA2G7__P1P2	8	0.68122	0.092024	0.182173	489	0	0	0.97502	0.97626	1.0	790	0	0
HSPA14__P1P2	8	0.68152	0.092024	0.182173	490	0	0	0.97129	0.97002	1.0	782	0	0
PDS5A__P1P2	8	0.68364	0.10024	0.196863	491	0	0	0.98243	0.98631	1.0	813	0	0
NEK2__P1P2	8	0.68424	0.10024	0.196863	492	0	0	0.91926	0.87792	1.0	678	0	0
FNIP1__P1P2	8	0.68544	0.10025	0.196863	493	0	0	0.93284	0.90243	1.0	701	0	0
POC1B__P1P2	8	0.68754	0.10025	0.196863	494	0	0	0.99202	0.99574	1.0	852	0	0
CNKSR3__P1P2	8	0.68903	0.10441	0.204608	495	0	0	0.41413	0.069865	0.292751	223	0	0
MUT__P1P2	11	0.69145	0.081498	0.179223	496	0	0	0.66725	0.23236	0.634413	409	0	0
CISD1__P1P2	8	0.69316	0.10829	0.210109	497	0	0	0.7952	0.60953	1.0	509	0	0
KLF5__P1P2	8	0.69346	0.10829	0.210109	498	0	0	0.99899	0.99982	1.0	903	0	0
SNRPB2__P1P2	8	0.69375	0.1083	0.210109	499	0	0	0.9944	0.9975	1.0	863	0	0
UFC1__P1P2	8	0.69404	0.1083	0.210109	500	0	0	0.28778	0.021907	0.12905	159	1	0.87586
VEZF1__P1P2	8	0.69433	0.1083	0.210109	501	0	0	0.97896	0.98189	1.0	805	0	0
DR1__P1P2	8	0.69725	0.11262	0.215929	502	0	0	0.81455	0.64352	1.0	538	0	0
SNAP29__P1P2	8	0.69783	0.11262	0.215929	503	0	0	0.99012	0.99401	1.0	845	0	0
ASUN__P1P2	8	0.69841	0.11262	0.215929	504	0	0	0.34629	0.04552	0.226948	185	1	0.79033
PRCP__P1	8	0.69956	0.11263	0.215929	505	0	0	0.95952	0.95165	1.0	758	0	0
RNF8__P1P2	8	0.69985	0.11263	0.215929	506	0	0	0.99928	0.9999	1.0	907	0	0
PPP2CA__P1P2	8	0.70071	0.11263	0.215929	507	0	0	0.84596	0.71116	1.0	582	0	0
GATA3__P1P2	8	0.70186	0.11669	0.221972	508	0	0	0.63819	0.27342	0.690297	384	0	0
ICMT__P1P2	8	0.70215	0.11669	0.221972	509	0	0	0.87795	0.77607	1.0	620	0	0
C14orf169__P1P2	8	0.70243	0.1167	0.221972	510	0	0	0.99996	1.0	1.0	935	0	0
RAD21__P1P2	8	0.70357	0.1167	0.221972	511	0	0	0.52172	0.1473	0.487032	291	0	0
TTC3__P1P2	8	0.70669	0.12025	0.228281	512	0	0	0.17517	0.013904	0.095172	143	1	1.168
FAR1__P1P2	8	0.70866	0.12403	0.231406	513	0	0	0.90845	0.85501	1.0	659	0	0
ANP32B__P1P2	8	0.71062	0.12403	0.231406	514	0	0	0.0092179	9.3978e-05	0.001026	86	3	0.93977
USP48__P1P2	8	0.71174	0.12403	0.231406	515	0	0	0.085967	0.0056535	0.041948	131	2	0.72799
AES__P1P2	8	0.7134	0.12403	0.231406	516	0	0	0.58023	0.2021	0.57949	334	0	0
ZNF462__P1P2	8	0.71395	0.12403	0.231406	517	0	0	0.80841	0.63456	1.0	531	0	0
PAN3__P1P2	8	0.7156	0.12403	0.231406	518	0	0	0.73634	0.47188	0.98127	460	0	0
IFT88__P1P2	8	0.72078	0.12404	0.231406	519	0	0	0.4365	0.085891	0.323625	242	0	0
ARHGEF18__P1P2	8	0.72105	0.12404	0.231406	520	0	0	0.78808	0.58874	1.0	503	0	0
FNBP4__P1P2	8	0.72132	0.12404	0.231406	521	0	0	0.9704	0.96889	1.0	778	0	0
SOX4__P1	8	0.72428	0.12789	0.237812	522	0	0	0.63032	0.25709	0.661109	375	0	0
SAP30__P1P2	8	0.72588	0.13205	0.237812	523	0	0	0.98233	0.98619	1.0	811	0	0
CWC25__P1P2	8	0.72641	0.13205	0.237812	524	0	0	0.67137	0.3435	0.81236	411	0	0
ADD1__P1P2	8	0.73011	0.13205	0.237812	525	0	0	0.36428	0.053592	0.251695	197	1	0.75104
CYFIP2__P1P2	8	0.73037	0.13205	0.237812	526	0	0	0.48964	0.12425	0.447311	269	0	0
CHEK2__P1P2	8	0.73194	0.13205	0.237812	527	0	0	0.43849	0.085891	0.323625	244	0	0
PTPN20A__46639859	8	0.7335	0.13205	0.237812	528	0	0	0.67386	0.34658	0.813743	413	0	0
PLEKHG2__P1P2	8	0.73453	0.13205	0.237812	529	0	0	0.98758	0.99149	1.0	833	0	0
TRAPPC6B__P1P2	8	0.73557	0.13205	0.237812	530	0	0	0.98563	0.98982	1.0	826	0	0
GMEB1__P1P2	8	0.7366	0.13206	0.237812	531	0	0	0.45956	0.0859	0.323625	257	0	0
GPBP1__P1P2	8	0.73685	0.13206	0.237812	532	0	0	0.97645	0.97786	1.0	796	0	0
EMD__P1P2	8	0.73737	0.13206	0.237812	533	0	0	0.63615	0.27036	0.68794	381	0	0
TP53BP1__P1	8	0.7389	0.13206	0.237812	534	0	0	0.8761	0.77331	1.0	619	0	0
TICAM2__P2	8	0.74068	0.13206	0.237812	535	0	0	0.70272	0.40133	0.89862	433	0	0
PRKCI__P1P2	8	0.7427	0.13206	0.237812	536	0	0	0.98167	0.98534	1.0	808	0	0
PCNXL3__P1P2	8	0.74295	0.13206	0.237812	537	0	0	0.91185	0.86246	1.0	665	0	0
ASXL2__P1P2	8	0.74446	0.13206	0.237812	538	0	0	0.97617	0.9773	1.0	794	0	0
SLX1A__30205037	8	0.7457	0.13206	0.237812	539	0	0	0.99447	0.99756	1.0	864	0	0
DPF2__P1	8	0.7472	0.13578	0.237812	540	0	0	0.92526	0.88446	1.0	692	0	0
DCAF4__P1P2	8	0.74942	0.13578	0.237812	541	0	0	0.78787	0.58873	1.0	502	0	0
PSMG3__P2	8	0.7504	0.13578	0.237812	542	0	0	0.39366	0.061941	0.273711	212	1	0.71838
RBM34__P1P2	8	0.75064	0.13578	0.237812	543	0	0	0.83656	0.69325	1.0	570	0	0
VPS9D1__P1P2	8	0.75089	0.13578	0.237812	544	0	0	0.289	0.021907	0.12905	161	1	0.89294
COPE__P1P2	8	0.75381	0.13578	0.237812	545	0	0	0.8588	0.73288	1.0	599	0	0
ACAT2__P1P2	8	0.75454	0.13578	0.237812	546	0	0	0.98852	0.99265	1.0	836	0	0
GNA13__P1P2	8	0.75574	0.13578	0.237812	547	0	0	0.45278	0.0859	0.323625	252	0	0
AKAP10__P1P2	8	0.75813	0.13579	0.237812	548	0	0	0.8007	0.62127	1.0	517	0	0
PIH1D1__P1P2	8	0.75956	0.13579	0.237812	549	0	0	0.94106	0.9176	1.0	720	0	0
SMARCAL1__P1P2	8	0.76122	0.13579	0.237812	550	0	0	0.92124	0.88059	1.0	683	0	0
HSPA4__P1P2	8	0.76169	0.13579	0.237812	551	0	0	0.00025107	4.9462e-06	6.7e-05	57	4	1.033
SLC25A46__P1P2	8	0.76263	0.13579	0.237812	552	0	0	0.64291	0.28008	0.69804	387	0	0
EXOSC1__P1P2	8	0.76286	0.13579	0.237812	553	0	0	0.81208	0.63968	1.0	534	0	0
KMT2D__P1P2	8	0.7638	0.13579	0.237812	554	0	0	0.8153	0.64546	1.0	540	0	0
ZNF296__P1P2	8	0.7645	0.13579	0.237812	555	0	0	0.84564	0.7098	1.0	581	0	0
CDK4__P1P2	8	0.76659	0.13949	0.242561	556	0	0	0.98864	0.99275	1.0	838	0	0
C20orf196__P1P2	8	0.76889	0.13949	0.242561	557	0	0	0.92877	0.89359	1.0	697	0	0
WDR37__P1P2	8	0.76957	0.13949	0.242561	558	0	0	0.42133	0.069875	0.292751	231	0	0
RAD17__P1P2	8	0.7741	0.1395	0.242561	559	0	0	0.38021	0.053602	0.251695	204	1	0.74837
DCP1A__P1P2	8	0.775	0.14358	0.246159	560	0	0	0.82861	0.67876	1.0	559	0	0
RBM47__P1P2	8	0.77523	0.14358	0.246159	561	0	0	0.98417	0.98816	1.0	822	0	0
PPP2R5C__P1P2	8	0.77701	0.14358	0.246159	562	0	0	0.97419	0.97439	1.0	789	0	0
ZNF236__P1P2	8	0.77789	0.14359	0.246159	563	0	0	0.74245	0.47448	0.98127	467	0	0
SLX1B__29465621	8	0.77856	0.14359	0.246159	564	0	0	0.59356	0.20922	0.589451	343	0	0
OPRD1__P1P2	8	0.779	0.14359	0.246159	565	0	0	0.8023	0.62328	1.0	523	0	0
C1D__P1P2	8	0.77988	0.14359	0.246159	566	0	0	0.99934	0.99992	1.0	910	0	0
GAPVD1__P1P2	8	0.78032	0.14359	0.246159	567	0	0	0.91146	0.86094	1.0	664	0	0
CORIN__P1P2	8	0.78163	0.14694	0.251022	568	0	0	0.89247	0.81591	1.0	639	0	0
PIGB__P1P2	8	0.78272	0.14695	0.251022	569	0	0	0.96279	0.95619	1.0	761	0	0
LSM12__P1P2	8	0.79292	0.17725	0.29964	570	0	0	0.19723	0.017999	0.11908	144	1	1.0982
RSPRY1__P1P2	8	0.79334	0.17725	0.29964	571	0	0	0.87315	0.7621	1.0	617	0	0
PLOD3__P1P2	8	0.79396	0.17725	0.29964	572	0	0	0.54294	0.16602	0.520642	304	0	0
MIR205HG__P2	8	0.79643	0.17726	0.29964	573	0	0	0.72267	0.44624	0.968181	447	0	0
FOXK1__P1P2	8	0.79746	0.17726	0.29964	574	0	0	0.94503	0.92597	1.0	726	0	0
CCDC77__P2	8	0.79908	0.18493	0.312074	575	0	0	0.97966	0.9829	1.0	807	0	0
FAM83H__P1P2	8	0.8017	0.19166	0.322865	576	0	0	0.046412	0.00034129	0.003252	102	2	1.2001
SNAI1__P1P2	8	0.8027	0.19508	0.326385	577	0	0	0.60615	0.23009	0.630024	353	0	0
UBE2C__P1P2	8	0.8039	0.19508	0.326385	578	0	0	0.96465	0.95879	1.0	764	0	0
ZNF460__P1P2	8	0.80409	0.19508	0.326385	579	0	0	0.86735	0.75447	1.0	609	0	0
CTIF__P1P2	8	0.80449	0.19509	0.326385	580	0	0	0.42184	0.069875	0.292751	232	0	0
ROCK1__18690984	8	0.80724	0.19895	0.331146	581	0	0	0.78702	0.58639	1.0	501	0	0
MLF1IP__P1P2	8	0.80783	0.19896	0.331146	582	0	0	0.38992	0.057776	0.266155	209	1	0.72
PRKRIR__P1P2	8	0.80958	0.20239	0.334016	583	0	0	0.054916	0.00075677	0.006687	107	2	0.81578
SERTAD1__P1P2	8	0.80977	0.20239	0.334016	584	0	0	0.55324	0.17305	0.53399	310	0	0
TNKS2__P1P2	8	0.81189	0.2024	0.334016	585	0	0	0.9583	0.95054	1.0	755	0	0
TERF1__P1P2	8	0.81208	0.2024	0.334016	586	0	0	0.36372	0.053592	0.251695	196	1	0.75745
UBE2E2__P1P2	8	0.81246	0.2024	0.334016	587	0	0	0.91381	0.86618	1.0	666	0	0
DNAJC3__P1P2	8	0.81341	0.20911	0.343917	588	0	0	0.96232	0.95523	1.0	760	0	0
DMRT3__P1P2	8	0.8136	0.20911	0.343917	589	0	0	0.56652	0.18757	0.5542	322	0	0
TMTC2__P1P2	8	0.81568	0.21299	0.347956	590	0	0	0.94243	0.91999	1.0	723	0	0
UFL1__P1P2	8	0.81755	0.213	0.347956	591	0	0	0.0027703	4.9462e-06	6.7e-05	69	3	1.0114
HDAC8__P1P2	8	0.81792	0.213	0.347956	592	0	0	0.080852	0.0017757	0.013559	123	2	0.88936
NKRF__P1P2	8	0.81811	0.213	0.347956	593	0	0	0.90226	0.84196	1.0	652	0	0
NEUROD1__P1P2	8	0.82361	0.22994	0.375008	594	0	0	0.85473	0.72439	1.0	592	0	0
HIST1H2AB__P1P2	8	0.82755	0.24399	0.396586	595	0	0	0.88485	0.79556	1.0	629	0	0
AP3B1__P1P2	8	0.82843	0.24701	0.400152	596	0	0	0.52128	0.1473	0.487032	290	0	0
EVI5__P1P2	8	0.82861	0.24701	0.400152	597	0	0	0.56533	0.18757	0.5542	320	0	0
DSCR3__P1P2	8	0.82896	0.25069	0.405438	598	0	0	0.77208	0.54938	1.0	488	0	0
PRR14L__P1P2	8	0.83124	0.25458	0.409697	599	0	0	0.61805	0.25026	0.648705	363	0	0
NPM1__P1P2	8	0.83141	0.25458	0.409697	600	0	0	0.84041	0.69955	1.0	573	0	0
PPP1R16B__P1P2	8	0.83176	0.25459	0.409697	601	0	0	0.57087	0.19131	0.558457	328	0	0
SPRR2G__P1P2	8	0.83211	0.25819	0.414805	602	0	0	0.74942	0.50375	1.0	472	0	0
ATP12A__P1P2	8	0.83297	0.26457	0.423655	603	0	0	0.41825	0.069875	0.292751	229	0	0
PINK1__P1P2	8	0.83314	0.26457	0.423655	604	0	0	0.84819	0.71442	1.0	584	0	0
CALU__P1P2	8	0.83807	0.27831	0.444194	605	0	0	0.97885	0.98188	1.0	804	0	0
KCTD3__P1P2	8	0.83874	0.28139	0.448384	606	0	0	0.31551	0.025923	0.143984	173	1	0.84819
GAL__P1P2	8	0.84008	0.28797	0.458116	607	0	0	0.54543	0.16602	0.520642	307	0	0
HEXIM1__P1P2	8	0.84058	0.29099	0.462159	608	0	0	0.76027	0.51807	1.0	482	0	0
ATG16L1__P1P2	8	0.84189	0.29406	0.465524	609	0	0	0.86945	0.75979	1.0	611	0	0
BTAF1__P1P2	8	0.84222	0.29407	0.465524	610	0	0	0.73557	0.47188	0.98127	458	0	0
HES1__P1P2	8	0.84288	0.29728	0.468325	611	0	0	0.4557	0.0859	0.323625	253	0	0
STX4__P1P2	8	0.84304	0.29728	0.468325	612	0	0	0.38938	0.057776	0.266155	208	1	0.74003
TRIM24__P1P2	8	0.8432	0.29728	0.468325	613	0	0	0.98482	0.98895	1.0	825	0	0
ZMIZ1__P1P2	11	0.84618	0.17667	0.29964	614	0	0	0.76533	0.38891	0.883752	484	0	0
TMEM81__ENST00000367167.3	8	0.84724	0.30681	0.481771	615	0	0	0.098271	0.0099765	0.071902	132	1	1.4978
GNG4__P1P2	8	0.84772	0.30681	0.481771	616	0	0	0.54211	0.16601	0.520642	303	0	0
DCPS__P1P2	8	0.85024	0.31286	0.490485	617	0	0	0.91448	0.86688	1.0	668	0	0
RBM15__110881839	8	0.85381	0.33438	0.520038	618	0	0	3.7203e-05	4.9462e-06	6.7e-05	50	3	2.0536
PTPN20A__46619211	8	0.85412	0.33438	0.520038	619	0	0	0.83639	0.69324	1.0	569	0	0
NAIP__70315936	8	0.85442	0.33439	0.520038	620	0	0	0.79437	0.6053	1.0	507	0	0
KIFC1__P1P2	8	0.85458	0.33439	0.520038	621	0	0	0.98236	0.9862	1.0	812	0	0
PLCG1__P1P2	8	0.85519	0.33439	0.520038	622	0	0	0.017509	0.00015333	0.001638	90	2	1.1324
LHFP__P1P2	8	0.8561	0.34027	0.525008	623	0	0	0.20334	0.018009	0.11908	146	1	1.0815
MLLT4__P1P2	8	0.85625	0.34027	0.525008	624	0	0	0.81587	0.64547	1.0	542	0	0
ILF3__P1P2	8	0.85715	0.34027	0.525008	625	0	0	0.93852	0.91311	1.0	712	0	0
CLDN3__P1P2	8	0.8573	0.34028	0.525008	626	0	0	0.29814	0.025913	0.143984	166	1	0.85643
EYA3__P1P2	8	0.8576	0.34028	0.525008	627	0	0	0.80409	0.62329	1.0	526	0	0
ATRN__P1P2	8	0.85969	0.34589	0.531988	628	0	0	0.92071	0.88058	1.0	682	0	0
DCUN1D1__P1P2	8	0.86057	0.3459	0.531988	629	0	0	0.66477	0.325	0.776165	406	0	0
FAM115A__143598483	8	0.86116	0.34893	0.533283	630	0	0	0.67848	0.35486	0.827165	417	0	0
MED12__P1P2	8	0.86146	0.34893	0.533283	631	0	0	0.0083516	9.3978e-05	0.001026	85	3	1.0508
PFDN1__P1P2	8	0.86262	0.34894	0.533283	632	0	0	0.9707	0.9689	1.0	780	0	0
RSPH3__P1P2	8	0.86335	0.35172	0.535862	633	0	0	0.85396	0.72438	1.0	591	0	0
KIDINS220__P1P2	8	0.86378	0.35173	0.535862	634	0	0	0.82216	0.66025	1.0	554	0	0
HIGD2A__P1P2	8	0.86421	0.35459	0.536866	635	0	0	0.69463	0.39005	0.883752	428	0	0
UBE2S__P1P2	8	0.86493	0.35459	0.536866	636	0	0	0.6911	0.38423	0.88084	424	0	0
CREBBP__P1P2	8	0.86522	0.3546	0.536866	637	0	0	0.20131	0.017999	0.11908	145	1	1.0895
PATL1__P1P2	8	0.86579	0.3546	0.536866	638	0	0	0.68061	0.36076	0.834902	418	0	0
CNR1__P1P2	8	0.86636	0.35759	0.540563	639	0	0	0.7427	0.47448	0.98127	468	0	0
PAXIP1__P1P2	8	0.86749	0.36085	0.544635	640	0	0	0.95912	0.95139	1.0	757	0	0
FOXK2__P1P2	8	0.86791	0.3636	0.546256	641	0	0	0.90524	0.84607	1.0	656	0	0
SMCHD1__P1P2	8	0.86805	0.3636	0.546256	642	0	0	0.29995	0.025913	0.143984	167	1	0.8463
PURB__P1P2	8	0.86819	0.36361	0.546256	643	0	0	0.97778	0.98051	1.0	801	0	0
KIF22__P1	8	0.86945	0.36664	0.548262	644	0	0	0.94777	0.93165	1.0	729	0	0
UBE2E3__P1P2	8	0.86972	0.36664	0.548262	645	0	0	0.90107	0.83946	1.0	650	0	0
MKI67__P1P2	8	0.86986	0.36664	0.548262	646	0	0	0.94979	0.93602	1.0	733	0	0
LYPLA2__P1P2	8	0.87069	0.37235	0.555957	647	0	0	0.83314	0.6886	1.0	566	0	0
C19orf53__P1P2	8	0.87179	0.378	0.561816	648	0	0	0.73864	0.47447	0.98127	462	0	0
RANBP2__109335729	8	0.8722	0.378	0.561816	649	0	0	0.82896	0.67877	1.0	561	0	0
OCLN__68788394	8	0.87302	0.37801	0.561816	650	0	0	0.55609	0.17305	0.53399	313	0	0
MCTS1__P1P2	8	0.87437	0.38066	0.564893	651	0	0	0.9398	0.91475	1.0	715	0	0
SURF2__P1P2	11	0.87641	0.19593	0.327229	652	0	0	0.047197	0.00049956	0.004581	103	1	2.2029
ZCCHC8__P1P2	8	0.87834	0.39768	0.589243	653	0	0	0.069583	0.0013404	0.010847	116	2	0.807
ASPM__P1P2	8	0.88106	0.40863	0.601814	654	0	0	0.87288	0.7621	1.0	616	0	0
VGLL3__P1P2	8	0.88132	0.40863	0.601814	655	0	0	0.02776	0.00022258	0.002237	93	2	1.0677
CACHD1__P1P2	8	0.88183	0.40864	0.601814	656	0	0	0.0057865	2.4731e-05	0.000325	73	3	0.88027
NDUFS4__P1P2	8	0.88435	0.42565	0.62405	657	0	0	0.66919	0.33746	0.800035	410	0	0
ZNF43__P1	8	0.88448	0.42565	0.62405	658	0	0	0.92795	0.89117	1.0	695	0	0
RTKN2__P1P2	8	0.88535	0.42566	0.62405	659	0	0	0.72853	0.45421	0.974603	451	0	0
PHF8__P1P2	11	0.88574	0.23464	0.38203	660	0	0	0.99955	0.99994	1.0	919	0	0
FCGR1B__120935150	8	0.88597	0.431	0.629035	661	0	0	0.80508	0.62722	1.0	528	0	0
AEN__P1P2	8	0.88634	0.431	0.629035	662	0	0	0.73531	0.47187	0.98127	457	0	0
AUNIP__P1P2	8	0.88683	0.43101	0.629035	663	0	0	0.29023	0.021907	0.12905	162	1	0.89115
PRSS40A__131328218	8	0.88805	0.43639	0.635934	664	0	0	0.59581	0.21276	0.597696	345	0	0
LTN1__P1P2	8	0.8895	0.44979	0.654487	665	0	0	0.55568	0.17305	0.53399	312	0	0
TP53__P1P2	8	0.89081	0.45791	0.665308	666	0	0	0.85534	0.72439	1.0	593	0	0
HRAS__P1	8	0.89247	0.46765	0.675427	667	0	0	0.6237	0.25027	0.648705	372	0	0
MTCH2__P1P2	8	0.89282	0.46765	0.675427	668	0	0	0.61519	0.24346	0.648705	360	0	0
PHYH__P1P2	8	0.89317	0.46766	0.675427	669	0	0	0.73479	0.47187	0.98127	456	0	0
USP28__P1P2	8	0.8934	0.46766	0.675427	670	0	0	0.95358	0.94196	1.0	741	0	0
JMJD1C__P1P2	8	0.89445	0.46994	0.677721	671	0	0	0.86262	0.74483	1.0	606	0	0
IBTK__P1	8	0.89628	0.47725	0.685228	672	0	0	0.70186	0.39859	0.894753	432	0	0
NCF1__74188108	8	0.89684	0.47726	0.685228	673	0	0	0.90482	0.84545	1.0	655	0	0
HELLS__P1P2	8	0.89707	0.47726	0.685228	674	0	0	0.98459	0.98875	1.0	823	0	0
EVX2__P1P2	11	0.89733	0.26645	0.425963	675	0	0	0.84493	0.58763	1.0	578	0	0
NCOA6__P1P2	8	0.89875	0.48964	0.701959	676	0	0	0.74068	0.47448	0.98127	465	0	0
CCDC137__P1P2	8	0.89975	0.49434	0.707651	677	0	0	0.79664	0.61156	1.0	513	0	0
PRC1__P1P2	8	0.90107	0.50151	0.71581	678	0	0	0.99255	0.99606	1.0	855	0	0
GDF7__P1P2	8	0.90128	0.50151	0.71581	679	0	0	0.73402	0.46954	0.98127	454	0	0
CFC1B__131278628	8	0.90172	0.50676	0.722247	680	0	0	0.93276	0.90243	1.0	700	0	0
ZNF286A__15602675	8	0.90387	0.51636	0.734845	681	0	0	0.80822	0.63456	1.0	530	0	0
C14orf119__P1P2	8	0.90418	0.51866	0.737046	682	0	0	0.60212	0.22652	0.625505	349	0	0
MDM4__P1P2	8	0.90513	0.52077	0.73896	683	0	0	0.3665	0.053592	0.251695	199	1	0.76384
ZNF655__P1P2	8	0.90597	0.52544	0.744498	684	0	0	0.41774	0.069875	0.292751	228	0	0
GPRIN2__46993345	8	0.90691	0.53457	0.756333	685	0	0	0.72905	0.45421	0.974603	452	0	0
DYNC1LI1__P1P2	8	0.91016	0.55461	0.782412	686	0	0	0.91496	0.86689	1.0	671	0	0
PAPPA__P1P2	8	0.91026	0.55461	0.782412	687	0	0	0.93566	0.90793	1.0	705	0	0
POLE3__P1P2	8	0.91056	0.5569	0.784497	688	0	0	0.7272	0.45131	0.9727	449	0	0
PTPN20A__46640202	8	0.91176	0.56514	0.794953	689	0	0	0.57284	0.19132	0.558457	331	0	0
CEP128__P1P2	8	0.91225	0.5671	0.796555	690	0	0	0.97213	0.97151	1.0	783	0	0
CD8B__87088218	8	0.91274	0.5712	0.801164	691	0	0	0.84091	0.70094	1.0	574	0	0
GTF2IRD2__74267046	8	0.91293	0.57341	0.801944	692	0	0	0.93229	0.90194	1.0	699	0	0
TTLL10__P1	8	0.91332	0.57341	0.801944	693	0	0	0.60249	0.22652	0.625505	350	0	0
MYSM1__P1P2	8	0.91419	0.57525	0.802222	694	0	0	0.68092	0.36076	0.834902	419	0	0
ZFC3H1__P1P2	8	0.91429	0.57526	0.802222	695	0	0	0.35083	0.04553	0.226948	188	1	0.75683
HOXC4__ENST00000430889.2	8	0.91486	0.57938	0.806818	696	0	0	0.90008	0.83765	1.0	648	0	0
C21orf58__P1	8	0.91591	0.58138	0.808442	697	0	0	0.9383	0.91258	1.0	711	0	0
CXorf56__P1P2	11	0.91619	0.34717	0.533092	698	0	0	9.0023e-08	4.9462e-06	6.7e-05	24	6	1.25
OGFR__P1P2	8	0.91648	0.58719	0.814201	699	0	0	0.6134	0.237	0.63989	359	0	0
CORO1B__67206891	8	0.91723	0.5872	0.814201	700	0	0	0.81848	0.64883	1.0	547	0	0
DCUN1D3__P1P2	8	0.91889	0.60025	0.828774	701	0	0	0.43047	0.081864	0.323625	237	0	0
SNRNP40__P1P2	8	0.91907	0.60026	0.828774	702	0	0	0.53243	0.15875	0.514375	298	0	0
CSTF2__P1P2	8	0.91926	0.60026	0.828774	703	0	0	0.77767	0.5601	1.0	494	0	0
FKBPL__P1P2	8	0.92007	0.60431	0.833176	704	0	0	0.67355	0.34658	0.813743	412	0	0
DUSP22__292259	8	0.92124	0.60816	0.837294	705	0	0	0.27355	0.021907	0.12905	157	1	0.89806
LNP1__P1P2	8	0.92195	0.6141	0.843105	706	0	0	0.0064813	8.4085e-05	0.000997	76	3	0.8679
MPHOSPH8__P1	8	0.92204	0.61411	0.843105	707	0	0	0.83263	0.687	1.0	565	0	0
KIAA1429__P1P2	8	0.92266	0.61816	0.847463	708	0	0	1.2996e-06	4.9462e-06	6.7e-05	36	5	1.7129
MED25__P1P2	8	0.92354	0.62009	0.84891	709	0	0	0.0071006	8.4085e-05	0.000997	78	3	1.2575
MDM2__P1P2	8	0.92432	0.624	0.853058	710	0	0	0.69228	0.39004	0.883752	425	0	0
PCGF2__P1	8	0.92449	0.62562	0.854074	711	0	0	0.52085	0.1473	0.487032	289	0	0
FRMPD2__49481953	8	0.92569	0.63277	0.862627	712	0	0	0.36261	0.053592	0.251695	195	1	0.86402
HNRNPUL1__P1P2	11	0.9261	0.40224	0.595093	713	0	0	0.33395	0.030721	0.164976	183	1	0.93139
AGO1__36348590	8	0.92611	0.63464	0.863388	714	0	0	0.92509	0.88446	1.0	691	0	0
DDRGK1__P1P2	8	0.92753	0.64344	0.873503	715	0	0	4.8536e-07	4.9462e-06	6.7e-05	29	6	1.0312
TMX2__P1P2	8	0.92877	0.65394	0.886513	716	0	0	0.31135	0.025923	0.143984	172	1	0.83413
RPL28__P1P2	8	0.93015	0.6605	0.892927	717	0	0	0.40108	0.061951	0.273711	215	1	0.71671
ZNF710__P1P2	8	0.93023	0.66051	0.892927	718	0	0	0.24884	0.021897	0.12905	151	1	0.97714
CABIN1__P1P2	8	0.93047	0.66233	0.894144	719	0	0	0.49783	0.13161	0.45692	272	0	0
SRGAP2__206636520	8	0.93166	0.66911	0.899383	720	0	0	0.69927	0.39569	0.890302	430	0	0
CTXN1__P1P2	8	0.93252	0.67083	0.899383	721	0	0	0.41979	0.069875	0.292751	230	0	0
RNF168__P1P2	8	0.9326	0.67083	0.899383	722	0	0	0.55892	0.1808	0.547493	315	0	0
LOC643037__P1P2	8	0.93322	0.67084	0.899383	723	0	0	0.12065	0.013894	0.095172	136	1	1.3351
SUB1__P1	8	0.9333	0.67084	0.899383	724	0	0	0.8009	0.62128	1.0	518	0	0
NOTCH2NL__145208892	8	0.93407	0.67565	0.904594	725	0	0	0.84499	0.70818	1.0	579	0	0
PTPN20B__48826780	8	0.93437	0.67898	0.907794	726	0	0	0.61876	0.25026	0.648705	364	0	0
TMEM229B__P1	8	0.93513	0.68213	0.910761	727	0	0	0.7925	0.59966	1.0	504	0	0
ATF7IP__P1	8	0.93536	0.68383	0.91178	728	0	0	0.86204	0.74357	1.0	605	0	0
TTC23L__P1P2	8	0.93648	0.68991	0.918618	729	0	0	0.40842	0.065839	0.289571	220	0	0
ATP6AP2__P1P2	8	0.93662	0.69142	0.919374	730	0	0	0.31965	0.029761	0.160764	176	1	0.82799
KAT6B__P1P2	8	0.93729	0.69429	0.921928	731	0	0	0.42845	0.081864	0.323625	236	0	0
RPS4Y1__P1P2	8	0.93859	0.69922	0.927202	732	0	0	0.705	0.40401	0.89862	436	0	0
SOS1__P1P2	8	0.93966	0.70593	0.934834	733	0	0	0.50724	0.13963	0.477908	282	0	0
PDZK1__145727481	8	0.94134	0.71712	0.94707	734	0	0	0.81474	0.64352	1.0	539	0	0
TMEM194A__P1P2	8	0.94154	0.71712	0.94707	735	0	0	0.69287	0.39004	0.883752	426	0	0
MGEA5__P1P2	8	0.94168	0.71838	0.947442	736	0	0	0.74421	0.48228	0.993165	470	0	0
MED15__P1	8	0.94324	0.72939	0.958392	737	0	0	0.34172	0.041612	0.219821	184	1	0.77989
KIFAP3__P1P2	8	0.94364	0.7294	0.958392	738	0	0	0.0099955	9.3978e-05	0.001026	87	3	0.79692
PTPN20B__48806138	8	0.94378	0.73062	0.958392	739	0	0	0.59842	0.21977	0.61212	346	0	0
NDUFC1__P2	8	0.94444	0.73063	0.958392	740	0	0	0.0023865	4.9462e-06	6.7e-05	68	3	1.0123
PORCN__P2	8	0.94503	0.73215	0.959096	741	0	0	0.82361	0.66174	1.0	556	0	0
BOLA2__29465484	8	0.94645	0.74174	0.970358	742	0	0	0.6535	0.30646	0.750327	396	0	0
MLLT3__P1P2	8	0.94683	0.74298	0.970518	743	0	0	0.038666	0.00023247	0.002237	99	2	1.2795
JPH3__P1P2	8	0.94814	0.74685	0.970518	744	0	0	0.73608	0.47188	0.98127	459	0	0
FAF1__P1P2	8	0.94821	0.74686	0.970518	745	0	0	0.35702	0.04553	0.226948	193	1	0.75509
RBL1__P1P2	8	0.94827	0.74686	0.970518	746	0	0	0.073084	0.0013503	0.010847	119	1	1.6777
NOTCH2__120611488	8	0.94833	0.74686	0.970518	747	0	0	0.64425	0.28008	0.69804	389	0	0
CCNC__P1P2	8	0.94937	0.7546	0.977955	748	0	0	0.70443	0.40401	0.89862	434	0	0
ACADS__P1P2	8	0.94943	0.7546	0.977955	749	0	0	0.10053	0.0099765	0.071902	133	1	1.5008
MBD6__P1P2	8	0.94997	0.7583	0.980367	750	0	0	0.39896	0.061941	0.273711	214	1	0.7231
ZNF740__P1P2	8	0.95015	0.75948	0.980367	751	0	0	0.34913	0.04552	0.226948	187	1	0.76649
CHST15__P2	8	0.95051	0.75948	0.980367	752	0	0	0.92423	0.88445	1.0	688	0	0
ACTA2__P2	8	0.9514	0.76197	0.98228	753	0	0	0.59469	0.20922	0.589451	344	0	0
FAM203A__ENST00000347708.4	8	0.95169	0.76315	0.982495	754	0	0	0.59319	0.20922	0.589451	342	0	0
SERF1B__69320873	8	0.9521	0.76575	0.98454	755	0	0	0.94085	0.9176	1.0	719	0	0
EIF4B__P1P2	8	0.9525	0.76682	0.984612	756	0	0	0.55487	0.17305	0.53399	311	0	0
ZIC2__P1P2	8	0.95296	0.76919	0.985058	757	0	0	0.43799	0.085891	0.323625	243	0	0
SUPT3H__P1P2	8	0.95313	0.7692	0.985058	758	0	0	0.24045	0.021897	0.12905	150	1	0.99486
ZNF644__P1P2	8	0.956	0.78807	1.0	759	0	0	0.67725	0.35485	0.827165	415	0	0
ERCC1__P1P2	8	0.95605	0.78808	1.0	760	0	0	0.84851	0.71443	1.0	585	0	0
PPFIBP1__P1P2	8	0.95841	0.80323	1.0	761	0	0	0.60542	0.23009	0.630024	352	0	0
GTF2H2C__68855815	8	0.95977	0.81235	1.0	762	0	0	0.66158	0.31873	0.768742	402	0	0
DDA1__P1P2	8	0.95986	0.81336	1.0	763	0	0	0.57636	0.19474	0.565026	333	0	0
ZNF286B__18584835	8	0.95991	0.81336	1.0	764	0	0	0.76682	0.53614	1.0	487	0	0
PRAMEF12__ENST00000357726.4	8	0.95996	0.81337	1.0	765	0	0	0.79989	0.61742	1.0	516	0	0
ATP6AP1__P1P2	8	0.9607	0.81806	1.0	766	0	0	0.8019	0.62328	1.0	522	0	0
SRSF6__P1	8	0.96084	0.81806	1.0	767	0	0	0.54667	0.16602	0.520642	308	0	0
PARN__P1P2	11	0.9609	0.63511	0.863388	768	0	0	0.99341	0.99392	1.0	860	0	0
PCDHGA12__P1P2	8	0.96128	0.81807	1.0	769	0	0	0.8518	0.7213	1.0	588	0	0
DCLRE1B__P1P2	8	0.96199	0.82184	1.0	770	0	0	0.69841	0.39568	0.890302	429	0	0
ATP6V0E1__P1P2	8	0.96237	0.82558	1.0	771	0	0	0.81568	0.64547	1.0	541	0	0
MAZ__P1P2	8	0.96302	0.82921	1.0	772	0	0	0.96442	0.95818	1.0	763	0	0
PKNOX1__P1P2	9	0.96369	0.78768	1.0	773	0	0	0.0001068	4.9462e-06	6.7e-05	53	4	1.0902
AGO2__141644983	8	0.96429	0.83287	1.0	774	0	0	0.47291	0.11286	0.417099	263	0	0
PKDCC__P1P2	8	0.9646	0.83288	1.0	775	0	0	0.77988	0.56458	1.0	497	0	0
MAP4K3__P1P2	8	0.96517	0.83571	1.0	776	0	0	0.31729	0.025923	0.143984	175	1	0.83554
STMND1__P1P2	8	0.96552	0.83809	1.0	777	0	0	0.058305	0.00076666	0.006713	110	1	1.7744
CENPO__P1P2	8	0.96561	0.8381	1.0	778	0	0	0.52603	0.15133	0.495289	294	0	0
AMOTL1__P1P2	8	0.96583	0.83982	1.0	779	0	0	0.31076	0.025923	0.143984	171	1	0.83031
C8orf59__P1P2	8	0.96613	0.84077	1.0	780	0	0	0.892	0.8159	1.0	638	0	0
NSG1__NM_001040101_NM_014392	8	0.96638	0.84168	1.0	781	0	0	0.86028	0.73683	1.0	602	0	0
ACTR5__P1P2	8	0.96776	0.85265	1.0	782	0	0	0.46484	0.089867	0.335965	260	0	0
KANSL1__P1P2	8	0.9682	0.85601	1.0	783	0	0	0.25397	0.021897	0.12905	152	1	0.95325
BRD1__P1P2	8	0.9688	0.85855	1.0	784	0	0	0.45715	0.0859	0.323625	254	0	0
LNPEP__P1P2	8	0.971	0.86795	1.0	785	0	0	0.86116	0.74079	1.0	603	0	0
TAF5L__P1P2	8	0.97103	0.86795	1.0	786	0	0	0.0003835	4.9462e-06	6.7e-05	59	4	1.3111
SYT14__P1P2	8	0.97144	0.87012	1.0	787	0	0	0.8035	0.62329	1.0	525	0	0
FAM179B__P1P2	8	0.97155	0.8708	1.0	788	0	0	0.56969	0.18758	0.5542	326	0	0
HIST1H1E__P1P2	8	0.97177	0.87155	1.0	789	0	0	0.61591	0.24674	0.648705	361	0	0
KATNA1__P1P2	8	0.97228	0.87479	1.0	790	0	0	0.081576	0.0017856	0.013559	125	2	0.85988
UBR5__P1P2	8	0.97267	0.877	1.0	791	0	0	2.0829e-11	4.9462e-06	6.7e-05	6	6	1.8623
ING5__P1P2	8	0.97302	0.88006	1.0	792	0	0	0.0035745	4.9462e-06	6.7e-05	70	3	1.5305
STAG2__P1	8	0.97388	0.88283	1.0	793	0	0	0.58062	0.2021	0.57949	335	0	0
CTDSPL2__P1P2	8	0.97398	0.88348	1.0	794	0	0	0.7197	0.43563	0.94939	445	0	0
DNASE1L1__P1	8	0.97412	0.88468	1.0	795	0	0	0.80744	0.63088	1.0	529	0	0
GOLGA7B__P1P2	8	0.97415	0.88469	1.0	796	0	0	0.93513	0.9069	1.0	703	0	0
RNF126__P1P2	8	0.97442	0.88709	1.0	797	0	0	0.084984	0.0056535	0.041948	130	2	0.93667
MDC1__P1P2	8	0.97449	0.88774	1.0	798	0	0	0.78595	0.58247	1.0	500	0	0
PTBP3__P1P2	8	0.97459	0.88775	1.0	799	0	0	0.08206	0.0017856	0.013559	127	2	0.72213
USP10__P1P2	8	0.97462	0.88775	1.0	800	0	0	0.63752	0.27341	0.690297	383	0	0
ZNF787__P1P2	8	0.97479	0.88827	1.0	801	0	0	1.0433e-05	4.9462e-06	6.7e-05	42	4	1.983
MLLT1__P1P2	8	0.97547	0.8896	1.0	802	0	0	0.074907	0.0013503	0.010847	120	2	0.76914
SFPQ__P1P2	8	0.97611	0.89152	1.0	803	0	0	0.33134	0.037754	0.200531	181	1	0.80337
CSPP1__P1P2	8	0.97623	0.89202	1.0	804	0	0	0.5059	0.13963	0.477908	281	0	0
ADAM18__P1P2	8	0.97629	0.89203	1.0	805	0	0	0.63445	0.2673	0.685521	378	0	0
ZNF608__P2	8	0.97636	0.89266	1.0	806	0	0	0.081818	0.0017856	0.013559	126	2	0.75313
APEX2__P1P2	8	0.97737	0.89906	1.0	807	0	0	0.91629	0.87085	1.0	675	0	0
KDM5C__P1P2	8	0.97749	0.89907	1.0	808	0	0	0.00064407	4.9462e-06	6.7e-05	62	4	0.83425
SUPT7L__P1P2	8	0.97819	0.90352	1.0	809	0	0	5.6292e-05	4.9462e-06	6.7e-05	51	4	1.5181
FBXO42__P1P2	8	0.97902	0.90991	1.0	810	0	0	0.90986	0.85845	1.0	662	0	0
ANKRD17__P1P2	8	0.97977	0.91439	1.0	811	0	0	0.35196	0.04553	0.226948	189	1	0.76499
RAD1__P1P2	8	0.97993	0.91524	1.0	812	0	0	0.63718	0.27341	0.690297	382	0	0
NBPF14__148025047	8	0.97998	0.91525	1.0	813	0	0	0.728	0.45132	0.9727	450	0	0
TCTN1__P1P2	8	0.98073	0.92034	1.0	814	0	0	0.37036	0.053592	0.251695	201	1	0.74786
TRIP6__P1P2	8	0.98157	0.92595	1.0	815	0	0	0.29084	0.021907	0.12905	163	1	0.8624
RASA2__P1P2	8	0.98184	0.92647	1.0	816	0	0	0.051611	0.00044021	0.004114	105	2	0.82656
FCGR1A__149755456	8	0.98236	0.93002	1.0	817	0	0	0.96928	0.96683	1.0	775	0	0
BCR__P1P2	8	0.98255	0.93037	1.0	818	0	0	0.0041473	4.9462e-06	6.7e-05	72	3	1.0553
PFDN5__P1P2	8	0.98281	0.93101	1.0	819	0	0	0.71834	0.43095	0.941303	443	0	0
ATP1A1__P1P2	8	0.98357	0.93485	1.0	820	0	0	0.068671	0.0013404	0.010847	114	2	0.77931
G0S2__P1P2	8	0.98364	0.93521	1.0	821	0	0	0.74043	0.47448	0.98127	464	0	0
IFT46__P1P2	8	0.98371	0.93556	1.0	822	0	0	0.58331	0.20211	0.57949	337	0	0
TUBA1C__P1P2	8	0.98373	0.93556	1.0	823	0	0	0.64857	0.29317	0.721409	393	0	0
ZC3H7B__P1P2	8	0.98426	0.93719	1.0	824	0	0	0.10429	0.0099863	0.071902	134	1	1.4701
CNOT11__P1P2	8	0.98439	0.9372	1.0	825	0	0	0.43098	0.081864	0.323625	238	0	0
MNT__P1P2	8	0.98478	0.94051	1.0	826	0	0	0.010812	9.3978e-05	0.001026	88	3	0.84675
HLA-DMA__P2	8	0.98486	0.94089	1.0	827	0	0	0.46197	0.0859	0.323625	258	0	0
SERPINB9__P1P2	8	0.98516	0.94151	1.0	828	0	0	0.62824	0.25027	0.648705	374	0	0
L3MBTL2__P1P2	8	0.9852	0.94152	1.0	829	0	0	0.00016679	4.9462e-06	6.7e-05	54	4	1.2465
MED16__P1P2	8	0.98563	0.94301	1.0	830	0	0	4.7406e-09	4.9462e-06	6.7e-05	17	6	1.3667
EHBP1__P1P2	8	0.98589	0.94538	1.0	831	0	0	0.00038956	4.9462e-06	6.7e-05	60	4	0.90611
TRIP12__P1P2	8	0.98593	0.94539	1.0	832	0	0	0.67448	0.34659	0.813743	414	0	0
RBPMS2__P1P2	8	0.98604	0.9464	1.0	833	0	0	0.88398	0.79555	1.0	628	0	0
KRTCAP3__P1P2	8	0.98634	0.94875	1.0	834	0	0	0.037748	0.00023247	0.002237	97	1	2.1243
PTRHD1__P1P2	8	0.98651	0.95	1.0	835	0	0	0.58523	0.20573	0.588136	338	0	0
USP15__P1P2	8	0.9869	0.95153	1.0	836	0	0	0.34686	0.04552	0.226948	186	1	0.79177
UBE2O__P1P2	8	0.98702	0.95185	1.0	837	0	0	0.58979	0.20921	0.589451	341	0	0
SEC62__P1P2	8	0.98713	0.95228	1.0	838	0	0	0.74868	0.50375	1.0	471	0	0
ARHGAP21__P1P2	8	0.98784	0.95514	1.0	839	0	0	0.040688	0.00023247	0.002237	101	2	0.97834
KDM3A__P1P2	8	0.98834	0.95706	1.0	840	0	0	0.41619	0.069875	0.292751	226	0	0
GTF2IRD2B__74508172	8	0.98855	0.95767	1.0	841	0	0	0.5446	0.16602	0.520642	306	0	0
NAIP__70319713	8	0.98859	0.95767	1.0	842	0	0	0.925	0.88446	1.0	690	0	0
SHCBP1__P1P2	8	0.98877	0.95822	1.0	843	0	0	8.2157e-07	4.9462e-06	6.7e-05	34	5	1.2754
RNF2__P1P2	8	0.98923	0.96011	1.0	844	0	0	0.84515	0.70819	1.0	580	0	0
DHRS3__P1P2	8	0.98996	0.96445	1.0	845	0	0	0.72561	0.44876	0.971486	448	0	0
PMAIP1__57567020	8	0.99048	0.96751	1.0	846	0	0	1.1402e-09	4.9462e-06	6.7e-05	13	5	2.6865
SSBP3__P1P2	8	0.9905	0.96752	1.0	847	0	0	0.30717	0.025913	0.143984	169	1	0.84039
CHAMP1__P1P2	8	0.99063	0.96774	1.0	848	0	0	0.55972	0.1808	0.547493	316	0	0
CUL3__P1P2	8	0.99094	0.96931	1.0	849	0	0	5.7033e-05	4.9462e-06	6.7e-05	52	4	1.3
S100A16__P1P2	8	0.9911	0.96995	1.0	850	0	0	0.40213	0.061951	0.273711	217	1	0.70435
CBLL1__P1P2	8	0.99118	0.97034	1.0	851	0	0	3.4055e-05	4.9462e-06	6.7e-05	48	5	0.89234
TCF7L1__P1P2	8	0.99129	0.97078	1.0	852	0	0	5.028e-07	4.9462e-06	6.7e-05	30	6	0.95299
MED19__P1P2	8	0.99146	0.9713	1.0	853	0	0	0.08013	0.0017757	0.013559	122	2	0.97149
C1orf101__P1P2	8	0.99156	0.97141	1.0	854	0	0	0.60286	0.22652	0.625505	351	0	0
GPR137__P2	8	0.99166	0.97206	1.0	855	0	0	9.0589e-10	4.9462e-06	6.7e-05	11	7	1.0633
CENPQ__P1P2	11	0.99171	0.93371	1.0	856	0	0	0.56988	0.12052	0.435498	327	0	0
ESRP1__P1P2	8	0.99202	0.97367	1.0	857	0	0	0.52817	0.15134	0.495289	296	0	0
PPM1F__P1P2	8	0.99208	0.97416	1.0	858	0	0	0.26476	0.021907	0.12905	154	1	0.91598
CD22__P1P2	11	0.9922	0.93761	1.0	859	0	0	0.6078	0.17546	0.539694	355	0	0
TCF3__P1P2	8	0.99238	0.97563	1.0	860	0	0	0.57127	0.19131	0.558457	329	0	0
UHMK1__P1P2	8	0.99247	0.97586	1.0	861	0	0	0.56453	0.18404	0.5542	319	0	0
ARHGAP11A__32907502	8	0.9926	0.9763	1.0	862	0	0	0.43899	0.085891	0.323625	245	0	0
ACAD11__P1P2	8	0.99322	0.97832	1.0	863	0	0	0.028238	0.00022258	0.002237	94	2	1.0055
NR2E3__P1P2	8	0.99339	0.97874	1.0	864	0	0	0.26097	0.021897	0.12905	153	1	0.92259
ZC3H14__P1P2	8	0.99343	0.97891	1.0	865	0	0	0.26854	0.021907	0.12905	156	1	0.935
ROR1__P1P2	8	0.99376	0.98081	1.0	866	0	0	0.73453	0.47187	0.98127	455	0	0
BTBD9__P1P2	8	0.99379	0.98108	1.0	867	0	0	0.01091	9.3978e-05	0.001026	89	3	0.75884
FBXO28__P1P2	8	0.99381	0.98109	1.0	868	0	0	0.35365	0.04553	0.226948	190	1	0.7591
GMPR2__P1P2	8	0.9939	0.98147	1.0	869	0	0	0.5569	0.177	0.542723	314	0	0
PDLIM7__P1	8	0.99459	0.9841	1.0	870	0	0	0.83908	0.69629	1.0	572	0	0
RFWD2__P1P2	8	0.99462	0.98414	1.0	871	0	0	0.37366	0.053602	0.251695	202	1	0.74259
MED23__P1P2	8	0.99466	0.98414	1.0	872	0	0	3.2796e-09	4.9462e-06	6.7e-05	15	7	1.191
NIPBL__P1P2	8	0.99474	0.98415	1.0	873	0	0	0.066188	0.0013404	0.010847	113	2	0.91742
CAPZA1__P1P2	8	0.99494	0.98443	1.0	874	0	0	0.39045	0.057776	0.266155	210	1	0.72054
INO80C__P1P2	8	0.99515	0.98499	1.0	875	0	0	0.74169	0.47448	0.98127	466	0	0
PYGO2__P1P2	8	0.99535	0.98614	1.0	876	0	0	0.00083735	4.9462e-06	6.7e-05	64	4	0.79221
RPL29__P1P2	8	0.99542	0.98634	1.0	877	0	0	0.32435	0.029771	0.160764	178	1	0.80637
TFAP4__P1P2	8	0.99544	0.98635	1.0	878	0	0	0.00030069	4.9462e-06	6.7e-05	58	4	0.9526
TADA2B__P1P2	8	0.99546	0.98635	1.0	879	0	0	9.4113e-06	4.9462e-06	6.7e-05	41	4	1.9737
MTF2__P1P2	8	0.99566	0.98724	1.0	880	0	0	0.29389	0.021907	0.12905	165	1	0.85976
FAM222B__P1	11	0.99569	0.97002	1.0	881	0	0	0.89502	0.74342	1.0	642	0	0
NAA15__P1P2	8	0.9957	0.98725	1.0	882	0	0	0.41671	0.069875	0.292751	227	0	0
THAP2__P1	8	0.99579	0.98758	1.0	883	0	0	0.8136	0.64351	1.0	536	0	0
ELOF1__P1P2	8	0.99584	0.98797	1.0	884	0	0	0.48133	0.1204	0.435498	265	0	0
PFDN4__P1P2	8	0.99591	0.98822	1.0	885	0	0	0.50457	0.13963	0.477908	280	0	0
C17orf49__P2	8	0.99615	0.98924	1.0	886	0	0	0.81054	0.63799	1.0	533	0	0
EXT1__P1P2	8	0.9963	0.98977	1.0	887	0	0	0.029041	0.00022258	0.002237	95	2	1.0263
SLC11A2__P1	8	0.99634	0.98987	1.0	888	0	0	0.81379	0.64351	1.0	537	0	0
KAT6A__P1P2	8	0.99638	0.9899	1.0	889	0	0	2.3071e-05	4.9462e-06	6.7e-05	45	5	1.0153
RALGAPA1__P1P2	8	0.99667	0.99124	1.0	890	0	0	3.6128e-05	4.9462e-06	6.7e-05	49	5	0.88949
H2AFX__P1P2	8	0.99668	0.99125	1.0	891	0	0	0.42592	0.077937	0.323625	233	0	0
MED24__P1P2	8	0.99742	0.9937	1.0	892	0	0	8.5728e-09	4.9462e-06	6.7e-05	18	6	1.4222
UFM1__P1P2	8	0.99764	0.99443	1.0	893	0	0	0.00020388	4.9462e-06	6.7e-05	55	4	1.0204
SOX2__P1P2	11	0.99778	0.98673	1.0	894	0	0	0.12818	0.013736	0.095172	137	2	0.89709
ATP2C1__P1P2	8	0.99799	0.99542	1.0	895	0	0	0.73966	0.47447	0.98127	463	0	0
BPTF__P1P2	8	0.99808	0.99581	1.0	896	0	0	0.51562	0.14358	0.482948	287	0	0
ELK3__P1P2	8	0.99813	0.99587	1.0	897	0	0	0.50008	0.13162	0.45692	276	0	0
ATXN2L__P1P2	8	0.9984	0.99654	1.0	898	0	0	0.083274	0.0056436	0.041948	129	2	0.86296
SERF1A__70196291	8	0.99859	0.99712	1.0	899	0	0	0.61947	0.25026	0.648705	366	0	0
ZBTB7B__P1P2	8	0.99861	0.99718	1.0	900	0	0	0.63239	0.2571	0.661109	377	0	0
USP22__P1P2	8	0.99873	0.99757	1.0	901	0	0	0.038546	0.00023247	0.002237	98	1	2.1133
KAT7__P1P2	8	0.99881	0.99778	1.0	902	0	0	0.081334	0.0017757	0.013559	124	2	0.71997
KAT2A__P1P2	8	0.99887	0.99797	1.0	903	0	0	6.7283e-08	4.9462e-06	6.7e-05	23	6	1.225
CCDC101__P1P2	8	0.9989	0.99808	1.0	904	0	0	0.0011435	4.9462e-06	6.7e-05	66	3	1.4747
TULP3__P2	8	0.99898	0.99822	1.0	905	0	0	0.64824	0.29317	0.721409	392	0	0
SLC4A1AP__P1P2	8	0.99903	0.99838	1.0	906	0	0	0.0037	4.9462e-06	6.7e-05	71	3	1.0797
CCDC6__P1P2	8	0.99909	0.99843	1.0	907	0	0	0.32552	0.029771	0.160764	179	1	0.81641
SUFU__104263513	8	0.99913	0.99844	1.0	908	0	0	1.0434e-09	4.9462e-06	6.7e-05	12	7	1.8399
C11orf71__P1P2	8	0.99924	0.99872	1.0	909	0	0	0.47196	0.10922	0.405186	262	0	0
B4GALT7__P1P2	8	0.99928	0.99876	1.0	910	0	0	0.0073413	8.4085e-05	0.000997	79	3	0.92673
SPEN__P1P2	8	0.99937	0.999	1.0	911	0	0	0.35758	0.04553	0.226948	194	1	0.76654
ARL14EP__P1P2	8	0.99937	0.99901	1.0	912	0	0	0.45763	0.0859	0.323625	255	0	0
RBM5__P1P2	8	0.99941	0.99908	1.0	913	0	0	7.5587e-07	4.9462e-06	6.7e-05	33	6	0.86634
MAU2__P1P2	8	0.99947	0.9992	1.0	914	0	0	0.0063031	8.4085e-05	0.000997	75	3	0.92547
KCTD10__P1P2	8	0.99948	0.9992	1.0	915	0	0	8.4575e-06	4.9462e-06	6.7e-05	40	5	1.1533
TRIM28__P1P2	8	0.99955	0.99938	1.0	916	0	0	0.053667	0.0004501	0.004167	106	2	0.8662
ZNRF3__P1P2	8	0.99957	0.9994	1.0	917	0	0	0.53031	0.15504	0.505695	297	0	0
C6orf62__P1	11	0.99959	0.99837	1.0	918	0	0	0.1425	0.014319	0.097331	140	1	1.4359
KLLN__P1P2	8	0.99961	0.99953	1.0	919	0	0	0.49238	0.12811	0.45692	270	0	0
MARCKS__P1P2	8	0.99964	0.99962	1.0	920	0	0	0.38238	0.053602	0.251695	205	1	0.73278
UBE3A__P1P2	8	0.99973	0.99979	1.0	921	0	0	0.39791	0.061941	0.273711	213	1	0.7256
ZDHHC17__P1P2	8	0.99975	0.99981	1.0	922	0	0	0.71779	0.43094	0.941303	441	0	0
NF2__29999349	8	0.99976	0.99982	1.0	923	0	0	1.1862e-07	4.9462e-06	6.7e-05	26	5	2.0648
UBE2R2__P1P2	8	0.99977	0.99987	1.0	924	0	0	0.23459	0.021897	0.12905	149	1	1.0184
INPP4A__P1P2	8	0.99978	0.99988	1.0	925	0	0	0.22935	0.021897	0.12905	148	1	1.0483
C11orf73__P1P2	8	0.99979	0.99989	1.0	926	0	0	0.0073801	8.4085e-05	0.000997	80	3	0.83341
BRAP__P1P2	8	0.9998	0.99991	1.0	927	0	0	3.0191e-05	4.9462e-06	6.7e-05	46	5	0.90244
BRPF1__P1P2	8	0.99981	0.99991	1.0	928	0	0	2.7891e-06	4.9462e-06	6.7e-05	38	5	1.4114
FAM72A__ENST00000367128.3	8	0.99982	0.99992	1.0	929	0	0	0.38777	0.057767	0.266155	207	1	0.7142
SHC1__P2	8	0.99985	0.99993	1.0	930	0	0	0.00071228	4.9462e-06	6.7e-05	63	4	0.79625
SND1__P1P2	8	0.99985	0.99994	1.0	931	0	0	0.062416	0.0010436	0.009057	111	2	0.90538
AHR__P1P2	11	0.99987	0.99967	1.0	932	0	0	0.063921	0.00050946	0.004628	112	2	0.95687
GPR137__P1	8	0.99987	0.99996	1.0	933	0	0	0.0002077	4.9462e-06	6.7e-05	56	4	0.95865
IFT172__P1P2	8	0.99988	0.99996	1.0	934	0	0	0.4058	0.061951	0.273711	218	1	0.71045
ZNF532__P1	8	0.99989	0.99997	1.0	935	0	0	0.36981	0.053592	0.251695	200	1	0.75737
PICALM__P1P2	8	0.99991	0.99999	1.0	936	0	0	0.28593	0.021907	0.12905	158	1	0.90019
GLYR1__P1P2	8	0.99991	0.99999	1.0	937	0	0	0.0081846	9.3978e-05	0.001026	84	3	0.87967
SNRK__P1P2	8	0.99991	0.99999	1.0	938	0	0	0.4016	0.061951	0.273711	216	1	0.70308
ZSCAN10__P1P2	8	0.99993	1.0	1.0	939	0	0	1.04e-06	4.9462e-06	6.7e-05	35	6	0.96653
SPECC1L__P1P2	8	0.99993	1.0	1.0	940	0	0	0.047989	0.00035118	0.003314	104	2	0.89602
B3GAT3__P1P2	8	0.99994	1.0	1.0	941	0	0	0.072807	0.0013503	0.010847	118	2	0.76698
MED13__P1P2	8	0.99995	1.0	1.0	942	0	0	1.4546e-09	4.9462e-06	6.7e-05	14	7	1.6073
CHEK1__P1P2	8	0.99995	1.0	1.0	943	0	0	4.2563e-07	4.9462e-06	6.7e-05	27	6	1.1583
IFT57__P1P2	8	0.99997	1.0	1.0	944	0	0	0.40633	0.061951	0.273711	219	1	0.69784
HSPA13__P1P2	8	0.99997	1.0	1.0	945	0	0	0.056176	0.00075677	0.006687	109	2	0.87515
INPPL1__P1P2	8	0.99997	1.0	1.0	946	0	0	0.082302	0.0017856	0.013559	128	2	0.81923
TGFBR2__P1P2	8	0.99998	1.0	1.0	947	0	0	0.35646	0.04553	0.226948	192	1	0.75525
IFT52__P1P2	8	0.99998	1.0	1.0	948	0	0	0.4355	0.085891	0.323625	241	0	0
SALL2__P1P2	8	0.99999	1.0	1.0	949	0	0	0.0004608	4.9462e-06	6.7e-05	61	4	0.93514
MED13L__P1P2	8	0.99999	1.0	1.0	950	0	0	1.3439e-06	4.9462e-06	6.7e-05	37	5	1.319
MYO9B__P1P2	8	1.0	1.0	1.0	951	0	0	1.6443e-08	4.9462e-06	6.7e-05	19	7	1.2548
STRADA__P1P2	8	1.0	1.0	1.0	952	0	0	0.0074192	8.4085e-05	0.000997	81	3	0.94319
ARHGAP12__P1P2	8	1.0	1.0	1.0	953	0	0	0.0014991	4.9462e-06	6.7e-05	67	3	1.0515
DOCK2__P1P2	8	1.0	1.0	1.0	954	0	0	0.076083	0.0013503	0.010847	121	2	0.73901
ZNF90__P1P2	8	1.0	1.0	1.0	955	0	0	2.6539e-08	4.9462e-06	6.7e-05	22	7	0.93136
UBA5__P1P2	8	1.0	1.0	1.0	956	0	0	2.048e-08	4.9462e-06	6.7e-05	20	7	0.86637
FAM64A__P1P2	8	1.0	1.0	1.0	957	0	0	0.0079379	9.3978e-05	0.001026	83	3	0.75742
ARAP3__P1P2	8	1.0	1.0	1.0	958	0	0	0.0058538	2.4731e-05	0.000325	74	3	0.86793
UBE2M__P1P2	8	1.0	1.0	1.0	959	0	0	5.2686e-07	4.9462e-06	6.7e-05	31	6	1.2206
RNF146__P1P2	8	1.0	1.0	1.0	960	0	0	3.0313e-06	4.9462e-06	6.7e-05	39	5	1.0511
SPRY4__P1P2	8	1.0	1.0	1.0	961	0	0	4.1315e-09	4.9462e-06	6.7e-05	16	7	1.2203
CYP51A1__P1P2	8	1.0	1.0	1.0	962	0	0	2.7563e-10	4.9462e-06	6.7e-05	10	7	1.4179
CSK__P1P2	8	1.0	1.0	1.0	963	0	0	4.7401e-07	4.9462e-06	6.7e-05	28	6	1.1255
PTPN14__P1P2	8	1.0	1.0	1.0	964	0	0	2.1484e-08	4.9462e-06	6.7e-05	21	7	1.1758
KIRREL__P1P2	8	1.0	1.0	1.0	965	0	0	1.1001e-10	4.9462e-06	6.7e-05	9	8	1.088
SGK223__P1P2	8	1.0	1.0	1.0	966	0	0	2.9257e-16	4.9462e-06	6.7e-05	2	8	2.4382
BAD__P1P2	8	1.0	1.0	1.0	967	0	0	3.776e-11	4.9462e-06	6.7e-05	7	8	0.97719
LEO1__P1P2	8	1.0	1.0	1.0	968	0	0	1.2807e-11	4.9462e-06	6.7e-05	5	8	1.6436
SUPT20H__P1P2	8	1.0	1.0	1.0	969	0	0	9.679e-16	4.9462e-06	6.7e-05	3	8	2.7142
CTNND1__P1P2	8	1.0	1.0	1.0	970	0	0	6.401e-12	4.9462e-06	6.7e-05	4	8	1.1436
BAK1__33547269	8	1.0	1.0	1.0	971	0	0	8.5279e-25	4.9462e-06	6.7e-05	1	8	3.4281
