group_id	items_in_group	lo_value	p	FDR	goodsgrna
PAN2__P1P2	8	4.7215e-17	5.1389e-07	0.000009	7
ATP6AP1__P1P2	8	9.4931e-15	5.1389e-07	0.000009	8
NKRF__P1P2	8	5.0018e-11	5.1389e-07	0.000009	8
CCNE1__P1P2	8	1.7004e-10	5.1389e-07	0.000009	8
CDK2__P1P2	8	3.5433e-10	5.1389e-07	0.000009	8
PAN3__P1P2	8	7.8016e-10	5.1389e-07	0.000009	7
CSDE1__P1P2	8	8.8583e-09	5.1389e-07	0.000009	7
DCP2__P1P2	8	9.3114e-09	5.1389e-07	0.000009	8
SOX4__P1	8	9.5467e-09	5.1389e-07	0.000009	8
MNT__P1P2	8	1.0981e-08	5.1389e-07	0.000009	8
DDRGK1__P1P2	8	8.0744e-08	5.1389e-07	0.000009	6
PIGY__P1P2	8	1.7603e-07	5.1389e-07	0.000009	7
TMEM68__P1P2	8	2.2045e-07	5.1389e-07	0.000009	5
KAT6A__P1P2	8	2.2574e-07	5.1389e-07	0.000009	6
UBA5__P1P2	8	2.4281e-07	5.1389e-07	0.000009	7
KATNA1__P1P2	8	5.9570e-07	5.1389e-07	0.000009	7
FZR1__P1P2	8	6.6908e-07	5.1389e-07	0.000009	7
EHBP1__P1P2	8	7.3364e-07	5.1389e-07	0.000009	6
ACAT2__P1P2	8	7.6126e-07	5.1389e-07	0.000009	7
CSNK2A1__P1P2	8	9.1297e-07	5.1389e-07	0.000009	7
CWC25__P1P2	8	1.1807e-06	5.1389e-07	0.000009	7
DCPS__P1P2	8	1.2205e-06	5.1389e-07	0.000009	7
RBM5__P1P2	8	1.6399e-06	5.1389e-07	0.000009	5
DHX35__P1P2	8	1.7617e-06	5.1389e-07	0.000009	6
PCGF1__P1P2	8	2.2208e-06	5.1389e-07	0.000009	6
ANLN__P1P2	8	2.7988e-06	5.1389e-07	0.000009	6
SAP30__P1P2	8	2.9485e-06	5.1389e-07	0.000009	6
EAF1__P1P2	8	3.4929e-06	5.1389e-07	0.000009	5
ZMIZ1__P1P2	11	1.4329e-05	5.1389e-07	0.000009	7
PHF8__P1P2	11	1.8447e-05	5.1389e-07	0.000009	7
CBLL1__P1P2	8	2.1071e-05	5.1389e-07	0.000009	5
FAM122A__P1P2	8	2.4159e-05	5.1389e-07	0.000009	4
CCDC130__P1	8	3.1158e-05	5.1389e-07	0.000009	4
HMGCS1__P1P2	8	3.1251e-05	5.1389e-07	0.000009	6
UBE2G2__P1P2	8	3.9940e-05	5.1389e-07	0.000009	6
HSPA13__P1P2	8	4.2511e-05	5.1389e-07	0.000009	6
TM9SF2__P1P2	8	4.4212e-05	5.1389e-07	0.000009	5
BRPF1__P1P2	8	4.8827e-05	5.1389e-07	0.000009	6
PKMYT1__P1P2	8	5.6179e-05	5.1389e-07	0.000009	6
CHEK2__P1P2	4	7.2735e-05	5.1389e-07	0.000009	4
PPP1CB__P1P2	8	1.3054e-04	5.1389e-07	0.000009	5
USMG5__P1P2	8	1.4675e-04	5.1389e-07	0.000009	4
NRBP1__P1P2	8	1.5737e-04	5.1389e-07	0.000009	5
MYO9B__P1P2	8	1.5834e-04	5.1389e-07	0.000009	5
RUNX1T1__P2	8	1.5906e-04	5.1389e-07	0.000009	5
UFL1__P1P2	8	1.7378e-04	5.1389e-07	0.000009	4
ACAD11__P1P2	8	1.7438e-04	5.1389e-07	0.000009	5
ILF3__P1P2	8	1.8944e-04	5.1389e-07	0.000009	5
CDK4__P1P2	8	2.0145e-04	5.1389e-07	0.000009	4
ISCA1__P1P2	8	2.0550e-04	5.1389e-07	0.000009	5
ARL14EP__P1P2	8	2.2512e-04	5.1389e-07	0.000009	5
TFAP4__P1P2	8	2.3678e-04	5.1389e-07	0.000009	5
PABPC4__P1P2	8	2.7208e-04	5.1389e-07	0.000009	4
ZNHIT3__P1P2	8	2.9758e-04	5.1389e-07	0.000009	5
WDR70__P1P2	8	3.3033e-04	5.1389e-06	0.000088	3
DDX10__P1P2	8	3.3033e-04	5.1389e-06	0.000088	3
KIFAP3__P1P2	8	3.3738e-04	9.7639e-06	0.000158	5
TRIP12__P1P2	8	3.4088e-04	9.7639e-06	0.000158	5
BAD__P1P2	8	3.4352e-04	9.7639e-06	0.000158	5
MED16__P1P2	8	3.8506e-04	4.1625e-05	0.000425	5
EXOC5__P1P2	8	4.3993e-04	4.2653e-05	0.000425	5
PDSS1__P1P2	11	4.4745e-04	5.1389e-07	0.000009	5
FDX1__P1P2	8	4.5620e-04	4.2653e-05	0.000425	5
GPALPP1__P1P2	8	4.5828e-04	4.2653e-05	0.000425	4
WDR7__P1P2	8	4.9246e-04	4.2653e-05	0.000425	5
ZNF462__P1P2	8	5.1744e-04	4.2653e-05	0.000425	5
SEC62__P1P2	8	6.2173e-04	4.2653e-05	0.000425	5
ZWILCH__P1P2	8	6.2173e-04	4.2653e-05	0.000425	5
SF1__P1P2	8	6.4154e-04	4.2653e-05	0.000425	5
EPC1__P1P2	8	6.5307e-04	4.2653e-05	0.000425	5
ZSCAN10__P1P2	8	6.8713e-04	4.2653e-05	0.000425	5
DGCR8__P1P2	8	7.9953e-04	4.2653e-05	0.000425	4
MON2__P1P2	8	8.3202e-04	4.2653e-05	0.000425	5
C1QTNF9B-AS1__P1P2	8	8.3369e-04	4.2653e-05	0.000425	4
SNRPB2__P1P2	8	8.4966e-04	4.2653e-05	0.000425	5
MLF1IP__P1P2	8	8.5680e-04	4.2653e-05	0.000425	5
FOXK1__P1P2	8	8.8949e-04	4.2653e-05	0.000425	5
LEO1__P1P2	8	9.1571e-04	4.2653e-05	0.000425	4
SNRK__P1P2	8	1.0619e-03	4.2653e-05	0.000425	4
GNB2L1__P1P2	8	1.0841e-03	4.2653e-05	0.000425	4
TULP3__P2	8	1.1493e-03	4.2653e-05	0.000425	4
MAGOHB__P1P2	8	1.4075e-03	4.2653e-05	0.000425	4
MBIP__P1P2	8	1.5018e-03	4.2653e-05	0.000425	3
TAF5L__P1P2	8	1.5595e-03	4.2653e-05	0.000425	3
SLC25A46__P1P2	8	1.6181e-03	4.2653e-05	0.000425	4
KDM5C__P1P2	8	1.6524e-03	4.2653e-05	0.000425	4
ARAP3__P1P2	8	1.7740e-03	4.2653e-05	0.000425	3
PSMG3__P2	8	1.7856e-03	4.2653e-05	0.000425	4
PPP2R5E__P1P2	8	1.9750e-03	4.2653e-05	0.000425	4
GRWD1__P1P2	8	2.0818e-03	4.2653e-05	0.000425	3
MIEF1__P1P2	8	2.2389e-03	4.2653e-05	0.000425	3
PRKDC__P1P2	8	2.5336e-03	4.3681e-05	0.000425	4
PTBP1__P1P2	8	2.7755e-03	4.3681e-05	0.000425	4
RANBP2__109335729	8	2.8815e-03	4.3681e-05	0.000425	3
ATP6AP2__P1P2	8	2.9483e-03	4.3681e-05	0.000425	3
OBFC1__P1P2	8	2.9871e-03	4.3681e-05	0.000425	4
FAM60A__P1P2	8	3.1800e-03	4.3681e-05	0.000425	2
ESRP1__P1P2	8	3.5797e-03	4.3681e-05	0.000425	4
ZNF460__P1P2	8	4.0615e-03	4.3681e-05	0.000425	4
ASPM__P1P2	8	4.4409e-03	4.3681e-05	0.000425	4
UFM1__P1P2	8	4.7440e-03	8.3764e-05	0.000693	3
ZNF296__P1P2	8	5.0796e-03	8.3764e-05	0.000693	4
PYGO2__P1P2	8	5.2099e-03	8.3764e-05	0.000693	4
ASXL2__P1P2	8	5.3819e-03	8.3764e-05	0.000693	4
TAF3__P1P2	8	5.4976e-03	8.3764e-05	0.000693	3
NSMCE4A__P1P2	8	5.5123e-03	8.3764e-05	0.000693	4
ELOF1__P1P2	8	6.4339e-03	8.3764e-05	0.000693	3
SUPT7L__P1P2	8	6.5164e-03	8.3764e-05	0.000693	2
SKP2__P1P2	8	6.6131e-03	8.3764e-05	0.000693	4
CEP128__P1P2	8	7.0236e-03	8.3764e-05	0.000693	4
TTBK2__P1P2	8	7.4016e-03	8.3764e-05	0.000693	4
PHF6__P1P2	8	7.6527e-03	8.3764e-05	0.000693	4
RHOG__P1P2	8	7.7292e-03	8.3764e-05	0.000693	4
KDM4A__P1P2	8	8.0011e-03	8.4792e-05	0.000693	4
MED23__P1P2	8	8.3063e-03	8.4792e-05	0.000693	4
METTL15__P2	8	8.6610e-03	8.4792e-05	0.000693	4
TAF4__P1P2	8	9.6095e-03	8.4792e-05	0.000693	3
NDC1__P1P2	8	1.0534e-02	8.4792e-05	0.000693	3
GOLGA7__P1P2	8	1.0583e-02	8.4792e-05	0.000693	3
MOSPD2__P1P2	8	1.1891e-02	1.2796e-04	0.000951	3
MTCH2__P1P2	8	1.2121e-02	1.2796e-04	0.000951	3
MAZ__P1P2	8	1.3798e-02	1.2796e-04	0.000951	3
HELLS__P1P2	8	1.6095e-02	1.2899e-04	0.000951	3
TMED2__P1P2	8	1.6095e-02	1.2899e-04	0.000951	3
ZBTB4__P1	8	1.7983e-02	1.2899e-04	0.000951	2
PLOD3__P1P2	8	1.7983e-02	1.2899e-04	0.000951	2
FLII__18161284	8	1.9851e-02	1.2899e-04	0.000951	3
DHRSX__P1P2	8	2.0529e-02	1.3001e-04	0.000951	3
CABIN1__P1P2	8	2.2413e-02	1.3001e-04	0.000951	3
STX4__P1P2	8	2.4092e-02	1.3001e-04	0.000951	2
DUSP11__P1P2	8	2.4316e-02	1.3001e-04	0.000951	3
IFT52__P1P2	8	2.6471e-02	1.3104e-04	0.000951	3
RIF1__P1P2	8	2.7059e-02	1.3104e-04	0.000951	3
ANKRD49__P1P2	8	2.7059e-02	1.3104e-04	0.000951	3
FAM102A__P1P2	8	2.7336e-02	2.2919e-03	0.014281	1
PLEKHH2__P1P2	8	2.7336e-02	2.2919e-03	0.014281	1
ADAM18__P1P2	8	2.7336e-02	2.2919e-03	0.014281	1
GOLGA7B__P1P2	8	2.7336e-02	2.2919e-03	0.014281	1
NPY4R__P1P2	8	2.7336e-02	2.2919e-03	0.014281	1
TMSB10__P1P2	8	2.7336e-02	2.2919e-03	0.014281	1
RBM47__P1P2	8	2.7336e-02	2.2919e-03	0.014281	2
GFRA4__ENST00000290417.2_ENST00000319242.3	8	2.7336e-02	2.2919e-03	0.014281	2
IL18R1__P1	8	2.7336e-02	2.2919e-03	0.014281	1
RBL1__P1P2	8	2.7336e-02	2.2919e-03	0.014281	1
ZSCAN18__P2	8	2.7336e-02	2.2919e-03	0.014281	1
C6orf47__P1P2	8	2.7336e-02	2.2919e-03	0.014281	2
ISOC2__P1	8	2.7336e-02	2.2919e-03	0.014281	1
C19orf43__P1P2	8	2.7336e-02	2.2919e-03	0.014281	2
TERF1__P1P2	8	2.7336e-02	2.2919e-03	0.014281	2
C1D__P1P2	8	2.7336e-02	2.2919e-03	0.014281	1
GTF2H2__ENST00000274400.5_ENST00000330280.7	8	2.7336e-02	2.2919e-03	0.014281	2
XKR8__P1P2	8	2.7336e-02	2.2919e-03	0.014281	1
TRIM52__P1P2	8	2.7336e-02	2.2919e-03	0.014281	1
ITGB3__P1P2	8	2.7336e-02	2.2919e-03	0.014281	1
HSPA4__P1P2	8	2.7336e-02	2.2919e-03	0.014281	2
GPR89A__ENST00000313835.9	8	2.7336e-02	2.2919e-03	0.014281	3
CSK__P1P2	8	2.7398e-02	4.4529e-03	0.026397	3
ARID1A__P1P2	8	2.7568e-02	4.4529e-03	0.026397	3
KANSL1__P1P2	8	2.7825e-02	4.4529e-03	0.026397	3
CWC27__P1P2	8	2.8126e-02	4.4529e-03	0.026397	3
ACTR8__P1P2	8	2.8142e-02	4.4529e-03	0.026397	3
PRMT7__P1P2	8	2.8516e-02	4.4539e-03	0.026397	3
TSPYL1__P1P2	8	2.9041e-02	4.4539e-03	0.026397	3
POLR1B__P1P2	8	3.0063e-02	8.7109e-03	0.040209	3
MED24__P1P2	8	3.0287e-02	8.7109e-03	0.040209	3
CSPP1__P1P2	8	3.2119e-02	8.7120e-03	0.040209	3
DOCK1__P1P2	8	3.2586e-02	8.7120e-03	0.040209	3
HIGD2A__P1P2	8	3.2727e-02	8.7120e-03	0.040209	3
GPR137__P1	8	3.5176e-02	8.7521e-03	0.040209	3
FUBP3__P1P2	8	3.5471e-02	8.7521e-03	0.040209	3
HEXIM2__P2	11	3.7393e-02	3.1486e-03	0.019493	2
RPS4Y1__P1P2	8	3.7979e-02	8.7521e-03	0.040209	3
MAP3K7__P1P2	8	3.9426e-02	8.7531e-03	0.040209	3
GTF3C2__P1P2	8	4.0371e-02	8.7531e-03	0.040209	3
FAM69B__P1P2	8	4.0955e-02	8.7531e-03	0.040209	3
COPE__P1P2	8	4.2735e-02	8.7562e-03	0.040209	3
FGD1__P1P2	8	4.3063e-02	8.8096e-03	0.040209	3
H2AFX__P1P2	8	4.3613e-02	8.8096e-03	0.040209	3
C7orf49__P1P2	8	4.4995e-02	8.8106e-03	0.040209	2
CHEK1__P1P2	8	4.5964e-02	8.8106e-03	0.040209	3
DEDD__P1P2	8	4.6533e-02	8.8106e-03	0.040209	3
ATF6__P1P2	8	4.6820e-02	8.8106e-03	0.040209	3
SLTM__P1P2	8	4.9439e-02	8.8117e-03	0.040209	3
OCIAD1__P1P2	8	5.0508e-02	8.8117e-03	0.040209	3
MRGBP__P1P2	8	5.0627e-02	8.8117e-03	0.040209	3
NRF1__P1P2	8	5.0807e-02	8.8117e-03	0.040209	3
ISY1__P1P2	8	5.2317e-02	8.8117e-03	0.040209	3
COPS8__237994319	8	5.2561e-02	8.8127e-03	0.040209	3
POLG__P1P2	8	5.3173e-02	8.8158e-03	0.040209	3
COG5__P1P2	8	5.3296e-02	8.8158e-03	0.040209	3
ANKRD17__P1P2	8	5.4284e-02	8.8219e-03	0.040209	3
UNC13B__P1P2	8	5.4410e-02	8.8219e-03	0.040209	1
SNRNP40__P1P2	8	5.5659e-02	8.8230e-03	0.040209	3
MDC1__P1P2	8	5.6354e-02	8.8230e-03	0.040209	3
DOCK2__P1P2	8	5.6798e-02	8.8230e-03	0.040209	3
CLK3__P2	8	6.4196e-02	8.8929e-03	0.040209	1
KIRREL__P1P2	8	6.4586e-02	8.8929e-03	0.040209	1
RSPH3__P1P2	8	6.8280e-02	8.8929e-03	0.040209	2
GGCT__P1P2	8	6.8862e-02	8.8929e-03	0.040209	1
SFPQ__P1P2	8	6.9418e-02	8.8929e-03	0.040209	2
C7orf26__P1P2	8	7.1715e-02	8.8929e-03	0.040209	2
CTXN1__P1P2	8	7.2293e-02	8.8929e-03	0.040209	2
VGLL3__P1P2	8	7.3894e-02	8.8929e-03	0.040209	1
TMTC2__P1P2	8	7.4741e-02	8.8929e-03	0.040209	2
CDC42EP5__P1P2	8	7.6035e-02	8.8929e-03	0.040209	2
TNRC6A__P1P2	8	7.6593e-02	8.8929e-03	0.040209	1
PTPN14__P1P2	8	8.0054e-02	8.8939e-03	0.040209	1
PARN__P1P2	11	8.0945e-02	1.2270e-02	0.051810	3
DOT1L__P1P2	8	8.6291e-02	8.8939e-03	0.040209	2
C6orf62__P1	11	8.7192e-02	1.2273e-02	0.051810	1
RAD1__P1P2	8	8.7279e-02	8.8939e-03	0.040209	2
DNAJC2__P1P2	8	8.7322e-02	8.8939e-03	0.040209	1
POC1A__P1P2	8	8.7650e-02	8.8939e-03	0.040209	2
HOXC4__ENST00000430889.2	8	9.2277e-02	8.8939e-03	0.040209	2
SUPT3H__P1P2	8	9.3161e-02	8.8939e-03	0.040209	2
IBA57__P1P2	8	9.5676e-02	8.8939e-03	0.040209	1
RYR3__P1P2	8	9.9074e-02	8.8939e-03	0.040209	1
CHTF18__P1P2	8	1.0385e-01	1.3091e-02	0.051810	2
FAM216A__P1P2	8	1.0556e-01	1.3091e-02	0.051810	2
CTIF__P1P2	8	1.1154e-01	1.3092e-02	0.051810	2
ADD1__P1P2	8	1.1248e-01	1.3092e-02	0.051810	2
HYDIN__71263838	8	1.1255e-01	1.3092e-02	0.051810	1
C1orf101__P1P2	8	1.1516e-01	1.3092e-02	0.051810	1
PIP4K2C__P1P2	8	1.1627e-01	1.3092e-02	0.051810	2
PSPH__P2	8	1.1997e-01	1.3174e-02	0.051810	2
UBE2C__P1P2	8	1.2050e-01	1.3174e-02	0.051810	2
ACADS__P1P2	8	1.2071e-01	1.3174e-02	0.051810	1
ZCCHC11__P1P2	8	1.2077e-01	1.3174e-02	0.051810	2
TIMM17B__P1P2	8	1.2311e-01	1.3174e-02	0.051810	2
CNTD2__P1	8	1.2365e-01	1.3174e-02	0.051810	1
TMEM86A__P1P2	8	1.2439e-01	1.3174e-02	0.051810	1
FAF1__P1P2	8	1.2519e-01	1.3174e-02	0.051810	2
DNAJC3__P1P2	8	1.2630e-01	1.3175e-02	0.051810	2
CCNK__P2	11	1.2714e-01	1.2459e-02	0.051810	1
SYT14__P1P2	8	1.2797e-01	1.3175e-02	0.051810	2
HIVEP1__P1P2	8	1.2993e-01	1.3175e-02	0.051810	2
MLLT3__P1P2	8	1.3062e-01	1.3175e-02	0.051810	2
ZNF608__P2	8	1.3078e-01	1.3175e-02	0.051810	2
TLN1__P1P2	8	1.3388e-01	1.3271e-02	0.051810	2
CHCHD3__P1P2	8	1.3416e-01	1.3271e-02	0.051810	2
DPF2__P1	8	1.4072e-01	1.3271e-02	0.051810	2
HAX1__P1P2	8	1.4172e-01	1.3271e-02	0.051810	2
SPIN1__P1P2	8	1.4475e-01	1.3272e-02	0.051810	2
ARHGEF18__P1P2	8	1.4549e-01	1.3272e-02	0.051810	1
COG6__P1P2	8	1.4750e-01	1.3272e-02	0.051810	2
BIVM__P1	8	1.5051e-01	1.3272e-02	0.051810	1
KIF22__P1	8	1.5123e-01	1.3272e-02	0.051810	1
GNPNAT1__P1P2	8	1.5144e-01	1.3272e-02	0.051810	2
HMGCR__P1P2	8	1.5290e-01	1.3272e-02	0.051810	2
FAM83H__P1P2	8	1.5516e-01	1.5366e-02	0.057957	2
PTPRF__P1P2	8	1.5800e-01	1.7459e-02	0.057957	1
PGPEP1__P1P2	8	1.5942e-01	1.7459e-02	0.057957	1
PRR14L__P1P2	8	1.6161e-01	1.7459e-02	0.057957	2
TRIM28__P1P2	8	1.6310e-01	1.7459e-02	0.057957	2
MTF1__P1P2	8	1.6414e-01	1.7459e-02	0.057957	2
NDUFS8__P1P2	8	1.6438e-01	1.7459e-02	0.057957	1
MMAB__P1P2	8	1.6773e-01	1.7460e-02	0.057957	2
CNKSR3__P1P2	8	1.6825e-01	1.7460e-02	0.057957	1
MYSM1__P1P2	8	1.6863e-01	1.7460e-02	0.057957	2
MCTS1__P1P2	8	1.7104e-01	1.7460e-02	0.057957	2
ATP12A__P1P2	8	1.7176e-01	1.7460e-02	0.057957	1
ERC1__P1P2	8	1.7360e-01	1.7460e-02	0.057957	2
MED12__P1P2	8	1.7386e-01	1.7460e-02	0.057957	1
MID1IP1__P1P2	8	1.7497e-01	1.7460e-02	0.057957	2
ERCC1__P1P2	8	1.7648e-01	1.7460e-02	0.057957	2
NR2E3__P1P2	8	1.7839e-01	1.7556e-02	0.057957	1
FAR1__P1P2	8	1.8044e-01	1.7556e-02	0.057957	2
EXOSC1__P1P2	8	1.8074e-01	1.7556e-02	0.057957	2
KAT2A__P1P2	8	1.8166e-01	1.7556e-02	0.057957	2
IFT88__P1P2	8	1.8288e-01	1.7556e-02	0.057957	2
HNRNPUL1__P1P2	11	1.8679e-01	1.8290e-02	0.057957	2
WDR82__P1P2	8	1.8717e-01	1.7556e-02	0.057957	2
PATL1__P1P2	8	1.8773e-01	1.7557e-02	0.057957	1
NPDC1__P1P2	8	1.8840e-01	1.7557e-02	0.057957	2
RNF146__P1P2	8	1.9489e-01	1.7557e-02	0.057957	2
GPI__P1P2	8	1.9582e-01	1.7557e-02	0.057957	2
TRAPPC6B__P1P2	8	1.9596e-01	1.7557e-02	0.057957	1
ARHGEF2__P1P2	8	1.9613e-01	1.7557e-02	0.057957	2
PTBP3__P1P2	8	1.9908e-01	1.7664e-02	0.057957	2
PLA2G7__P1P2	8	2.0079e-01	1.7664e-02	0.057957	2
CD99L2__P1P2	8	2.0266e-01	1.7665e-02	0.057957	2
CHAF1A__P1P2	8	2.0438e-01	1.7665e-02	0.057957	2
HEXIM1__P1P2	8	2.0517e-01	1.7665e-02	0.057957	2
SREK1IP1__P1P2	8	2.0548e-01	1.7665e-02	0.057957	2
ILK__P1P2	8	2.1191e-01	1.7794e-02	0.057957	2
CTNNB1__P1P2	8	2.1680e-01	1.7795e-02	0.057957	2
NFYB__P1P2	8	2.1680e-01	1.7795e-02	0.057957	2
WEE1__P1P2	8	2.1680e-01	1.7795e-02	0.057957	2
PTPN12__P1P2	8	2.1687e-01	1.7795e-02	0.057957	1
ZRSR2__P1P2	8	2.1759e-01	1.7795e-02	0.057957	2
SPECC1L__P1P2	8	2.1759e-01	1.7795e-02	0.057957	2
PRC1__P1P2	8	2.2012e-01	1.7795e-02	0.057957	2
IRX1__P1P2	8	2.2219e-01	1.7795e-02	0.057957	1
GET4__P1P2	8	2.2345e-01	1.7795e-02	0.057957	2
AATF__P1P2	7	2.2450e-01	1.6108e-02	0.057957	1
NUDT22__P1P2	8	2.2473e-01	1.7795e-02	0.057957	2
SMARCC1__P1P2	8	2.2632e-01	1.7961e-02	0.057957	2
WDR48__P1P2	8	2.2759e-01	1.7962e-02	0.057957	2
FBXO28__P1P2	8	2.3011e-01	1.8120e-02	0.057957	1
RNF168__P1P2	8	2.3077e-01	1.8304e-02	0.057957	1
UFC1__P1P2	8	2.3269e-01	1.8304e-02	0.057957	2
GPR137__P2	8	2.3429e-01	1.8304e-02	0.057957	2
LRP6__P1P2	8	2.3701e-01	1.8304e-02	0.057957	2
JPH3__P1P2	8	2.3991e-01	1.8304e-02	0.057957	1
NUFIP1__P1P2	8	2.4670e-01	1.8304e-02	0.057957	1
EMC1__P1P2	8	2.5345e-01	1.8305e-02	0.057957	1
ZNF121__P1P2	8	2.5632e-01	1.8305e-02	0.057957	1
UQCRC2__P1P2	11	2.5869e-01	2.4329e-02	0.074599	2
SPEN__P1P2	8	2.6929e-01	2.2337e-02	0.068711	1
GNAI1__P1P2	8	2.7148e-01	2.2337e-02	0.068711	1
SPAG9__P1P2	8	2.7367e-01	2.2337e-02	0.068711	1
GDF7__P1P2	8	2.7803e-01	2.2337e-02	0.068711	1
SUPT4H1__P1P2	8	2.8113e-01	2.2338e-02	0.068711	1
MSI1__P1P2	8	2.8329e-01	2.2338e-02	0.068711	1
BRAP__P1P2	8	2.8421e-01	2.2338e-02	0.068711	1
CAPZA1__P1P2	8	2.8821e-01	2.2338e-02	0.068711	1
SLC4A1AP__P1P2	8	2.8821e-01	2.2338e-02	0.068711	1
KCTD3__P1P2	8	2.9736e-01	2.6252e-02	0.076631	1
MED15__P1	8	2.9918e-01	2.6252e-02	0.076631	1
GAL__P1P2	8	3.0431e-01	2.6252e-02	0.076631	1
BCL2L13__P1P2	8	3.0581e-01	2.6252e-02	0.076631	1
S100A16__P1P2	8	3.2037e-01	2.6253e-02	0.076631	1
ARHGAP21__P1P2	8	3.2214e-01	2.6253e-02	0.076631	1
TMEM258__P1P2	8	3.2273e-01	2.6253e-02	0.076631	1
TRIM56__P1P2	8	3.2331e-01	2.6253e-02	0.076631	1
AP1G1__P1P2	8	3.2566e-01	2.6253e-02	0.076631	1
CHERP__P1P2	8	3.2858e-01	2.6253e-02	0.076631	1
LSR__P1P2	8	3.2916e-01	2.6253e-02	0.076631	1
FAM179B__P1P2	8	3.3032e-01	2.6253e-02	0.076631	1
TPR__P1P2	8	3.3294e-01	2.6253e-02	0.076631	1
CEP63__P1P2	8	3.3438e-01	2.6253e-02	0.076631	1
RBM7__P1P2	8	3.3525e-01	2.6253e-02	0.076631	1
REC8__P1P2	8	3.3612e-01	2.6253e-02	0.076631	1
ATL3__P1P2	8	3.4072e-01	3.0285e-02	0.080874	1
SAMD1__P1P2	8	3.4358e-01	3.0285e-02	0.080874	1
CXorf56__P1P2	11	3.4423e-01	3.0501e-02	0.081005	1
FNBP4__P1P2	8	3.4757e-01	3.0285e-02	0.080874	1
USP44__P1	8	3.5013e-01	3.0285e-02	0.080874	1
UBE2Q1__P1P2	8	3.5098e-01	3.0285e-02	0.080874	1
BTAF1__P1P2	8	3.5154e-01	3.0285e-02	0.080874	1
PCSK1N__P1P2	11	3.5307e-01	3.0502e-02	0.081005	1
RAI14__P1P2	8	3.5380e-01	3.0285e-02	0.080874	1
CNOT11__P1P2	8	3.5830e-01	3.0285e-02	0.080874	1
CMC1__P1P2	8	3.5913e-01	3.0285e-02	0.080874	1
ARF1__P1P2	8	3.6276e-01	3.0285e-02	0.080874	1
TMEM198__P1P2	8	3.7024e-01	3.0285e-02	0.080874	1
SAE1__P1P2	8	3.7024e-01	3.0285e-02	0.080874	1
ORC5__P1P2	8	3.7381e-01	3.0285e-02	0.080874	1
ZBTB2__P1P2	8	3.7628e-01	3.0285e-02	0.080874	1
HEATR3__P1P2	8	3.8253e-01	3.0285e-02	0.080874	1
THAP2__P1	8	3.8443e-01	3.0285e-02	0.080874	1
TCTN1__P1P2	8	3.8793e-01	3.0286e-02	0.080874	1
VPS26A__P1P2	8	3.9142e-01	3.0286e-02	0.080874	1
SERPINB9__P1P2	8	3.9754e-01	3.0286e-02	0.080874	1
TSSC1__P1P2	8	3.9913e-01	3.0286e-02	0.080874	1
HLA-DMA__P2	8	4.0335e-01	3.0286e-02	0.080874	1
PPM1F__P1P2	8	4.0545e-01	3.0286e-02	0.080874	1
CNR1__P1P2	8	4.0649e-01	3.0286e-02	0.080874	1
BCKDHA__P1	8	4.1015e-01	3.0286e-02	0.080874	1
SETDB1__P1P2	8	4.1533e-01	3.0286e-02	0.080874	1
GPR89B__147400326	8	4.1585e-01	3.0286e-02	0.080874	1
PPM1G__P1	8	4.2380e-01	3.0286e-02	0.080874	1
RAD21__P1P2	8	4.2456e-01	3.0286e-02	0.080874	1
PCDHGA12__P1P2	8	4.2963e-01	3.0286e-02	0.080874	1
STT3B__P1P2	8	4.3216e-01	3.0286e-02	0.080874	1
ARRDC4__P1P2	8	4.3517e-01	3.0286e-02	0.080874	1
SLC30A3__P1P2	8	4.3867e-01	3.4308e-02	0.087990	1
TTC3__P1P2	8	4.3991e-01	3.4308e-02	0.087990	1
TINF2__P1P2	8	4.4115e-01	3.4308e-02	0.087990	1
WDR18__P1P2	8	4.4363e-01	3.4308e-02	0.087990	1
CENPF__P1P2	8	4.4561e-01	3.4308e-02	0.087990	1
ZC3H14__P1P2	8	4.4978e-01	3.4308e-02	0.087990	1
DICER1__P1P2	8	4.5296e-01	3.4309e-02	0.087990	1
APEX2__P1P2	8	4.5490e-01	3.4309e-02	0.087990	1
LIMS1__P1P2	8	4.6550e-01	3.4309e-02	0.087990	1
ELOVL6__P1P2	8	4.6597e-01	3.4309e-02	0.087990	1
PNKP__P1P2	8	4.6645e-01	3.4309e-02	0.087990	1
RBM14-RBM4__P2	8	4.6740e-01	3.4309e-02	0.087990	1
TRIM24__P1P2	8	4.6788e-01	3.4309e-02	0.087990	1
VWA9__P1P2	8	4.7049e-01	3.8297e-02	0.096189	1
PRKCI__P1P2	8	4.7356e-01	3.8297e-02	0.096189	1
GPBP1__P1P2	8	4.7426e-01	3.8297e-02	0.096189	1
DNMT1__P1P2	8	4.7567e-01	3.8297e-02	0.096189	1
RAD9A__P1P2	8	4.7825e-01	3.8297e-02	0.096189	1
TADA2B__P1P2	8	4.8453e-01	3.8298e-02	0.096189	1
PLEKHG2__P1P2	8	4.8936e-01	3.8298e-02	0.096189	1
ATXN2L__P1P2	8	4.9211e-01	3.8298e-02	0.096189	1
NUDT15__P1P2	8	4.9552e-01	4.2448e-02	0.098709	1
GNA13__P1P2	8	4.9621e-01	4.2448e-02	0.098709	1
TACC3__P1	8	4.9666e-01	4.2448e-02	0.098709	1
RPL36A__P1P2	8	4.9982e-01	4.2448e-02	0.098709	1
FBXO42__P1P2	8	5.0072e-01	4.2448e-02	0.098709	1
SUPT20H__P1P2	8	5.0162e-01	4.2448e-02	0.098709	1
CCDC12__P1	8	5.0207e-01	4.2448e-02	0.098709	1
PAXIP1__P1P2	8	5.0274e-01	4.2448e-02	0.098709	1
XPC__P1	8	5.0520e-01	4.2448e-02	0.098709	1
TMEM229B__P1	8	5.0698e-01	4.2448e-02	0.098709	1
HAUS8__P1P2	8	5.1230e-01	4.2448e-02	0.098709	1
DEGS1__P1P2	8	5.1318e-01	4.2448e-02	0.098709	1
C20orf196__P1P2	8	5.1362e-01	4.2448e-02	0.098709	1
DENND5A__P1P2	11	5.1549e-01	4.2246e-02	0.098709	1
ATM__P1P2	8	5.1712e-01	4.2448e-02	0.098709	1
AMOTL1__P1P2	8	5.1974e-01	4.2448e-02	0.098709	1
PFDN5__P1P2	8	5.2600e-01	4.2449e-02	0.098709	1
POLE3__P1P2	8	5.2665e-01	4.2449e-02	0.098709	1
EIF4H__P1P2	8	5.2751e-01	4.2449e-02	0.098709	1
SDF2__P1P2	8	5.3007e-01	4.2449e-02	0.098709	1
PHC1__P1P2	8	5.3305e-01	4.2449e-02	0.098709	1
KMT2D__P1P2	8	5.3369e-01	4.2449e-02	0.098709	1
BCR__P1P2	8	5.3685e-01	4.2449e-02	0.098709	1
SERF1B__69320873	8	5.4313e-01	4.2449e-02	0.098709	1
SGK3__ENST00000396596.1_ENST00000522398.1	8	5.4396e-01	4.2449e-02	0.098709	1
TRIP6__P1P2	8	5.4396e-01	4.2449e-02	0.098709	1
TAF6__P1P2	8	5.4893e-01	4.2449e-02	0.098709	1
KAT6B__P1P2	8	5.4934e-01	4.2449e-02	0.098709	1
AGO2__141644983	8	5.5016e-01	4.2449e-02	0.098709	1
HDAC8__P1P2	8	5.5466e-01	4.2449e-02	0.098709	1
AK2__P1P2	8	5.5527e-01	4.2449e-02	0.098709	1
IFT46__P1P2	8	5.6193e-01	4.6471e-02	0.105538	1
ZNF710__P1P2	8	5.6333e-01	4.6471e-02	0.105538	1
BEND2__P1P2	8	5.6473e-01	4.6471e-02	0.105538	1
NUP188__P1P2	8	5.6513e-01	4.6471e-02	0.105538	1
TM9SF3__P1P2	8	5.6553e-01	4.6471e-02	0.105538	1
RBPMS2__P1P2	8	5.6791e-01	4.6471e-02	0.105538	1
SRSF11__P2	8	5.6949e-01	4.6471e-02	0.105538	1
PPIL1__P1P2	8	5.7675e-01	4.6472e-02	0.105538	1
TMX2__P1P2	8	5.7675e-01	4.6472e-02	0.105538	1
SSBP3__P1P2	8	5.7675e-01	4.6472e-02	0.105538	1
SRCAP__P1P2	8	5.8274e-01	5.0592e-02	0.112019	1
CENPO__P1P2	8	5.8313e-01	5.0592e-02	0.112019	1
ZZZ3__P1P2	8	5.8351e-01	5.0592e-02	0.112019	1
ATG16L1__P1P2	8	5.8562e-01	5.0592e-02	0.112019	1
RBX1__P1P2	8	5.8562e-01	5.0592e-02	0.112019	1
KIAA1429__P1P2	8	5.8733e-01	5.0592e-02	0.112019	1
UBA3__P1P2	8	5.8810e-01	5.0592e-02	0.112019	1
GTF2IRD2__74267046	8	5.8867e-01	5.0592e-02	0.112019	1
RNF8__P1P2	8	5.9037e-01	5.0593e-02	0.112019	1
PDS5A__P1P2	8	5.9339e-01	5.0593e-02	0.112019	1
GTF3C4__P1P2	8	5.9414e-01	5.0593e-02	0.112019	1
IMMT__P1P2	8	5.9507e-01	5.2722e-02	0.116204	1
DCP1A__P1P2	8	5.9507e-01	5.2722e-02	0.116204	1
CAB39__P1P2	8	5.9601e-01	5.4851e-02	0.117696	1
ING1__P1	8	5.9676e-01	5.4851e-02	0.117696	1
NCSTN__P1P2	8	5.9787e-01	5.4851e-02	0.117696	1
PARL__P1P2	8	6.0103e-01	5.4851e-02	0.117696	1
TMEM110__P1P2	8	6.0158e-01	5.4851e-02	0.117696	1
ZBTB7B__P1P2	8	6.0269e-01	5.4851e-02	0.117696	1
CLDN3__P1P2	8	6.0434e-01	5.4851e-02	0.117696	1
ESYT2__P1P2	8	6.0434e-01	5.4851e-02	0.117696	1
TCTN2__P1P2	8	6.1144e-01	5.4852e-02	0.117696	1
GART__P1P2	8	6.1270e-01	5.4852e-02	0.117696	1
BMS1__P1P2	8	6.1324e-01	5.4852e-02	0.117696	1
CACHD1__P1P2	8	6.1432e-01	5.4852e-02	0.117696	1
UHRF1__P1P2	8	6.1754e-01	5.8897e-02	0.126097	1
FAM98A__P1P2	8	6.2056e-01	6.3001e-02	0.133998	1
LSM12__P1P2	8	6.2056e-01	6.3001e-02	0.133998	1
PPP2CA__P1P2	8	6.2109e-01	6.3001e-02	0.133998	1
TRABD__P1	8	6.2179e-01	6.7008e-02	0.138875	1
WDR86__P1P2	8	6.2215e-01	6.7008e-02	0.138875	1
SGK223__P1P2	8	6.2250e-01	6.7008e-02	0.138875	1
MED13L__P1P2	8	6.2425e-01	6.7008e-02	0.138875	1
USP48__P1P2	8	6.2478e-01	6.7008e-02	0.138875	1
ABHD16A__P1P2	8	6.2478e-01	6.7008e-02	0.138875	1
KPNA2__P1P2	8	6.2635e-01	6.7008e-02	0.138875	1
ARHGAP12__P1P2	8	6.3018e-01	6.7009e-02	0.138875	1
KIAA0020__P1	8	6.3052e-01	6.7009e-02	0.138875	0
MED19__P1P2	8	6.3190e-01	6.7009e-02	0.138875	0
PTRHD1__P1P2	8	6.3465e-01	7.1013e-02	0.146549	0
MIR205HG__P2	8	6.3533e-01	7.1013e-02	0.146549	0
ACTR5__P1P2	8	6.3670e-01	7.4999e-02	0.151032	0
KDM5A__P1P2	8	6.3721e-01	7.4999e-02	0.151032	0
PDIA4__P1P2	8	6.3772e-01	7.4999e-02	0.151032	0
LNPEP__P1P2	8	6.3941e-01	7.4999e-02	0.151032	0
LUZP1__P1P2	8	6.4110e-01	7.4999e-02	0.151032	0
CDC26__P1P2	8	6.4144e-01	7.4999e-02	0.151032	0
PCGF2__P1	8	6.4177e-01	7.4999e-02	0.151032	0
TUBA1C__P1P2	8	6.4278e-01	7.4999e-02	0.151032	0
IFT57__P1P2	8	6.4345e-01	7.4999e-02	0.151032	0
INPP4A__P1P2	8	6.4546e-01	7.5000e-02	0.151032	0
LYRM7__P1P2	8	6.4845e-01	7.5000e-02	0.151032	0
GNG4__P1P2	8	6.5273e-01	7.9030e-02	0.151216	0
PIH1D1__P1P2	8	6.5305e-01	7.9030e-02	0.151216	0
PALB2__P1P2	8	6.5371e-01	7.9030e-02	0.151216	0
EYA3__P1P2	8	6.5517e-01	7.9030e-02	0.151216	0
DBF4__P1P2	8	6.5647e-01	7.9030e-02	0.151216	0
USP15__P1P2	8	6.5696e-01	7.9030e-02	0.151216	0
DCAF4__P1P2	8	6.5793e-01	7.9030e-02	0.151216	0
ZFC3H1__P1P2	8	6.5922e-01	7.9030e-02	0.151216	0
HIF1AN__P1P2	8	6.6002e-01	7.9030e-02	0.151216	0
INTS10__P1P2	8	6.6083e-01	7.9030e-02	0.151216	0
ARHGEF5__144052240	8	6.6115e-01	7.9030e-02	0.151216	0
PMVK__P1P2	8	6.6274e-01	7.9030e-02	0.151216	0
C19orf53__P1P2	8	6.6306e-01	7.9030e-02	0.151216	0
RPL14__P1P2	8	6.6402e-01	7.9030e-02	0.151216	0
NAA15__P1P2	8	6.6513e-01	7.9031e-02	0.151216	0
NOTCH2NL__145208892	8	6.7033e-01	7.9031e-02	0.151216	0
AKAP3__P1	8	6.7126e-01	7.9031e-02	0.151216	0
IFT172__P1P2	8	6.7158e-01	7.9031e-02	0.151216	0
KIF18B__P1P2	8	6.7360e-01	7.9031e-02	0.151216	0
PORCN__P2	8	6.7360e-01	7.9031e-02	0.151216	0
ZFAT__P1	8	6.7453e-01	7.9031e-02	0.151216	0
GMEB1__P1P2	8	6.7561e-01	7.9031e-02	0.151216	0
GTDC1__P1P2	8	6.7653e-01	7.9031e-02	0.151216	0
GTF2I__74071821	8	6.7684e-01	7.9031e-02	0.151216	0
IPO5__P1P2	8	6.7715e-01	7.9031e-02	0.151216	0
MBD6__P1P2	8	6.7883e-01	8.3024e-02	0.151693	0
RNF2__P1P2	8	6.7929e-01	8.3024e-02	0.151693	0
XRCC1__P1P2	11	6.8056e-01	6.4063e-02	0.135665	1
TBCC__P1P2	8	6.8112e-01	8.3024e-02	0.151693	0
ATP6V0E1__P1P2	8	6.8172e-01	8.3024e-02	0.151693	0
G0S2__P1P2	8	6.8172e-01	8.3024e-02	0.151693	0
CTDSPL2__P1P2	8	6.8248e-01	8.3024e-02	0.151693	0
RPS14__P1P2	8	6.8294e-01	8.3024e-02	0.151693	0
U2SURP__P1P2	8	6.8384e-01	8.3024e-02	0.151693	0
GPX3__P1P2	8	6.8384e-01	8.3024e-02	0.151693	0
PPP2R1A__P1	8	6.8625e-01	8.3024e-02	0.151693	0
FAM203A__ENST00000347708.4	8	6.8744e-01	8.3024e-02	0.151693	0
ZNF286A__15602675	8	6.8863e-01	8.3024e-02	0.151693	0
DPP9__P1	8	6.8893e-01	8.3024e-02	0.151693	0
LDB3__P1P2	8	6.8923e-01	8.3024e-02	0.151693	0
CCDC101__P1P2	8	6.9086e-01	8.3026e-02	0.151693	0
ZMYM4__P1P2	11	6.9165e-01	6.4064e-02	0.135665	1
PKNOX1__P1P2	9	6.9379e-01	8.4830e-02	0.152900	0
TICAM2__P2	8	6.9380e-01	8.3026e-02	0.151693	0
TPI1__P1P2	8	6.9380e-01	8.3026e-02	0.151693	0
VPS9D1__P1P2	8	6.9570e-01	8.3026e-02	0.151693	0
TTLL10__P1	8	6.9600e-01	8.3026e-02	0.151693	0
KLF5__P1P2	8	6.9658e-01	8.3026e-02	0.151693	0
FAM72A__ENST00000367128.3	8	6.9832e-01	8.3026e-02	0.151693	0
C17orf49__P2	8	6.9947e-01	8.3026e-02	0.151693	0
CSNK1A1__P1P2	8	7.0235e-01	8.3026e-02	0.151693	0
BBC3__P1P2	8	7.0263e-01	8.3026e-02	0.151693	0
DCUN1D1__P1P2	8	7.0420e-01	8.6989e-02	0.152900	0
PTPN20A__46639859	8	7.0420e-01	8.6989e-02	0.152900	0
MTF2__P1P2	8	7.0520e-01	8.6989e-02	0.152900	0
MYH9__P1P2	8	7.0576e-01	8.6989e-02	0.152900	0
NXT1__P1P2	8	7.0661e-01	8.6989e-02	0.152900	0
ESYT1__P2	8	7.0689e-01	8.6989e-02	0.152900	0
TAF11__P1P2	8	7.0886e-01	8.6989e-02	0.152900	0
NABP2__P1	8	7.0998e-01	8.6989e-02	0.152900	0
USP3__P1P2	8	7.1026e-01	8.6989e-02	0.152900	0
CYFIP2__P1P2	8	7.1180e-01	8.6989e-02	0.152900	0
VPS51__P1P2	8	7.1277e-01	8.6989e-02	0.152900	0
DYNC1LI1__P1P2	8	7.1318e-01	8.6990e-02	0.152900	0
ENY2__P1P2	8	7.1374e-01	8.6990e-02	0.152900	0
SREBF1__P1	8	7.1525e-01	8.6990e-02	0.152900	0
RAC1__P1P2	8	7.1663e-01	8.6990e-02	0.152900	0
DSCR3__P1P2	8	7.1717e-01	8.6990e-02	0.152900	0
GNE__P1P2	11	7.1732e-01	7.5050e-02	0.151032	1
GLCE__P1P2	8	7.1895e-01	8.6990e-02	0.152900	0
BRD2__P1	8	7.1895e-01	8.6990e-02	0.152900	0
CCDC94__P1P2	8	7.2058e-01	8.6990e-02	0.152900	0
ZAR1L__P1P2	8	7.2098e-01	8.6990e-02	0.152900	0
PPP2R5C__P1P2	8	7.2381e-01	9.4972e-02	0.166033	0
TUFM__28856875	8	7.2488e-01	9.4973e-02	0.166033	0
CCR6__ENST00000400926.2	8	7.2528e-01	9.4973e-02	0.166033	0
OXR1__ENST00000312046.6	8	7.2634e-01	9.8982e-02	0.172111	0
GTF2H2C__68855815	8	7.2767e-01	9.8982e-02	0.172111	0
AES__P1P2	8	7.3004e-01	9.8982e-02	0.172111	0
RPUSD4__P1P2	8	7.3615e-01	1.0682e-01	0.179946	0
ASUN__P1P2	8	7.3756e-01	1.0682e-01	0.179946	0
TXNDC16__P1P2	8	7.3782e-01	1.0682e-01	0.179946	0
CHRNA7__32322509	8	7.4088e-01	1.0682e-01	0.179946	0
AGPS__P1P2	8	7.4126e-01	1.0682e-01	0.179946	0
PRCP__P1	8	7.4290e-01	1.0682e-01	0.179946	0
MED25__P1P2	8	7.4290e-01	1.0682e-01	0.179946	0
ZNF740__P1P2	8	7.4403e-01	1.0682e-01	0.179946	0
UBR5__P1P2	8	7.4453e-01	1.0682e-01	0.179946	0
LHFP__P1P2	8	7.4515e-01	1.0682e-01	0.179946	0
ZNF787__P1P2	8	7.4515e-01	1.0682e-01	0.179946	0
SOS1__P1P2	8	7.4565e-01	1.0682e-01	0.179946	0
GDI2__P1	8	7.4652e-01	1.0682e-01	0.179946	0
LCOR__P1P2	8	7.4689e-01	1.0682e-01	0.179946	0
GLYR1__P1P2	8	7.4739e-01	1.0682e-01	0.179946	0
PPME1__P1P2	8	7.4739e-01	1.0682e-01	0.179946	0
FAM64A__P1P2	8	7.4863e-01	1.0682e-01	0.179946	0
ZC3H4__P1	8	7.5072e-01	1.1467e-01	0.191838	0
RPL34__P1P2	8	7.5182e-01	1.1857e-01	0.194673	0
EVI5__P1P2	8	7.5376e-01	1.1857e-01	0.194673	0
RRP8__P1P2	8	7.5400e-01	1.1857e-01	0.194673	0
CCDC64__ENST00000397558.2	8	7.5521e-01	1.1857e-01	0.194673	0
HUS1__P1P2	8	7.5521e-01	1.1857e-01	0.194673	0
SUB1__P1	8	7.5713e-01	1.1857e-01	0.194673	0
EIF3F__P1P2	11	7.5749e-01	1.0205e-01	0.177122	0
DR1__P1P2	8	7.5809e-01	1.1857e-01	0.194673	0
SPTLC2__P1P2	8	7.6165e-01	1.1857e-01	0.194673	0
SIN3B__P1P2	8	7.6212e-01	1.1857e-01	0.194673	0
EIF4B__P1P2	8	7.6259e-01	1.1857e-01	0.194673	0
KIFC1__P1P2	8	7.6446e-01	1.2247e-01	0.200738	0
CNOT3__P1P2	8	7.6562e-01	1.2642e-01	0.206863	0
MARCKS__P1P2	8	7.6805e-01	1.3028e-01	0.209304	0
POLE4__P1P2	8	7.7181e-01	1.3028e-01	0.209304	0
TP53__P1P2	8	7.7227e-01	1.3028e-01	0.209304	0
SPINT1__P1P2	8	7.7340e-01	1.3028e-01	0.209304	0
MAU2__P1P2	8	7.7396e-01	1.3028e-01	0.209304	0
ARHGAP11B__30918117	8	7.7497e-01	1.3028e-01	0.209304	0
UBA2__P1P2	8	7.7519e-01	1.3028e-01	0.209304	0
FAM115C__143317820	8	7.7553e-01	1.3028e-01	0.209304	0
GPATCH8__P1P2	8	7.7553e-01	1.3028e-01	0.209304	0
RBM15__110881839	8	7.7664e-01	1.3028e-01	0.209304	0
XPO5__P1P2	8	7.7664e-01	1.3028e-01	0.209304	0
NAE1__P1P2	8	7.7720e-01	1.3412e-01	0.214420	0
CHST15__P2	8	7.7797e-01	1.3412e-01	0.214420	0
MUT__P1P2	11	7.7840e-01	1.0745e-01	0.180696	0
ANP32B__P1P2	8	7.7941e-01	1.3782e-01	0.219609	0
OPRD1__P1P2	8	7.7963e-01	1.3782e-01	0.219609	0
ANKRA2__P1P2	8	7.8040e-01	1.3968e-01	0.222215	0
RPS11__P1P2	8	7.8083e-01	1.4155e-01	0.224445	0
UBE3A__P1P2	8	7.8127e-01	1.4155e-01	0.224445	0
SAP30BP__P1P2	8	7.8247e-01	1.4519e-01	0.229093	0
RPS13__P1P2	8	7.8269e-01	1.4519e-01	0.229093	0
RRNAD1__P1P2	8	7.8366e-01	1.4519e-01	0.229093	0
L3MBTL2__P1P2	8	7.8699e-01	1.4897e-01	0.233932	0
PIGL__P1P2	8	7.8742e-01	1.4897e-01	0.233932	0
ICMT__P1P2	8	7.8763e-01	1.4897e-01	0.233932	0
LOC643037__P1P2	8	7.9081e-01	1.5271e-01	0.239405	0
AP1B1__P1P2	8	7.9227e-01	1.5641e-01	0.241699	0
RPS8__P1P2	8	7.9248e-01	1.5641e-01	0.241699	0
EMD__P1P2	8	7.9311e-01	1.5641e-01	0.241699	0
ZNF43__P1	8	7.9363e-01	1.5641e-01	0.241699	0
ZNF444__P1P2	8	7.9363e-01	1.5641e-01	0.241699	0
LRRC28__P1P2	8	7.9363e-01	1.5641e-01	0.241699	0
RALGAPA1__P1P2	8	7.9559e-01	1.5641e-01	0.241699	0
USP28__P1P2	8	7.9580e-01	1.5641e-01	0.241699	0
TRAPPC2L__P1P2	8	7.9662e-01	1.6020e-01	0.245228	0
RAD51AP1__P1P2	8	7.9703e-01	1.6020e-01	0.245228	0
STAG2__P1	8	7.9723e-01	1.6020e-01	0.245228	0
TOP1__P1P2	8	7.9805e-01	1.6021e-01	0.245228	0
SMG7__P1P2	8	7.9825e-01	1.6021e-01	0.245228	0
AHR__P1P2	11	7.9845e-01	1.1290e-01	0.189200	0
LYPLA2__P1P2	8	7.9906e-01	1.6392e-01	0.250513	0
UBE2R2__P1P2	8	8.0018e-01	1.6768e-01	0.254660	0
FAM178A__P1P2	8	8.0128e-01	1.6768e-01	0.254660	0
SF3A2__P2	8	8.0169e-01	1.6768e-01	0.254660	0
ELMO3__P1P2	8	8.0249e-01	1.6768e-01	0.254660	0
TBC1D31__P1P2	8	8.0418e-01	1.6955e-01	0.257102	0
FDXR__P1P2	11	8.0471e-01	1.1290e-01	0.189200	0
CRLS1__P1P2	8	8.0487e-01	1.7142e-01	0.259132	0
MAPRE1__P1P2	8	8.0546e-01	1.7142e-01	0.259132	0
SUFU__104263513	8	8.0947e-01	1.7524e-01	0.262458	0
SALL2__P1P2	8	8.1082e-01	1.7524e-01	0.262458	0
NDUFAF6__P1P2	8	8.1111e-01	1.7524e-01	0.262458	0
TAF9__P1P2	8	8.1140e-01	1.7524e-01	0.262458	0
MEAF6__P1P2	8	8.1178e-01	1.7524e-01	0.262458	0
ROCK1__18690984	8	8.1235e-01	1.7524e-01	0.262458	0
BTBD9__P1P2	8	8.1454e-01	1.7889e-01	0.267101	0
PRKRIR__P1P2	8	8.1454e-01	1.7889e-01	0.267101	0
INO80C__P1P2	8	8.1529e-01	1.8258e-01	0.271775	0
HIBADH__P1P2	8	8.1567e-01	1.8258e-01	0.271775	0
CCNC__P1P2	8	8.1605e-01	1.8619e-01	0.276726	0
MPHOSPH8__P1	8	8.1736e-01	1.8997e-01	0.281480	0
C21orf58__P1	8	8.1829e-01	1.8997e-01	0.281480	0
SURF2__P1P2	11	8.1853e-01	1.1824e-01	0.194673	0
C11orf73__P1P2	8	8.1894e-01	1.9174e-01	0.283668	0
CYLD__P1P2	8	8.1977e-01	1.9704e-01	0.290191	0
RAD17__P1P2	8	8.2014e-01	1.9704e-01	0.290191	0
NEDD8-MDP1__P1P2	8	8.2124e-01	1.9704e-01	0.290191	0
FBXL14__P1P2	8	8.2324e-01	2.0071e-01	0.293817	0
CFDP1__P1	8	8.2415e-01	2.0071e-01	0.293817	0
LTN1__P1P2	8	8.2478e-01	2.0071e-01	0.293817	0
UBE2E3__P1P2	8	8.2523e-01	2.0071e-01	0.293817	0
SCYL1__P1P2	8	8.2684e-01	2.0428e-01	0.298588	0
CUL3__P1P2	8	8.2764e-01	2.0779e-01	0.300557	0
STX7__P1P2	8	8.2923e-01	2.0779e-01	0.300557	0
FERMT1__P1P2	8	8.2975e-01	2.0779e-01	0.300557	0
USP1__P1P2	8	8.2975e-01	2.0779e-01	0.300557	0
INPPL1__P1P2	8	8.3002e-01	2.0779e-01	0.300557	0
SSR1__P1P2	8	8.3054e-01	2.0779e-01	0.300557	0
EXT1__P1P2	8	8.3106e-01	2.0779e-01	0.300557	0
FAM58A__P1P2	8	8.3306e-01	2.1133e-01	0.303424	0
CMC2__P1P2	8	8.3332e-01	2.1133e-01	0.303424	0
TRAPPC13__P1P2	8	8.3349e-01	2.1133e-01	0.303424	0
KDM3A__P1P2	8	8.3375e-01	2.1133e-01	0.303424	0
PDLIM7__P1	8	8.3495e-01	2.1134e-01	0.303424	0
EIF4A1__P1P2	8	8.3622e-01	2.1496e-01	0.307714	0
MINOS1-NBL1__P1P2	8	8.3639e-01	2.1496e-01	0.307714	0
ZNF655__P1P2	8	8.3732e-01	2.1843e-01	0.310855	0
SMN2__69345238	8	8.3833e-01	2.1843e-01	0.310855	0
SOX2__P1P2	11	8.3862e-01	1.3383e-01	0.214420	0
HNRNPA2B1__P1P2	8	8.3908e-01	2.1843e-01	0.310855	0
MCM7__P1P2	8	8.3958e-01	2.1843e-01	0.310855	0
DROSHA__31531421	8	8.4132e-01	2.2200e-01	0.313635	0
ING5__P1P2	8	8.4305e-01	2.2200e-01	0.313635	0
SERF1A__70196291	8	8.4337e-01	2.2200e-01	0.313635	0
PPP4R2__P1P2	8	8.4484e-01	2.2200e-01	0.313635	0
ELK3__P1P2	8	8.4516e-01	2.2200e-01	0.313635	0
PPFIBP1__P1P2	8	8.4693e-01	2.2536e-01	0.317462	0
CCDC137__P1P2	8	8.4709e-01	2.2536e-01	0.317462	0
FKBPL__P1P2	8	8.4756e-01	2.2875e-01	0.321777	0
DHH__P1P2	8	8.4883e-01	2.3569e-01	0.330109	0
NAA30__P1P2	8	8.4899e-01	2.3569e-01	0.330109	0
MKI67__P1P2	8	8.4915e-01	2.3569e-01	0.330109	0
PRAMEF12__ENST00000357726.4	8	8.4962e-01	2.3906e-01	0.334347	0
RFWD2__P1P2	8	8.5142e-01	2.4583e-01	0.343318	0
CENPQ__P1P2	11	8.5193e-01	1.5470e-01	0.241699	0
SNF8__P1P2	8	8.5266e-01	2.5259e-01	0.347262	0
ATRIP__P1P2	8	8.5290e-01	2.5259e-01	0.347262	0
CCDC6__P1P2	8	8.5351e-01	2.5259e-01	0.347262	0
TMEM81__ENST00000367167.3	8	8.5520e-01	2.5259e-01	0.347262	0
FRMPD2__49481953	8	8.5542e-01	2.5259e-01	0.347262	0
GHITM__P1P2	8	8.5565e-01	2.5259e-01	0.347262	0
PRPF40A__P1P2	8	8.5596e-01	2.5259e-01	0.347262	0
LIAS__P1P2	8	8.5611e-01	2.5259e-01	0.347262	0
SUGP1__P1P2	8	8.5641e-01	2.5259e-01	0.347262	0
BPTF__P1P2	8	8.5716e-01	2.5259e-01	0.347262	0
SLX1B__29465621	8	8.5784e-01	2.5764e-01	0.351992	0
BRMS1__P1P2	8	8.5814e-01	2.5929e-01	0.351992	0
G3BP2__P1P2	8	8.5836e-01	2.5929e-01	0.351992	0
NSDHL__P1P2	8	8.5851e-01	2.5929e-01	0.351992	0
SCAF11__P1P2	8	8.5896e-01	2.5929e-01	0.351992	0
KLHL5__P1P2	11	8.5946e-01	1.5977e-01	0.245228	0
KAT5__P1P2	8	8.5985e-01	2.5929e-01	0.351992	0
PICALM__P1P2	8	8.6088e-01	2.5929e-01	0.351992	0
CPNE1__P1P2	8	8.6191e-01	2.5929e-01	0.351992	0
SPRY4__P1P2	8	8.6329e-01	2.5929e-01	0.351992	0
HIST1H2AB__P1P2	8	8.6694e-01	2.6265e-01	0.355567	0
BUB1__P1P2	8	8.6708e-01	2.6265e-01	0.355567	0
USF2__P1P2	8	8.6793e-01	2.6925e-01	0.362991	0
NONO__P1P2	8	8.6898e-01	2.6926e-01	0.362991	0
ZFYVE9__P1P2	8	8.6898e-01	2.6926e-01	0.362991	0
PLEKHA5__P1P2	8	8.6939e-01	2.7086e-01	0.364649	0
NCF1__74188108	8	8.7030e-01	2.7578e-01	0.368715	0
TIMM10__P1P2	8	8.7043e-01	2.7578e-01	0.368715	0
NIPBL__P1P2	8	8.7071e-01	2.7578e-01	0.368715	0
SRSF6__P1	8	8.7153e-01	2.7578e-01	0.368715	0
GTF2IRD2B__74508172	8	8.7167e-01	2.7578e-01	0.368715	0
TNKS2__P1P2	8	8.7249e-01	2.7901e-01	0.372016	0
CORO1A__30194716	8	8.7276e-01	2.7901e-01	0.372016	0
AJUBA__P1P2	8	8.7479e-01	2.8556e-01	0.379699	0
HSPA14__P1P2	8	8.7526e-01	2.8556e-01	0.379699	0
FBXO8__P1	8	8.7572e-01	2.8881e-01	0.383500	0
CAP1__P1P2	8	8.7731e-01	2.9196e-01	0.386102	0
AP3B1__P1P2	8	8.7797e-01	2.9196e-01	0.386102	0
DUSP12__P1P2	8	8.7876e-01	2.9196e-01	0.386102	0
PFDN4__P1P2	8	8.7915e-01	2.9514e-01	0.389249	0
SPRR2G__P1P2	8	8.8005e-01	2.9514e-01	0.389249	0
SRGAP2__206636520	8	8.8140e-01	3.0447e-01	0.399839	0
UNC45A__P1	8	8.8140e-01	3.0447e-01	0.399839	0
KRTCAP3__P1P2	8	8.8249e-01	3.0447e-01	0.399839	0
CFC1B__131278628	8	8.8299e-01	3.0769e-01	0.399839	0
DET1__P1P2	8	8.8299e-01	3.0769e-01	0.399839	0
PTPN20A__46619211	8	8.8337e-01	3.0769e-01	0.399839	0
NCOA6__P1P2	8	8.8362e-01	3.0769e-01	0.399839	0
WDR89__P1P2	8	8.8400e-01	3.0769e-01	0.399839	0
NUTF2__P1P2	8	8.8562e-01	3.0769e-01	0.399839	0
CYP51A1__P1P2	8	8.8580e-01	3.0769e-01	0.399839	0
VEZF1__P1P2	8	8.8624e-01	3.0769e-01	0.399839	0
SMARCA5__P1P2	8	8.8801e-01	3.1557e-01	0.409524	0
HIST1H1E__P1P2	8	8.8880e-01	3.1716e-01	0.411034	0
ATRN__P1P2	8	8.9078e-01	3.2636e-01	0.421842	0
NAIP__70319713	8	8.9078e-01	3.2636e-01	0.421842	0
RPL9__P1P2	8	8.9190e-01	3.2945e-01	0.425271	0
CCDC77__P2	8	8.9412e-01	3.3249e-01	0.428618	0
YPEL3__P1P2	8	8.9447e-01	3.3546e-01	0.431872	0
NBPF14__148025047	8	8.9573e-01	3.4741e-01	0.445489	0
NDUFC1__P2	8	8.9642e-01	3.4741e-01	0.445489	0
ZDHHC17__P1P2	8	8.9698e-01	3.4741e-01	0.445489	0
SND1__P1P2	8	8.9777e-01	3.5329e-01	0.448306	0
UBE2S__P1P2	8	8.9777e-01	3.5329e-01	0.448306	0
FAM107A__P1P2	8	8.9867e-01	3.5329e-01	0.448306	0
ANAPC7__P1P2	8	8.9967e-01	3.5329e-01	0.448306	0
UBE2L3__P1P2	8	9.0131e-01	3.5329e-01	0.448306	0
SHC1__P2	8	9.0131e-01	3.5329e-01	0.448306	0
NSG1__NM_001040101_NM_014392	8	9.0131e-01	3.5329e-01	0.448306	0
UBE2E2__P1P2	8	9.0158e-01	3.5329e-01	0.448306	0
RBM34__P1P2	8	9.0218e-01	3.5474e-01	0.449548	0
POC1B__P1P2	8	9.0261e-01	3.5618e-01	0.450787	0
CD22__P1P2	11	9.0264e-01	2.4673e-01	0.344073	0
COL4A3BP__P1P2	8	9.0357e-01	3.5903e-01	0.453802	0
USP22__P1P2	8	9.0421e-01	3.6202e-01	0.456987	0
HRAS__P1	8	9.0522e-01	3.6491e-01	0.457822	0
RABL5__P1P2	8	9.0522e-01	3.6491e-01	0.457822	0
PTK2__P1P2	8	9.0569e-01	3.6786e-01	0.457822	0
GPRIN2__46993345	8	9.0683e-01	3.6786e-01	0.457822	0
DMRT3__P1P2	8	9.0704e-01	3.6786e-01	0.457822	0
RAB1A__P1P2	8	9.0745e-01	3.6786e-01	0.457822	0
CORIN__P1P2	8	9.0766e-01	3.6786e-01	0.457822	0
RASA2__P1P2	8	9.0786e-01	3.6786e-01	0.457822	0
B3GAT3__P1P2	8	9.0797e-01	3.6786e-01	0.457822	0
CENPL__P1P2	8	9.0817e-01	3.6786e-01	0.457822	0
LAMC1__P1P2	8	9.0848e-01	3.6786e-01	0.457822	0
PIGB__P1P2	8	9.1050e-01	3.7225e-01	0.462691	0
FAM115A__143598483	8	9.1129e-01	3.7513e-01	0.465684	0
GMPR2__P1P2	8	9.1272e-01	3.7657e-01	0.466272	0
MRE11A__P1P2	8	9.1287e-01	3.7657e-01	0.466272	0
ZCCHC8__P1P2	8	9.1340e-01	3.8232e-01	0.472198	0
LOC730183__NM_001256932	8	9.1393e-01	3.8232e-01	0.472198	0
USP10__P1P2	8	9.1518e-01	3.8798e-01	0.478569	0
MLLT4__P1P2	8	9.1623e-01	3.9076e-01	0.481398	0
CAPG__P1	8	9.1721e-01	3.9358e-01	0.484247	0
TCF3__P1P2	8	9.1744e-01	3.9498e-01	0.484639	0
SLC25A33__P1P2	8	9.1772e-01	3.9639e-01	0.484639	0
PCNXL3__P1P2	8	9.1782e-01	3.9639e-01	0.484639	0
NPM1__P1P2	8	9.1865e-01	3.9639e-01	0.484639	0
FECH__P1P2	8	9.1874e-01	3.9639e-01	0.484639	0
PEX7__P1P2	8	9.1965e-01	3.9919e-01	0.487452	0
PMAIP1__57567020	8	9.2132e-01	4.1554e-01	0.506779	0
TMEM194A__P1P2	8	9.2230e-01	4.2358e-01	0.515298	0
FOXK2__P1P2	8	9.2252e-01	4.2358e-01	0.515298	0
PSPC1__P1P2	8	9.2418e-01	4.2887e-01	0.519774	0
NPLOC4__P1P2	8	9.2443e-01	4.2887e-01	0.519774	0
UBE2M__P1P2	8	9.2478e-01	4.2887e-01	0.519774	0
MESDC2__P1P2	8	9.2690e-01	4.3941e-01	0.531888	0
HCN2__P1P2	8	9.2798e-01	4.4704e-01	0.537775	0
ZNF236__P1P2	8	9.2823e-01	4.4704e-01	0.537775	0
SMARCAL1__P1P2	8	9.2839e-01	4.4704e-01	0.537775	0
ARHGAP4__P1	8	9.2864e-01	4.4704e-01	0.537775	0
GTF3A__P1P2	8	9.2917e-01	4.4704e-01	0.537775	0
STRADA__P1P2	8	9.2998e-01	4.5210e-01	0.542933	0
ZIC2__P1P2	8	9.3030e-01	4.5339e-01	0.542933	0
HDAC7__P1P2	8	9.3094e-01	4.5468e-01	0.542933	0
ZNRF3__P1P2	8	9.3094e-01	4.5468e-01	0.542933	0
MAGED2__P2	8	9.3114e-01	4.5468e-01	0.542933	0
NOSIP__P1P2	8	9.3130e-01	4.5468e-01	0.542933	0
RIC8A__P2	8	9.3271e-01	4.6229e-01	0.548651	0
ADAMTS16__P2	8	9.3287e-01	4.6229e-01	0.548651	0
PKDCC__P1P2	8	9.3326e-01	4.6229e-01	0.548651	0
SENP2__P1P2	8	9.3364e-01	4.6229e-01	0.548651	0
HNRNPLL__P1P2	8	9.3471e-01	4.6229e-01	0.548651	0
UBE2D3__P1P2	8	9.3547e-01	4.6473e-01	0.550869	0
HUWE1__P1P2	8	9.3614e-01	4.6970e-01	0.556090	0
USF1__P1P2	8	9.3658e-01	4.7095e-01	0.556884	0
PPP6C__P1P2	8	9.3688e-01	4.7219e-01	0.557676	0
PFDN1__P1P2	8	9.3703e-01	4.7344e-01	0.558469	0
NAIP__70315936	8	9.3754e-01	4.7711e-01	0.562122	0
TGFBR2__P1P2	8	9.3776e-01	4.7955e-01	0.562275	0
DUSP22__292259	8	9.3790e-01	4.7955e-01	0.562275	0
ATP1A1__P1P2	8	9.3812e-01	4.7955e-01	0.562275	0
MLLT1__P1P2	8	9.3834e-01	4.7955e-01	0.562275	0
ARHGAP11A__32907502	8	9.4022e-01	4.9166e-01	0.575775	0
ATPAF2__P1P2	8	9.4172e-01	5.0359e-01	0.589040	0
KAT7__P1P2	8	9.4314e-01	5.1758e-01	0.603226	0
CCS__P1P2	8	9.4321e-01	5.1758e-01	0.603226	0
TATDN2__P1P2	8	9.4381e-01	5.1758e-01	0.603226	0
GNB1__P1P2	8	9.4418e-01	5.2104e-01	0.606522	0
DDA1__P1P2	8	9.4451e-01	5.2449e-01	0.609812	0
ACTA2__P2	8	9.4490e-01	5.2794e-01	0.613097	0
SERBP1__P1P2	8	9.4558e-01	5.3354e-01	0.618120	0
CDK10__P1P2	8	9.4565e-01	5.3354e-01	0.618120	0
MGEA5__P1P2	8	9.4594e-01	5.3573e-01	0.619180	0
B4GALT7__P1P2	8	9.4613e-01	5.3573e-01	0.619180	0
AUNIP__P1P2	8	9.4654e-01	5.3802e-01	0.621092	0
MEX3A__P1P2	8	9.4708e-01	5.4242e-01	0.625420	0
ZC3H7B__P1P2	8	9.4815e-01	5.4672e-01	0.629635	0
C11orf58__P1P2	8	9.5034e-01	5.5742e-01	0.641194	0
PTPN20A__46640202	8	9.5128e-01	5.6162e-01	0.644508	0
CALU__P1P2	8	9.5152e-01	5.6372e-01	0.645386	0
KCTD10__P1P2	8	9.5152e-01	5.6372e-01	0.645386	0
RNPS1__P1P2	8	9.5265e-01	5.7208e-01	0.653419	0
CREBBP__P1P2	8	9.5293e-01	5.7208e-01	0.653419	0
FAM3B__P1P2	8	9.5472e-01	5.8829e-01	0.670367	0
FAM115A__143579171	8	9.5503e-01	5.8829e-01	0.670367	0
SMAD1__P1P2	8	9.5527e-01	5.9430e-01	0.676416	0
IBTK__P1	8	9.5576e-01	6.0019e-01	0.680732	0
PLCG1__P1P2	8	9.5587e-01	6.0019e-01	0.680732	0
FCGR1A__149755456	8	9.5614e-01	6.0019e-01	0.680732	0
RPL29__P1P2	8	9.5709e-01	6.0404e-01	0.684298	0
ATF7IP__P1	8	9.5764e-01	6.1078e-01	0.691123	0
BCLAF1__P1P2	8	9.5813e-01	6.1175e-01	0.691423	0
CSTF2__P1P2	8	9.5879e-01	6.1828e-01	0.697429	0
BOLA2__29465484	8	9.5895e-01	6.1922e-01	0.697429	0
ACLY__P1P2	8	9.5905e-01	6.1922e-01	0.697429	0
CST1__P1P2	8	9.5955e-01	6.2287e-01	0.700733	0
RTKN2__P1P2	8	9.5990e-01	6.2469e-01	0.701965	0
CORO1B__67206891	8	9.6032e-01	6.2651e-01	0.702841	0
GATA3__P1P2	8	9.6044e-01	6.2836e-01	0.702841	0
NDE1__P1	8	9.6066e-01	6.2836e-01	0.702841	0
ROR1__P1P2	8	9.6088e-01	6.2836e-01	0.702841	0
ZNF286B__18584835	8	9.6205e-01	6.3377e-01	0.707261	0
HES1__P1P2	8	9.6212e-01	6.3377e-01	0.707261	0
C14orf169__P1P2	8	9.6242e-01	6.3741e-01	0.710502	0
ZNF90__P1P2	8	9.6419e-01	6.4800e-01	0.718477	0
SHCBP1__P1P2	8	9.6437e-01	6.4800e-01	0.718477	0
H2AFZ__P1P2	8	9.6446e-01	6.4800e-01	0.718477	0
LNP1__P1P2	8	9.6463e-01	6.4973e-01	0.718477	0
RPL28__P1P2	8	9.6470e-01	6.4973e-01	0.718477	0
TGDS__P1P2	8	9.6516e-01	6.4973e-01	0.718477	0
DCLRE1B__P1P2	8	9.6521e-01	6.4973e-01	0.718477	0
SNAP29__P1P2	8	9.6547e-01	6.5308e-01	0.721360	0
TTC23L__P1P2	8	9.6690e-01	6.5986e-01	0.728021	0
AEN__P1P2	8	9.6704e-01	6.6248e-01	0.730082	0
RSPRY1__P1P2	8	9.6725e-01	6.6502e-01	0.730392	0
NEUROD1__P1P2	8	9.6733e-01	6.6502e-01	0.730392	0
CORO1B__67210174	8	9.6742e-01	6.6502e-01	0.730392	0
SMURF2__P1P2	8	9.6754e-01	6.6584e-01	0.730476	0
STK3__P1P2	8	9.6779e-01	6.7166e-01	0.736026	0
IPO7__P1P2	8	9.6809e-01	6.7494e-01	0.738787	0
RNF126__P1P2	8	9.6885e-01	6.8461e-01	0.748528	0
AKAP10__P1P2	8	9.6909e-01	6.8619e-01	0.749416	0
AGO1__36348590	8	9.6950e-01	6.8852e-01	0.751107	0
MRRF__P1P2	8	9.6968e-01	6.9082e-01	0.752777	0
SMN1__70220656	8	9.7056e-01	7.0604e-01	0.768506	0
PTPN20B__48806138	8	9.7084e-01	7.0755e-01	0.769278	0
ZNF532__P2	8	9.7121e-01	7.0899e-01	0.769991	0
SERTAD1__P1P2	8	9.7220e-01	7.1618e-01	0.776060	0
DNASE1L1__P1	8	9.7252e-01	7.1618e-01	0.776060	0
FAM222B__P1	11	9.7304e-01	5.5880e-01	0.642021	0
MANSC1__P1P2	8	9.7317e-01	7.2183e-01	0.781315	0
WDR37__P1P2	8	9.7423e-01	7.3021e-01	0.788624	0
CD8B__87088218	8	9.7423e-01	7.3021e-01	0.788624	0
INTS6__P1P2	8	9.7458e-01	7.3162e-01	0.789273	0
ATP2C1__P1P2	8	9.7564e-01	7.3902e-01	0.796375	0
SLC38A10__P1P2	8	9.7601e-01	7.4170e-01	0.797494	0
MED13__P1P2	8	9.7601e-01	7.4170e-01	0.797494	0
C14orf119__P1P2	8	9.7645e-01	7.4373e-01	0.798791	0
RASAL2__P1P2	8	9.7665e-01	7.4569e-01	0.799743	0
MAP4K3__P1P2	8	9.7772e-01	7.5907e-01	0.812568	0
PDZK1__145727481	8	9.7819e-01	7.6149e-01	0.814265	0
PAPPA__P1P2	8	9.7856e-01	7.6754e-01	0.818825	0
GAPVD1__P1P2	8	9.7861e-01	7.6754e-01	0.818825	0
FUT7__P1P2	8	9.7892e-01	7.6875e-01	0.818825	0
PINK1__P1P2	8	9.7916e-01	7.6997e-01	0.818825	0
USP42__P1P2	8	9.7920e-01	7.6997e-01	0.818825	0
PURB__P1P2	8	9.7995e-01	7.7572e-01	0.824046	0
CISD1__P1P2	8	9.8205e-01	7.9660e-01	0.845303	0
JMJD1C__P1P2	8	9.8295e-01	8.0556e-01	0.853873	0
PDS5B__P1P2	8	9.8330e-01	8.0810e-01	0.855641	0
SLX1A__30205037	8	9.8391e-01	8.1458e-01	0.860740	0
HMBS__P1	8	9.8422e-01	8.1558e-01	0.860740	0
KLLN__P1P2	8	9.8431e-01	8.1558e-01	0.860740	0
ZC3H7A__P1P2	8	9.8448e-01	8.1659e-01	0.860874	0
C8orf59__P1P2	8	9.8561e-01	8.3181e-01	0.875021	0
DDX31__P1P2	8	9.8563e-01	8.3181e-01	0.875021	0
KIAA0247__P1P2	8	9.8606e-01	8.3629e-01	0.878786	0
TP53BP1__P1	8	9.8659e-01	8.4075e-01	0.882517	0
FAM192A__P1P2	8	9.8694e-01	8.4498e-01	0.884048	0
DHRS3__P1P2	8	9.8718e-01	8.4585e-01	0.884048	0
MDM4__P1P2	8	9.8735e-01	8.4585e-01	0.884048	0
MDM2__P1P2	8	9.8740e-01	8.4585e-01	0.884048	0
C19orf70__P1P2	8	9.8781e-01	8.5092e-01	0.888324	0
SLC11A2__P1	8	9.8789e-01	8.5177e-01	0.888324	0
OGFR__P1P2	8	9.8841e-01	8.5746e-01	0.893306	0
EVX2__P1P2	11	9.8853e-01	7.4626e-01	0.799743	0
DCUN1D3__P1P2	8	9.8889e-01	8.6178e-01	0.896838	0
PPP1R10__P1P2	8	9.8936e-01	8.6626e-01	0.898986	0
PRSS40A__131328218	8	9.8945e-01	8.6661e-01	0.898986	0
KDSR__P1P2	8	9.8956e-01	8.6662e-01	0.898986	0
C11orf71__P1P2	8	9.9098e-01	8.8397e-01	0.916016	0
CHAMP1__P1P2	8	9.9130e-01	8.9027e-01	0.920579	0
KIDINS220__P1P2	8	9.9135e-01	8.9027e-01	0.920579	0
ZEB2__P1	8	9.9164e-01	8.9281e-01	0.922227	0
OCLN__68788394	8	9.9182e-01	8.9458e-01	0.922956	0
NDUFS4__P1P2	8	9.9201e-01	8.9637e-01	0.922956	0
UBE2O__P1P2	8	9.9203e-01	8.9637e-01	0.922956	0
FCGR1B__120935150	8	9.9217e-01	8.9819e-01	0.923848	0
ZNF532__P1	8	9.9272e-01	9.0291e-01	0.927722	0
TCF7L1__P1P2	8	9.9429e-01	9.2272e-01	0.947079	0
MAD2L1BP__P1P2	8	9.9451e-01	9.2567e-01	0.949100	0
WNT7A__P1P2	8	9.9484e-01	9.2914e-01	0.951664	0
HIST2H2BE__149857437	8	9.9518e-01	9.3237e-01	0.953960	0
UHMK1__P1P2	8	9.9528e-01	9.3378e-01	0.954395	0
NOTCH2__120611488	8	9.9534e-01	9.3476e-01	0.954400	0
NF2__29999349	8	9.9573e-01	9.4013e-01	0.957267	0
SMCHD1__P1P2	8	9.9579e-01	9.4052e-01	0.957267	0
ABCB10__P1P2	8	9.9580e-01	9.4053e-01	0.957267	0
PHYH__P1P2	8	9.9643e-01	9.4914e-01	0.964187	0
SNAI1__P1P2	8	9.9646e-01	9.4931e-01	0.964187	0
STMND1__P1P2	8	9.9694e-01	9.5540e-01	0.967344	0
FNIP1__P1P2	8	9.9694e-01	9.5540e-01	0.967344	0
CTNND1__P1P2	8	9.9694e-01	9.5540e-01	0.967344	0
BRD1__P1P2	8	9.9738e-01	9.6098e-01	0.971983	0
WNT3A__P1P2	8	9.9767e-01	9.6458e-01	0.973649	0
PTPN20B__48826780	8	9.9777e-01	9.6540e-01	0.973649	0
ZNF644__P1P2	8	9.9778e-01	9.6564e-01	0.973649	0
ANAPC13__P1P2	8	9.9793e-01	9.6762e-01	0.974638	0
NEK2__P1P2	8	9.9831e-01	9.7228e-01	0.978318	0
TRIP13__P1P2	8	9.9857e-01	9.7615e-01	0.981196	0
PPP1R16B__P1P2	8	9.9889e-01	9.8064e-01	0.984691	0
PPP6R3__P1P2	8	9.9898e-01	9.8180e-01	0.984840	0
LRRC40__P1P2	8	9.9950e-01	9.8998e-01	0.992017	0
BAK1__33547269	8	9.9999e-01	9.9986e-01	1.000000	0
