group_id	items_in_group	lo_value	p	FDR	goodsgrna
PIGY__P1P2	8	5.3800e-12	5.1389e-07	0.000002	8
NKRF__P1P2	8	8.1266e-12	5.1389e-07	0.000002	8
DCP2__P1P2	8	1.0554e-09	5.1389e-07	0.000002	8
ANAPC13__P1P2	8	1.0554e-09	5.1389e-07	0.000002	8
ILK__P1P2	8	1.0652e-09	5.1389e-07	0.000002	7
FDX1__P1P2	8	1.1995e-09	5.1389e-07	0.000002	8
MYSM1__P1P2	8	1.4988e-09	5.1389e-07	0.000002	8
NDUFS8__P1P2	8	1.5387e-09	5.1389e-07	0.000002	8
CYP51A1__P1P2	8	3.3831e-08	5.1389e-07	0.000002	8
MLF1IP__P1P2	8	5.5871e-08	5.1389e-07	0.000002	8
PAN2__P1P2	8	6.9176e-08	5.1389e-07	0.000002	8
BTAF1__P1P2	8	9.1684e-08	5.1389e-07	0.000002	7
TMEM68__P1P2	8	9.1684e-08	5.1389e-07	0.000002	7
HUS1__P1P2	8	9.1684e-08	5.1389e-07	0.000002	7
DDX10__P1P2	8	9.3134e-08	5.1389e-07	0.000002	7
PRKDC__P1P2	8	9.4602e-08	5.1389e-07	0.000002	7
CENPF__P1P2	8	9.4602e-08	5.1389e-07	0.000002	6
MAD2L1BP__P1P2	8	1.0954e-07	5.1389e-07	0.000002	7
USMG5__P1P2	8	1.2085e-07	5.1389e-07	0.000002	6
MINOS1-NBL1__P1P2	8	1.3865e-07	5.1389e-07	0.000002	8
FAM64A__P1P2	8	2.0686e-07	5.1389e-07	0.000002	8
CTNND1__P1P2	8	2.6141e-07	5.1389e-07	0.000002	8
RPS14__P1P2	8	2.9712e-07	5.1389e-07	0.000002	8
BAD__P1P2	8	3.7265e-07	5.1389e-07	0.000002	8
KIFAP3__P1P2	8	6.2473e-07	5.1389e-07	0.000002	7
BAK1__33547269	8	6.3535e-07	5.1389e-07	0.000002	8
PPM1G__P1	8	7.4963e-07	5.1389e-07	0.000002	8
RPL34__P1P2	8	8.0546e-07	5.1389e-07	0.000002	8
ZNF532__P1	8	9.1534e-07	5.1389e-07	0.000002	8
PDSS1__P1P2	11	1.3378e-06	5.1389e-07	0.000002	10
FNBP4__P1P2	8	1.3379e-06	5.1389e-07	0.000002	7
PDS5B__P1P2	8	1.4836e-06	5.1389e-07	0.000002	8
AATF__P1P2	7	1.9604e-06	5.1389e-07	0.000002	7
INPPL1__P1P2	8	2.0575e-06	5.1389e-07	0.000002	8
KIRREL__P1P2	8	2.2719e-06	5.1389e-07	0.000002	8
RNF8__P1P2	8	2.6874e-06	5.1389e-07	0.000002	8
CDK2__P1P2	8	2.9102e-06	5.1389e-07	0.000002	8
IFT57__P1P2	8	2.9579e-06	5.1389e-07	0.000002	8
PARL__P1P2	8	3.1862e-06	5.1389e-07	0.000002	7
RPS13__P1P2	8	3.4217e-06	5.1389e-07	0.000002	7
C1QTNF9B-AS1__P1P2	8	3.7216e-06	5.1389e-07	0.000002	6
CEP63__P1P2	8	4.5612e-06	5.1389e-07	0.000002	6
MBIP__P1P2	8	4.5612e-06	5.1389e-07	0.000002	5
ANKRA2__P1P2	8	4.5612e-06	5.1389e-07	0.000002	6
KIAA0020__P1	8	4.5612e-06	5.1389e-07	0.000002	6
NRBP1__P1P2	8	4.5612e-06	5.1389e-07	0.000002	6
ORC5__P1P2	8	4.5612e-06	5.1389e-07	0.000002	5
LIMS1__P1P2	8	4.5612e-06	5.1389e-07	0.000002	8
TRIP13__P1P2	8	4.5908e-06	5.1389e-07	0.000002	5
SGK223__P1P2	8	4.6207e-06	5.1389e-07	0.000002	7
EAF1__P1P2	8	5.0226e-06	5.1389e-07	0.000002	7
WDR89__P1P2	8	5.3838e-06	5.1389e-07	0.000002	7
NDUFAF6__P1P2	8	6.0931e-06	5.1389e-07	0.000002	7
SUPT20H__P1P2	8	6.4781e-06	5.1389e-07	0.000002	7
DBF4__P1P2	8	1.1013e-05	5.1389e-07	0.000002	7
IFT52__P1P2	8	1.1908e-05	5.1389e-07	0.000002	7
TULP3__P2	8	1.2307e-05	5.1389e-07	0.000002	7
PTPN14__P1P2	8	1.8366e-05	5.1389e-07	0.000002	7
IFT172__P1P2	8	1.8775e-05	5.1389e-07	0.000002	7
RNF168__P1P2	8	2.0402e-05	5.1389e-07	0.000002	7
GPR137__P2	8	2.7130e-05	5.1389e-07	0.000002	7
MUT__P1P2	11	2.9405e-05	5.1389e-07	0.000002	8
MIEF1__P1P2	8	3.6663e-05	5.1389e-07	0.000002	7
LIAS__P1P2	8	3.9184e-05	5.1389e-07	0.000002	6
PHF6__P1P2	8	4.2906e-05	5.1389e-07	0.000002	7
KATNA1__P1P2	8	4.5382e-05	5.1389e-07	0.000002	7
UBE2C__P1P2	8	4.8061e-05	5.1389e-07	0.000002	6
CYLD__P1P2	8	5.1959e-05	5.1389e-07	0.000002	7
RPL36A__P1P2	8	5.5036e-05	5.1389e-07	0.000002	6
CSNK2A1__P1P2	8	5.6613e-05	5.1389e-07	0.000002	6
BUB1__P1P2	8	5.7486e-05	5.1389e-07	0.000002	7
CSPP1__P1P2	8	6.0544e-05	5.1389e-07	0.000002	7
IPO7__P1P2	8	6.0795e-05	5.1389e-07	0.000002	6
NEK2__P1P2	8	6.1442e-05	5.1389e-07	0.000002	7
CMC1__P1P2	8	6.4739e-05	5.1389e-07	0.000002	6
KDM5C__P1P2	8	6.8212e-05	5.1389e-07	0.000002	6
TSPYL1__P1P2	8	8.8804e-05	5.1389e-07	0.000002	7
RNF146__P1P2	8	8.9835e-05	5.1389e-07	0.000002	7
AUNIP__P1P2	8	9.5821e-05	5.1389e-07	0.000002	7
RBM5__P1P2	8	9.9503e-05	5.1389e-07	0.000002	7
DUSP12__P1P2	8	1.0641e-04	5.1389e-07	0.000002	6
SPTLC2__P1P2	8	1.1053e-04	5.1389e-07	0.000002	7
VWA9__P1P2	8	1.1324e-04	5.1389e-07	0.000002	5
FGD1__P1P2	8	1.1411e-04	5.1389e-07	0.000002	7
UQCRC2__P1P2	11	1.1888e-04	5.1389e-07	0.000002	7
MNT__P1P2	8	1.2136e-04	5.1389e-07	0.000002	7
CHTF18__P1P2	8	1.3575e-04	5.1389e-07	0.000002	6
BTBD9__P1P2	8	1.3748e-04	5.1389e-07	0.000002	7
TIMM17B__P1P2	8	1.4232e-04	5.1389e-07	0.000002	6
CCDC130__P1	8	1.4232e-04	5.1389e-07	0.000002	5
MOSPD2__P1P2	8	1.4232e-04	5.1389e-07	0.000002	6
C7orf26__P1P2	8	1.4232e-04	5.1389e-07	0.000002	5
DROSHA__31531421	8	1.4232e-04	5.1389e-07	0.000002	6
CDC26__P1P2	8	1.4232e-04	5.1389e-07	0.000002	6
NAA15__P1P2	8	1.4232e-04	5.1389e-07	0.000002	4
DICER1__P1P2	8	1.4305e-04	5.1389e-07	0.000002	5
SMN2__69345238	8	1.4379e-04	5.1389e-07	0.000002	4
NRF1__P1P2	8	1.4452e-04	5.1389e-07	0.000002	5
GTF2H2__ENST00000274400.5_ENST00000330280.7	8	1.4452e-04	5.1389e-07	0.000002	5
SUFU__104263513	8	1.4480e-04	5.1389e-07	0.000002	7
U2SURP__P1P2	8	1.4601e-04	5.1389e-07	0.000002	6
MYO9B__P1P2	8	1.4667e-04	5.1389e-07	0.000002	7
VPS51__P1P2	8	1.5205e-04	5.1389e-07	0.000002	4
RBM34__P1P2	8	1.5669e-04	5.1389e-07	0.000002	4
TAF11__P1P2	8	1.5906e-04	5.1389e-07	0.000002	6
MDM2__P1P2	8	1.6925e-04	5.1389e-07	0.000002	6
PTPN12__P1P2	8	1.7687e-04	5.1389e-07	0.000002	7
TLN1__P1P2	8	1.7798e-04	5.1389e-07	0.000002	7
ZAR1L__P1P2	8	1.7891e-04	5.1389e-07	0.000002	5
PMVK__P1P2	8	1.7977e-04	5.1389e-07	0.000002	5
NSDHL__P1P2	8	1.8018e-04	5.1389e-07	0.000002	6
MTF2__P1P2	8	1.9886e-04	5.1389e-07	0.000002	6
MDM4__P1P2	8	2.1120e-04	5.1389e-07	0.000002	7
TCTN2__P1P2	8	2.1509e-04	5.1389e-07	0.000002	7
CCNE1__P1P2	8	2.1804e-04	5.1389e-07	0.000002	7
ZFC3H1__P1P2	8	2.2271e-04	5.1389e-07	0.000002	7
EHBP1__P1P2	8	2.5437e-04	5.1389e-07	0.000002	7
DOCK2__P1P2	8	2.6924e-04	5.1389e-07	0.000002	6
DNAJC2__P1P2	8	3.1991e-04	5.1389e-07	0.000002	6
NUTF2__P1P2	8	3.2877e-04	5.1389e-07	0.000002	5
GPR137__P1	8	3.2957e-04	5.1389e-07	0.000002	6
PRPF40A__P1P2	8	4.2016e-04	5.1389e-07	0.000002	6
SHCBP1__P1P2	8	5.6506e-04	5.1389e-07	0.000002	6
BMS1__P1P2	8	5.7077e-04	5.1389e-07	0.000002	6
RPL9__P1P2	8	7.4804e-04	5.1389e-07	0.000002	6
GPATCH8__P1P2	8	7.5880e-04	5.1389e-07	0.000002	6
FKBPL__P1P2	8	7.9430e-04	5.1389e-07	0.000002	6
KAT6A__P1P2	8	8.1191e-04	5.1389e-07	0.000002	6
INTS10__P1P2	8	8.3377e-04	5.1389e-07	0.000002	5
SPAG9__P1P2	8	8.4080e-04	5.1389e-07	0.000002	5
SREK1IP1__P1P2	8	8.4809e-04	5.1389e-07	0.000002	6
RAD9A__P1P2	8	8.6398e-04	5.1389e-07	0.000002	5
RASAL2__P1P2	8	1.0397e-03	5.1389e-07	0.000002	6
RRNAD1__P1P2	8	1.0529e-03	5.1389e-07	0.000002	5
BRAP__P1P2	8	1.1294e-03	5.1389e-07	0.000002	6
NPLOC4__P1P2	8	1.1596e-03	5.1389e-07	0.000002	5
RALGAPA1__P1P2	8	1.2503e-03	5.1389e-07	0.000002	6
EMC1__P1P2	8	1.2684e-03	5.1389e-07	0.000002	6
ZNF787__P1P2	8	1.3089e-03	5.1389e-07	0.000002	6
TCTN1__P1P2	8	1.3428e-03	5.1389e-07	0.000002	6
FAR1__P1P2	8	1.4693e-03	5.1389e-07	0.000002	6
STAG2__P1	8	1.4940e-03	5.1389e-07	0.000002	6
BCR__P1P2	8	1.5702e-03	5.1389e-07	0.000002	6
KAT5__P1P2	8	1.6904e-03	5.1389e-07	0.000002	6
MKI67__P1P2	8	1.7355e-03	5.1389e-07	0.000002	5
ZBTB4__P1	8	1.8504e-03	5.1389e-07	0.000002	5
STRADA__P1P2	8	1.8587e-03	5.1389e-07	0.000002	5
NUP188__P1P2	8	1.9312e-03	5.1389e-07	0.000002	4
SALL2__P1P2	8	1.9631e-03	5.1389e-07	0.000002	6
C1D__P1P2	8	2.0045e-03	5.1389e-07	0.000002	5
CWC27__P1P2	8	2.0312e-03	5.1389e-07	0.000002	6
HMBS__P1	8	2.0395e-03	5.1389e-07	0.000002	5
INO80C__P1P2	8	2.0957e-03	5.1389e-07	0.000002	6
FECH__P1P2	8	2.1480e-03	5.1389e-07	0.000002	6
COG6__P1P2	8	2.2469e-03	5.1389e-07	0.000002	6
ARHGAP21__P1P2	8	2.2701e-03	5.1389e-07	0.000002	6
SAE1__P1P2	8	2.3465e-03	5.1389e-07	0.000002	6
MED13L__P1P2	8	2.4931e-03	5.1389e-07	0.000002	6
INPP4A__P1P2	8	2.5404e-03	5.1389e-07	0.000002	6
RPL14__P1P2	8	2.5821e-03	5.1389e-07	0.000002	5
COL4A3BP__P1P2	8	2.6072e-03	5.1389e-07	0.000002	5
BRMS1__P1P2	8	2.6273e-03	5.1389e-07	0.000002	6
ZC3H7A__P1P2	8	2.7334e-03	5.1389e-07	0.000002	6
PTK2__P1P2	8	2.7604e-03	5.1389e-07	0.000002	6
DCLRE1B__P1P2	8	2.7616e-03	5.1389e-07	0.000002	5
HELLS__P1P2	8	2.8234e-03	5.1389e-07	0.000002	5
WDR48__P1P2	8	2.8599e-03	5.1389e-07	0.000002	4
TIMM10__P1P2	8	2.8599e-03	5.1389e-07	0.000002	4
CHERP__P1P2	8	2.8599e-03	5.1389e-07	0.000002	4
CHEK1__P1P2	8	2.8599e-03	5.1389e-07	0.000002	5
TINF2__P1P2	8	2.8599e-03	5.1389e-07	0.000002	3
H2AFZ__P1P2	8	2.8599e-03	5.1389e-07	0.000002	4
UBA3__P1P2	8	2.8599e-03	5.1389e-07	0.000002	3
NDC1__P1P2	8	2.8599e-03	5.1389e-07	0.000002	4
CCDC12__P1	8	2.8599e-03	5.1389e-07	0.000002	4
DOCK1__P1P2	8	2.8599e-03	5.1389e-07	0.000002	4
RIF1__P1P2	8	2.8599e-03	5.1389e-07	0.000002	4
TAF3__P1P2	8	2.8707e-03	5.1389e-07	0.000002	4
TAF4__P1P2	8	2.8707e-03	5.1389e-07	0.000002	4
NXT1__P1P2	8	2.8815e-03	5.1389e-07	0.000002	5
NFYB__P1P2	8	2.8815e-03	5.1389e-07	0.000002	4
MRRF__P1P2	8	2.8924e-03	5.1389e-07	0.000002	5
HUWE1__P1P2	8	2.8924e-03	5.1389e-07	0.000002	3
FAM179B__P1P2	8	2.9414e-03	5.1389e-07	0.000002	6
TSSC1__P1P2	8	3.0025e-03	5.1389e-07	0.000002	3
GHITM__P1P2	8	3.0391e-03	5.1389e-07	0.000002	6
SMG7__P1P2	8	3.3483e-03	5.1389e-07	0.000002	4
SLC25A33__P1P2	8	3.3842e-03	5.1389e-07	0.000002	5
IMMT__P1P2	8	4.2599e-03	5.1389e-07	0.000002	5
GTF3C4__P1P2	8	4.3705e-03	5.1389e-07	0.000002	5
SLC25A46__P1P2	8	4.8631e-03	5.1389e-07	0.000002	4
MON2__P1P2	8	5.5836e-03	5.1389e-07	0.000002	5
PTPRF__P1P2	8	6.3342e-03	5.1389e-07	0.000002	5
DUSP11__P1P2	8	7.0836e-03	5.1389e-07	0.000002	5
FDXR__P1P2	11	7.7175e-03	5.1389e-07	0.000002	5
IFT46__P1P2	8	7.7875e-03	5.1389e-07	0.000002	5
ZNF532__P2	8	8.2761e-03	5.1389e-07	0.000002	5
USP1__P1P2	8	8.2961e-03	5.1389e-07	0.000002	5
ABHD16A__P1P2	8	8.3564e-03	5.1389e-07	0.000002	5
ANKRD49__P1P2	8	8.9125e-03	5.1389e-07	0.000002	4
UBE2S__P1P2	8	8.9980e-03	5.1389e-07	0.000002	5
IFT88__P1P2	8	9.0834e-03	5.1389e-07	0.000002	5
ARHGAP12__P1P2	8	1.0390e-02	5.1389e-07	0.000002	5
PALB2__P1P2	8	1.0928e-02	5.1389e-07	0.000002	5
MED13__P1P2	8	1.1597e-02	5.1389e-07	0.000002	5
ATPAF2__P1P2	8	1.1649e-02	5.1389e-07	0.000002	5
SLTM__P1P2	8	1.1752e-02	5.1389e-07	0.000002	5
PAN3__P1P2	8	1.2092e-02	5.1389e-07	0.000002	5
PCGF1__P1P2	8	1.2421e-02	5.1389e-07	0.000002	5
C8orf59__P1P2	8	1.2480e-02	5.1389e-07	0.000002	5
MTF1__P1P2	8	1.2739e-02	5.1389e-07	0.000002	5
SHC1__P2	8	1.2988e-02	5.1389e-07	0.000002	5
ISCA1__P1P2	8	1.3014e-02	5.1389e-07	0.000002	5
CHCHD3__P1P2	8	1.3297e-02	5.1389e-07	0.000002	5
NABP2__P1	8	1.3411e-02	5.1389e-07	0.000002	5
TRIM24__P1P2	8	1.3728e-02	5.1389e-07	0.000002	5
TM9SF2__P1P2	8	1.4079e-02	5.1389e-07	0.000002	5
UBR5__P1P2	8	1.4317e-02	5.1389e-07	0.000002	5
USP42__P1P2	8	1.4377e-02	5.1389e-07	0.000002	5
PTBP3__P1P2	8	1.4771e-02	5.1389e-07	0.000002	5
TAF6__P1P2	8	1.4990e-02	5.1389e-07	0.000002	4
IBTK__P1	8	1.5204e-02	5.1389e-07	0.000002	5
DEGS1__P1P2	8	1.5267e-02	5.1389e-07	0.000002	5
AGPS__P1P2	8	1.6609e-02	5.1389e-07	0.000002	5
LYRM7__P1P2	8	1.6659e-02	5.1389e-07	0.000002	5
METTL15__P2	8	1.6726e-02	5.1389e-07	0.000002	5
MRGBP__P1P2	8	1.6895e-02	5.1389e-07	0.000002	5
TRIP6__P1P2	8	1.7303e-02	5.1389e-07	0.000002	5
CXorf56__P1P2	11	1.7502e-02	5.1389e-07	0.000002	6
DCUN1D3__P1P2	8	1.8000e-02	5.1389e-07	0.000002	5
RAD51AP1__P1P2	8	1.8213e-02	5.1389e-07	0.000002	5
SMARCC1__P1P2	8	1.8284e-02	5.1389e-07	0.000002	5
ZNF90__P1P2	8	1.8446e-02	5.1389e-07	0.000002	5
KDM4A__P1P2	8	1.8608e-02	5.1389e-07	0.000002	5
FLII__18161284	8	1.8653e-02	5.1389e-07	0.000002	4
MMAB__P1P2	8	1.8681e-02	5.1389e-07	0.000002	5
DNMT1__P1P2	8	1.8809e-02	5.1389e-07	0.000002	3
PARN__P1P2	11	1.8968e-02	5.1389e-07	0.000002	6
DCAF4__P1P2	8	1.9194e-02	5.1389e-07	0.000002	5
GPI__P1P2	8	1.9305e-02	5.1389e-07	0.000002	5
TACC3__P1	8	1.9816e-02	1.5417e-06	0.000006	3
SMARCAL1__P1P2	8	2.0328e-02	1.5417e-06	0.000006	5
BCKDHA__P1	8	2.1070e-02	1.5417e-06	0.000006	5
TRAPPC13__P1P2	8	2.1469e-02	1.5417e-06	0.000006	5
KDM5A__P1P2	8	2.1509e-02	1.5417e-06	0.000006	5
ANKRD17__P1P2	8	2.1630e-02	1.5417e-06	0.000006	5
SRSF11__P2	8	2.2577e-02	1.5417e-06	0.000006	4
ZRSR2__P1P2	8	2.2755e-02	1.5417e-06	0.000006	3
POLR1B__P1P2	8	2.3541e-02	1.5417e-06	0.000006	4
CNOT3__P1P2	8	2.4227e-02	1.5417e-06	0.000006	4
PFDN1__P1P2	8	2.5838e-02	1.5417e-06	0.000006	4
AJUBA__P1P2	8	2.6832e-02	1.5417e-06	0.000006	4
RBX1__P1P2	8	2.9041e-02	1.5417e-06	0.000006	3
SMARCA5__P1P2	8	3.1186e-02	1.5417e-06	0.000006	4
ARHGAP4__P1	8	3.2539e-02	1.5417e-06	0.000006	4
CDK4__P1P2	8	3.3116e-02	1.5417e-06	0.000006	4
HSPA14__P1P2	8	3.6117e-02	1.5417e-06	0.000006	4
WEE1__P1P2	8	3.6365e-02	2.0042e-05	0.000072	3
CENPL__P1P2	8	3.6365e-02	2.0042e-05	0.000072	4
NAA30__P1P2	8	3.6365e-02	2.0042e-05	0.000072	3
ASUN__P1P2	8	3.6365e-02	2.0042e-05	0.000072	4
FAM60A__P1P2	8	3.6365e-02	2.0042e-05	0.000072	2
AKAP3__P1	8	3.6365e-02	2.0042e-05	0.000072	4
CFDP1__P1	8	3.6365e-02	2.0042e-05	0.000072	4
DR1__P1P2	8	3.6365e-02	2.0042e-05	0.000072	2
CMC2__P1P2	8	3.6365e-02	2.0042e-05	0.000072	4
RNPS1__P1P2	8	3.6365e-02	2.0042e-05	0.000072	2
GPR89A__ENST00000313835.9	8	3.6365e-02	2.0042e-05	0.000072	3
NAE1__P1P2	8	3.6365e-02	2.0042e-05	0.000072	3
NEDD8-MDP1__P1P2	8	3.6365e-02	2.0042e-05	0.000072	2
SDF2__P1P2	8	3.6365e-02	2.0042e-05	0.000072	3
RAD17__P1P2	8	3.6365e-02	2.0042e-05	0.000072	3
GRWD1__P1P2	8	3.6454e-02	3.7514e-05	0.000133	2
XPC__P1	8	3.6543e-02	5.9097e-05	0.000207	3
ACTR8__P1P2	8	3.6543e-02	5.9097e-05	0.000207	4
PPP2CA__P1P2	8	3.6543e-02	5.9097e-05	0.000207	3
DDX31__P1P2	8	3.6810e-02	7.9653e-05	0.000275	4
UBE2L3__P1P2	8	3.6810e-02	7.9653e-05	0.000275	2
FBXO8__P1	8	3.7887e-02	7.9653e-05	0.000275	2
GTF3A__P1P2	8	3.7887e-02	7.9653e-05	0.000275	3
PRKRIR__P1P2	8	4.0634e-02	1.3310e-04	0.000391	3
SAP30__P1P2	8	4.2681e-02	1.3310e-04	0.000391	4
RPS8__P1P2	8	4.3426e-02	1.3310e-04	0.000391	4
RPS11__P1P2	8	4.9203e-02	1.3310e-04	0.000391	3
KPNA2__P1P2	8	5.2416e-02	1.3413e-04	0.000391	4
MAP4K3__P1P2	8	5.4434e-02	1.3413e-04	0.000391	4
NPM1__P1P2	8	5.5743e-02	1.3413e-04	0.000391	4
TBC1D31__P1P2	8	5.5837e-02	1.3413e-04	0.000391	4
B4GALT7__P1P2	8	5.6026e-02	1.3413e-04	0.000391	4
PPP4R2__P1P2	8	5.6121e-02	1.3413e-04	0.000391	4
PNKP__P1P2	8	5.7564e-02	1.3413e-04	0.000391	3
TMEM258__P1P2	8	5.8515e-02	1.3413e-04	0.000391	4
ARID1A__P1P2	8	5.8904e-02	1.3413e-04	0.000391	4
DPF2__P1	8	6.0080e-02	1.3413e-04	0.000391	4
TAF9__P1P2	8	6.0221e-02	1.3413e-04	0.000391	3
KLLN__P1P2	8	6.1470e-02	1.3413e-04	0.000391	4
SIN3B__P1P2	8	6.2474e-02	1.3413e-04	0.000391	4
B3GAT3__P1P2	8	6.3591e-02	1.3413e-04	0.000391	4
ATXN2L__P1P2	8	6.3897e-02	1.3413e-04	0.000391	4
RBM15__110881839	8	6.5444e-02	1.3413e-04	0.000391	4
EIF3F__P1P2	11	6.6133e-02	3.1861e-05	0.000113	3
XRCC1__P1P2	11	6.6287e-02	6.3208e-05	0.000221	4
L3MBTL2__P1P2	8	6.6487e-02	1.3413e-04	0.000391	4
ACLY__P1P2	8	6.7117e-02	1.3413e-04	0.000391	4
MGEA5__P1P2	8	6.8496e-02	1.3413e-04	0.000391	4
NCSTN__P1P2	8	7.0216e-02	1.3413e-04	0.000391	4
HMGCS1__P1P2	8	7.0650e-02	1.3413e-04	0.000391	4
KDSR__P1P2	8	7.3010e-02	1.3413e-04	0.000391	4
TAF5L__P1P2	8	7.3288e-02	1.3413e-04	0.000391	4
PICALM__P1P2	8	7.4853e-02	1.3413e-04	0.000391	4
ZC3H14__P1P2	8	7.6433e-02	1.3413e-04	0.000391	3
DCPS__P1P2	8	7.6437e-02	1.3413e-04	0.000391	4
DOT1L__P1P2	8	7.6665e-02	1.3413e-04	0.000391	4
LSR__P1P2	8	7.7639e-02	1.3413e-04	0.000391	4
AEN__P1P2	8	7.8677e-02	1.3413e-04	0.000391	4
CTDSPL2__P1P2	8	7.9025e-02	1.3413e-04	0.000391	4
RAB1A__P1P2	8	8.1073e-02	1.3413e-04	0.000391	4
USF1__P1P2	8	8.1309e-02	1.3413e-04	0.000391	4
XKR8__P1P2	8	8.3332e-02	1.3413e-04	0.000391	4
SND1__P1P2	8	8.7875e-02	1.3515e-04	0.000391	3
KIF18B__P1P2	8	8.8824e-02	1.3515e-04	0.000391	4
ARAP3__P1P2	8	9.0323e-02	1.3515e-04	0.000391	4
CSK__P1P2	8	9.0700e-02	1.3515e-04	0.000391	4
LSM12__P1P2	8	9.2471e-02	1.3515e-04	0.000391	4
POLE4__P1P2	8	9.2981e-02	1.3515e-04	0.000391	4
ING5__P1P2	8	9.3236e-02	1.3515e-04	0.000391	4
KIAA1429__P1P2	8	9.3877e-02	1.3515e-04	0.000391	4
HEATR3__P1P2	8	9.4262e-02	1.3515e-04	0.000391	4
RHOG__P1P2	8	9.7657e-02	1.3515e-04	0.000391	3
EIF4A1__P1P2	8	1.0828e-01	1.3515e-04	0.000391	3
GDI2__P1	8	1.1235e-01	1.3515e-04	0.000391	2
GTF3C2__P1P2	8	1.2063e-01	1.3618e-04	0.000391	2
ZNF608__P2	8	1.2395e-01	1.3618e-04	0.000391	3
CCDC137__P1P2	8	1.2797e-01	1.3618e-04	0.000391	3
SNF8__P1P2	8	1.3943e-01	1.3721e-04	0.000391	2
PFDN4__P1P2	8	1.4015e-01	1.3721e-04	0.000391	3
ENY2__P1P2	8	1.4571e-01	1.3721e-04	0.000391	3
ARHGEF2__P1P2	8	1.4634e-01	1.3721e-04	0.000391	2
TADA2B__P1P2	8	1.4711e-01	1.3721e-04	0.000391	3
POC1A__P1P2	8	1.5606e-01	1.3721e-04	0.000391	3
UNC45A__P1	8	1.5895e-01	1.3721e-04	0.000391	3
IBA57__P1P2	8	1.6027e-01	1.4029e-04	0.000395	3
BRD1__P1P2	8	1.6208e-01	1.4029e-04	0.000395	3
WDR70__P1P2	8	1.6265e-01	1.4029e-04	0.000395	3
TTBK2__P1P2	8	1.6354e-01	1.4029e-04	0.000395	3
NUFIP1__P1P2	8	1.6882e-01	1.4132e-04	0.000396	3
MAPRE1__P1P2	8	1.7137e-01	1.4132e-04	0.000396	3
TRIM28__P1P2	8	1.7696e-01	1.4235e-04	0.000396	3
RBM14-RBM4__P2	8	1.7805e-01	1.4235e-04	0.000396	3
TUFM__28856875	8	1.8120e-01	1.8500e-04	0.000514	2
EXT1__P1P2	8	1.8393e-01	2.2765e-04	0.000629	3
PPP6C__P1P2	8	1.8547e-01	2.2765e-04	0.000629	3
WDR82__P1P2	8	1.9256e-01	2.3074e-04	0.000629	3
CPNE1__P1P2	8	2.0133e-01	2.3176e-04	0.000629	3
GART__P1P2	8	2.0220e-01	2.3176e-04	0.000629	2
TBCC__P1P2	8	2.0235e-01	2.3176e-04	0.000629	3
OBFC1__P1P2	8	2.0315e-01	2.3176e-04	0.000629	3
STX7__P1P2	8	2.0520e-01	2.3176e-04	0.000629	3
PPP2R5E__P1P2	8	2.1671e-01	2.3485e-04	0.000636	3
UBE2D3__P1P2	8	2.1902e-01	2.4101e-04	0.000647	2
MAGOHB__P1P2	8	2.2138e-01	2.4204e-04	0.000647	3
ZNF236__P1P2	8	2.2250e-01	2.4204e-04	0.000647	2
NF2__29999349	8	2.2396e-01	2.4615e-04	0.000647	3
SAP30BP__P1P2	8	2.2560e-01	2.5129e-04	0.000647	3
DGCR8__P1P2	8	2.2616e-01	2.5232e-04	0.000647	2
HIST1H1E__P1P2	8	2.2702e-01	2.5540e-04	0.000647	3
SUPT7L__P1P2	8	2.2867e-01	2.5540e-04	0.000647	3
TOP1__P1P2	8	2.2918e-01	2.5540e-04	0.000647	3
RPL28__P1P2	8	2.3104e-01	2.5540e-04	0.000647	3
FAM178A__P1P2	8	2.3795e-01	2.5540e-04	0.000647	3
CSNK1A1__P1P2	8	2.4034e-01	2.5540e-04	0.000647	3
MED16__P1P2	8	2.4299e-01	2.5540e-04	0.000647	3
MED15__P1	8	2.4347e-01	2.5540e-04	0.000647	3
MEX3A__P1P2	8	2.4584e-01	2.5643e-04	0.000647	2
DCP1A__P1P2	8	2.4612e-01	2.5643e-04	0.000647	3
SEC62__P1P2	8	2.4685e-01	2.5643e-04	0.000647	3
BRD2__P1	8	2.4729e-01	2.5643e-04	0.000647	2
SURF2__P1P2	11	2.4774e-01	2.6260e-04	0.000658	4
NSMCE4A__P1P2	8	2.4782e-01	2.5643e-04	0.000647	3
TNRC6A__P1P2	8	2.5073e-01	2.5643e-04	0.000647	3
PPIL1__P1P2	8	2.5146e-01	2.5643e-04	0.000647	3
TERF1__P1P2	8	2.5438e-01	2.5643e-04	0.000647	3
CEP128__P1P2	8	2.5731e-01	2.5643e-04	0.000647	3
PPP1R16B__P1P2	8	2.5902e-01	2.5643e-04	0.000647	3
PPP2R5C__P1P2	8	2.6025e-01	2.5643e-04	0.000647	3
PABPC4__P1P2	8	2.6123e-01	2.5643e-04	0.000647	3
KAT2A__P1P2	8	2.6443e-01	2.6568e-04	0.000658	3
ATP2C1__P1P2	8	2.6492e-01	2.6568e-04	0.000658	3
SNRK__P1P2	8	2.6566e-01	2.6568e-04	0.000658	3
PMAIP1__57567020	8	2.6690e-01	2.6568e-04	0.000658	3
CRLS1__P1P2	8	2.6865e-01	2.6671e-04	0.000658	2
PPP2R1A__P1	8	2.7111e-01	2.6671e-04	0.000658	3
AP1B1__P1P2	8	2.7185e-01	2.6671e-04	0.000658	3
NDE1__P1	8	2.7210e-01	2.6671e-04	0.000658	3
COPS8__237994319	8	2.7242e-01	4.4513e-03	0.009636	1
CD99L2__P1P2	8	2.7242e-01	4.4513e-03	0.009636	1
RBM7__P1P2	8	2.7242e-01	4.4513e-03	0.009636	1
HIF1AN__P1P2	8	2.7242e-01	4.4513e-03	0.009636	2
RAI14__P1P2	8	2.7242e-01	4.4513e-03	0.009636	1
HMGCR__P1P2	8	2.7242e-01	4.4513e-03	0.009636	1
TMSB10__P1P2	8	2.7242e-01	4.4513e-03	0.009636	2
RPUSD4__P1P2	8	2.7242e-01	4.4513e-03	0.009636	1
SNRNP40__P1P2	8	2.7242e-01	4.4513e-03	0.009636	1
FUBP3__P1P2	8	2.7242e-01	4.4513e-03	0.009636	1
ARHGAP11B__30918117	8	2.7242e-01	4.4513e-03	0.009636	2
RBL1__P1P2	8	2.7242e-01	4.4513e-03	0.009636	1
ESYT2__P1P2	8	2.7242e-01	4.4513e-03	0.009636	1
HDAC7__P1P2	8	2.7242e-01	4.4513e-03	0.009636	1
MCM7__P1P2	8	2.7242e-01	4.4513e-03	0.009636	2
PSPH__P2	8	2.7242e-01	4.4513e-03	0.009636	1
CNTD2__P1	8	2.7242e-01	4.4513e-03	0.009636	1
C7orf49__P1P2	8	2.7242e-01	4.4513e-03	0.009636	1
MEAF6__P1P2	8	2.7242e-01	4.4513e-03	0.009636	1
FAM102A__P1P2	8	2.7242e-01	4.4513e-03	0.009636	1
ABCB10__P1P2	8	2.7242e-01	4.4513e-03	0.009636	1
MED12__P1P2	8	2.7242e-01	4.4513e-03	0.009636	3
ZSCAN18__P2	8	2.7242e-01	4.4513e-03	0.009636	1
SMN1__70220656	8	2.7242e-01	4.4513e-03	0.009636	1
SUPT3H__P1P2	8	2.7242e-01	4.4513e-03	0.009636	2
TGDS__P1P2	8	2.7242e-01	4.4513e-03	0.009636	1
NPY4R__P1P2	8	2.7242e-01	4.4513e-03	0.009636	1
TRIM52__P1P2	8	2.7242e-01	4.4513e-03	0.009636	1
C6orf47__P1P2	8	2.7242e-01	4.4513e-03	0.009636	2
TRIM56__P1P2	8	2.7242e-01	4.4513e-03	0.009636	1
MANSC1__P1P2	8	2.7242e-01	4.4513e-03	0.009636	1
MAP3K7__P1P2	8	2.7242e-01	4.4513e-03	0.009636	1
ITGB3__P1P2	8	2.7242e-01	4.4513e-03	0.009636	1
PLEKHA5__P1P2	8	2.7242e-01	4.4513e-03	0.009636	1
ISOC2__P1	8	2.7242e-01	4.4513e-03	0.009636	1
ISY1__P1P2	8	2.7242e-01	4.4513e-03	0.009636	1
HYDIN__71263838	8	2.7242e-01	4.4513e-03	0.009636	1
ATRIP__P1P2	8	2.7242e-01	4.4513e-03	0.009636	1
TPR__P1P2	8	2.7242e-01	4.4513e-03	0.009636	2
RAD21__P1P2	8	2.7242e-01	4.4513e-03	0.009636	1
SUPT4H1__P1P2	8	2.7242e-01	4.4513e-03	0.009636	1
UNC13B__P1P2	8	2.7242e-01	4.4513e-03	0.009636	1
ING1__P1	8	2.7242e-01	4.4513e-03	0.009636	2
UHRF1__P1P2	8	2.7242e-01	4.4513e-03	0.009636	1
IL18R1__P1	8	2.7242e-01	4.4513e-03	0.009636	1
GNAI1__P1P2	8	2.7242e-01	4.4513e-03	0.009636	1
PLEKHH2__P1P2	8	2.7242e-01	4.4513e-03	0.009636	3
SGK3__ENST00000396596.1_ENST00000522398.1	8	2.7242e-01	4.4513e-03	0.009636	1
GNB2L1__P1P2	8	2.7242e-01	4.4513e-03	0.009636	2
ATP12A__P1P2	8	2.7242e-01	4.4513e-03	0.009636	1
PDIA4__P1P2	8	2.7242e-01	4.4513e-03	0.009636	1
GFRA4__ENST00000290417.2_ENST00000319242.3	8	2.7242e-01	4.4513e-03	0.009636	1
TRAPPC6B__P1P2	8	2.7242e-01	4.4513e-03	0.009636	1
GGCT__P1P2	8	2.7242e-01	4.4513e-03	0.009636	1
C11orf58__P1P2	8	2.7242e-01	4.4513e-03	0.009636	1
DHH__P1P2	8	2.7273e-01	8.6369e-03	0.018573	1
ZBTB7B__P1P2	8	2.7508e-01	1.2861e-02	0.027200	3
MED24__P1P2	8	2.7583e-01	1.2861e-02	0.027200	3
GNB1__P1P2	8	2.7608e-01	1.2861e-02	0.027200	3
GNPNAT1__P1P2	8	2.7647e-01	1.2864e-02	0.027200	1
DHRSX__P1P2	8	2.7647e-01	1.2864e-02	0.027200	2
SUGP1__P1P2	8	2.7890e-01	1.2865e-02	0.027200	2
PPM1F__P1P2	8	2.8107e-01	1.2871e-02	0.027200	3
BRPF1__P1P2	8	2.8258e-01	1.2872e-02	0.027200	3
LOC643037__P1P2	8	2.8329e-01	1.5037e-02	0.031706	1
BIVM__P1	8	2.8360e-01	1.7203e-02	0.034707	1
IPO5__P1P2	8	2.8668e-01	1.7213e-02	0.034707	2
GLCE__P1P2	8	2.8684e-01	1.7219e-02	0.034707	3
HAUS8__P1P2	8	2.8698e-01	1.7226e-02	0.034707	3
LUZP1__P1P2	8	2.8823e-01	1.7226e-02	0.034707	3
PPME1__P1P2	8	2.8911e-01	1.7226e-02	0.034707	3
SUB1__P1	8	3.0896e-01	1.7226e-02	0.034707	2
RRP8__P1P2	8	3.1060e-01	1.7226e-02	0.034707	2
CBLL1__P1P2	8	3.2059e-01	1.7227e-02	0.034707	2
POLG__P1P2	8	3.2828e-01	1.7227e-02	0.034707	2
RPL29__P1P2	8	3.2976e-01	1.7227e-02	0.034707	2
GET4__P1P2	8	3.4759e-01	1.7254e-02	0.034707	2
HEXIM2__P2	11	3.5422e-01	6.1908e-03	0.013343	1
DENND5A__P1P2	11	3.5422e-01	6.1908e-03	0.013343	1
AP1G1__P1P2	8	3.5869e-01	1.7291e-02	0.034707	2
PPP1R10__P1P2	8	3.6391e-01	1.7337e-02	0.034707	2
VGLL3__P1P2	8	3.8309e-01	1.7337e-02	0.034707	2
SAMD1__P1P2	8	3.8600e-01	1.7337e-02	0.034707	2
RAC1__P1P2	8	4.0086e-01	1.7338e-02	0.034707	2
SERBP1__P1P2	8	4.0632e-01	1.7338e-02	0.034707	2
FZR1__P1P2	8	4.1722e-01	1.7338e-02	0.034707	2
FAM72A__ENST00000367128.3	8	4.3250e-01	1.7338e-02	0.034707	2
USF2__P1P2	8	4.3725e-01	1.7491e-02	0.034707	2
ZZZ3__P1P2	8	4.4511e-01	1.7491e-02	0.034707	1
PRMT7__P1P2	8	4.4514e-01	1.7491e-02	0.034707	2
EXOSC1__P1P2	8	4.4640e-01	1.7491e-02	0.034707	2
CNOT11__P1P2	8	4.5362e-01	1.7492e-02	0.034707	2
MLLT3__P1P2	8	4.5768e-01	1.7492e-02	0.034707	2
LCOR__P1P2	8	4.6640e-01	1.7607e-02	0.034707	2
PPP6R3__P1P2	8	4.6645e-01	1.7607e-02	0.034707	2
GPALPP1__P1P2	8	4.6764e-01	1.7608e-02	0.034707	2
LRRC28__P1P2	8	4.7426e-01	1.7888e-02	0.034707	1
C19orf53__P1P2	8	4.7429e-01	1.7888e-02	0.034707	2
MBD6__P1P2	8	4.7660e-01	1.7888e-02	0.034707	2
REC8__P1P2	8	4.7919e-01	1.7888e-02	0.034707	1
ANP32B__P1P2	8	4.8948e-01	1.7888e-02	0.034707	2
EXOC5__P1P2	8	5.0131e-01	1.7889e-02	0.034707	2
CORO1B__67210174	8	5.0161e-01	1.7889e-02	0.034707	2
GTDC1__P1P2	8	5.0192e-01	1.7889e-02	0.034707	2
XPO5__P1P2	8	5.0643e-01	1.7889e-02	0.034707	2
BEND2__P1P2	8	5.0920e-01	1.7889e-02	0.034707	1
ZSCAN10__P1P2	8	5.1153e-01	1.7889e-02	0.034707	2
MID1IP1__P1P2	8	5.1422e-01	1.8024e-02	0.034762	2
PTBP1__P1P2	8	5.1449e-01	1.8024e-02	0.034762	1
GPR89B__147400326	8	5.1603e-01	1.8025e-02	0.034762	1
SF3A2__P2	8	5.1821e-01	1.8179e-02	0.034990	1
ARF1__P1P2	8	5.3168e-01	1.8757e-02	0.035064	2
FAM122A__P1P2	8	5.3226e-01	1.8757e-02	0.035064	2
ZEB2__P1	8	5.3812e-01	1.8757e-02	0.035064	1
UBE2M__P1P2	8	5.3928e-01	1.8757e-02	0.035064	2
CACHD1__P1P2	8	5.3986e-01	1.8757e-02	0.035064	2
AMOTL1__P1P2	8	5.4131e-01	1.8757e-02	0.035064	2
GMPR2__P1P2	8	5.4160e-01	1.8757e-02	0.035064	2
VPS26A__P1P2	8	5.4493e-01	1.8759e-02	0.035064	2
MED25__P1P2	8	5.4623e-01	1.8759e-02	0.035064	2
CSTF2__P1P2	8	5.4941e-01	1.8759e-02	0.035064	2
PIP4K2C__P1P2	8	5.5113e-01	1.8759e-02	0.035064	2
GNG4__P1P2	8	5.5228e-01	1.8759e-02	0.035064	2
TRAPPC2L__P1P2	8	5.5457e-01	1.8759e-02	0.035064	2
CAPZA1__P1P2	8	5.5515e-01	1.8759e-02	0.035064	2
C19orf43__P1P2	8	5.5886e-01	1.8759e-02	0.035064	2
FBXO28__P1P2	8	5.6792e-01	2.2783e-02	0.041759	2
ACTA2__P2	8	5.6831e-01	2.2783e-02	0.041759	1
UHMK1__P1P2	8	5.6877e-01	2.2783e-02	0.041759	2
SCYL1__P1P2	8	5.7073e-01	2.2995e-02	0.041759	2
TXNDC16__P1P2	8	5.7158e-01	2.2995e-02	0.041759	2
EYA3__P1P2	8	5.7438e-01	2.2995e-02	0.041759	2
ZIC2__P1P2	8	5.8106e-01	2.2996e-02	0.041759	2
FAM107A__P1P2	8	5.8409e-01	2.2996e-02	0.041759	1
TATDN2__P1P2	8	5.8603e-01	2.3206e-02	0.041759	2
CORO1A__30194716	8	5.8685e-01	2.3206e-02	0.041759	2
CENPQ__P1P2	11	5.8838e-01	2.4023e-02	0.041921	2
USP22__P1P2	8	5.8933e-01	2.3207e-02	0.041759	2
UBE2O__P1P2	8	5.9015e-01	2.3439e-02	0.041759	2
AK2__P1P2	8	5.9152e-01	2.3439e-02	0.041759	2
DNAJC3__P1P2	8	5.9207e-01	2.3440e-02	0.041759	1
RTKN2__P1P2	8	5.9288e-01	2.3440e-02	0.041759	2
CTNNB1__P1P2	8	5.9846e-01	2.3886e-02	0.041759	2
HNRNPA2B1__P1P2	8	6.0084e-01	2.3886e-02	0.041759	1
LOC730183__NM_001256932	8	6.0800e-01	2.3886e-02	0.041759	1
IRX1__P1P2	8	6.1018e-01	2.3886e-02	0.041759	1
CCNK__P2	11	6.1664e-01	2.4299e-02	0.042328	1
STX4__P1P2	8	6.2478e-01	2.3886e-02	0.041759	1
ZWILCH__P1P2	8	6.2775e-01	2.3886e-02	0.041759	1
RSPH3__P1P2	8	6.4127e-01	2.3886e-02	0.041759	1
TMEM198__P1P2	8	6.4911e-01	2.3886e-02	0.041759	1
TMEM110__P1P2	8	6.6513e-01	2.3887e-02	0.041759	1
SLC38A10__P1P2	8	6.7313e-01	2.3887e-02	0.041759	1
MSI1__P1P2	8	6.7344e-01	2.3887e-02	0.041759	1
RYR3__P1P2	8	6.7807e-01	2.3887e-02	0.041759	1
FAM58A__P1P2	8	6.7898e-01	2.3887e-02	0.041759	1
PRKCI__P1P2	8	6.8051e-01	2.3887e-02	0.041759	1
PAXIP1__P1P2	8	6.8354e-01	2.3887e-02	0.041759	1
MDC1__P1P2	8	6.8714e-01	2.3887e-02	0.041759	1
ZMIZ1__P1P2	11	6.9000e-01	3.0584e-02	0.053085	2
TMEM86A__P1P2	8	6.9366e-01	2.3887e-02	0.041759	1
RABL5__P1P2	8	6.9600e-01	2.3887e-02	0.041759	1
FAM216A__P1P2	8	7.0534e-01	2.3887e-02	0.041759	1
ZCCHC11__P1P2	8	7.0844e-01	2.3887e-02	0.041759	1
PCSK1N__P1P2	11	7.1569e-01	3.2040e-02	0.055024	1
CD22__P1P2	11	7.1768e-01	3.2040e-02	0.055024	1
ZBTB2__P1P2	8	7.2608e-01	2.3887e-02	0.041759	1
PPP1CB__P1P2	8	7.2820e-01	2.7850e-02	0.048427	1
WNT7A__P1P2	8	7.3499e-01	3.1940e-02	0.055024	1
SNAP29__P1P2	8	7.3679e-01	3.1940e-02	0.055024	1
PGPEP1__P1P2	8	7.3986e-01	3.1941e-02	0.055024	1
HCN2__P1P2	8	7.4214e-01	3.1941e-02	0.055024	1
WDR86__P1P2	8	7.4590e-01	3.5879e-02	0.059821	1
ZFAT__P1	8	7.4739e-01	3.5879e-02	0.059821	1
CDC42EP5__P1P2	8	7.5035e-01	3.5879e-02	0.059821	1
EIF4B__P1P2	8	7.5133e-01	3.5879e-02	0.059821	1
KCTD3__P1P2	8	7.5352e-01	3.5879e-02	0.059821	1
AHR__P1P2	11	7.5415e-01	3.2404e-02	0.055550	2
C11orf73__P1P2	8	7.6188e-01	3.5879e-02	0.059821	1
SYT14__P1P2	8	7.6235e-01	3.5879e-02	0.059821	1
COG5__P1P2	8	7.6851e-01	3.5880e-02	0.059821	1
CHEK2__P1P2	4	7.7222e-01	1.1204e-01	0.163514	0
CNKSR3__P1P2	8	7.7775e-01	3.5880e-02	0.059821	1
PKMYT1__P1P2	8	7.7897e-01	3.5880e-02	0.059821	1
WDR18__P1P2	8	7.8007e-01	3.5880e-02	0.059821	1
LAMC1__P1P2	8	7.8614e-01	3.5880e-02	0.059821	1
C19orf70__P1P2	8	7.8785e-01	3.5880e-02	0.059821	1
GNA13__P1P2	8	7.8827e-01	3.5880e-02	0.059821	1
SCAF11__P1P2	8	7.9123e-01	3.5880e-02	0.059821	1
KAT6B__P1P2	8	7.9662e-01	4.3738e-02	0.071936	1
STK3__P1P2	8	7.9866e-01	4.3738e-02	0.071936	1
TCF3__P1P2	8	8.0128e-01	4.3738e-02	0.071936	1
CCDC77__P2	8	8.0169e-01	4.3738e-02	0.071936	1
HIGD2A__P1P2	8	8.0348e-01	4.3739e-02	0.071936	1
DPP9__P1	8	8.0615e-01	4.3739e-02	0.071936	1
ELMO3__P1P2	8	8.0801e-01	4.3739e-02	0.071936	1
USP15__P1P2	8	8.0850e-01	4.3739e-02	0.071936	1
HNRNPUL1__P1P2	11	8.1005e-01	3.4262e-02	0.058631	1
ZNF444__P1P2	8	8.1264e-01	4.7768e-02	0.077904	1
DYNC1LI1__P1P2	8	8.1302e-01	4.7768e-02	0.077904	1
C20orf196__P1P2	8	8.1567e-01	4.7769e-02	0.077904	1
NOTCH2NL__145208892	8	8.1586e-01	4.7769e-02	0.077904	1
CYFIP2__P1P2	8	8.1717e-01	4.7769e-02	0.077904	1
FAM192A__P1P2	8	8.2014e-01	5.5853e-02	0.088855	1
ACTR5__P1P2	8	8.2087e-01	5.5853e-02	0.088855	1
LDB3__P1P2	8	8.2252e-01	5.5853e-02	0.088855	1
HNRNPLL__P1P2	8	8.2270e-01	5.5853e-02	0.088855	1
UBE3A__P1P2	8	8.2469e-01	5.5853e-02	0.088855	1
MYH9__P1P2	8	8.2594e-01	5.5853e-02	0.088855	1
TMEM81__ENST00000367167.3	8	8.2684e-01	5.5853e-02	0.088855	1
NUDT22__P1P2	8	8.2790e-01	5.5853e-02	0.088855	1
BCL2L13__P1P2	8	8.2826e-01	5.5853e-02	0.088855	1
RNF126__P1P2	8	8.2896e-01	5.5853e-02	0.088855	1
STMND1__P1P2	8	8.3028e-01	5.5853e-02	0.088855	1
PIGB__P1P2	8	8.3791e-01	5.5854e-02	0.088855	1
ZFYVE9__P1P2	8	8.3808e-01	5.5854e-02	0.088855	1
AES__P1P2	8	8.3958e-01	5.5854e-02	0.088855	1
MARCKS__P1P2	8	8.4247e-01	5.9740e-02	0.094727	1
CREBBP__P1P2	8	8.4305e-01	5.9740e-02	0.094727	1
CSDE1__P1P2	8	8.4394e-01	6.3761e-02	0.100775	1
TTC3__P1P2	8	8.4588e-01	6.3762e-02	0.100775	1
GPX3__P1P2	8	8.5243e-01	7.5775e-02	0.117470	1
CST1__P1P2	8	8.5413e-01	7.5775e-02	0.117470	1
ELK3__P1P2	8	8.5716e-01	7.5775e-02	0.117470	1
UBE2E2__P1P2	8	8.6007e-01	7.5776e-02	0.117470	1
C6orf62__P1	11	8.6041e-01	4.9979e-02	0.081373	1
UBE2R2__P1P2	8	8.6495e-01	7.5776e-02	0.117470	1
GTF2IRD2__74267046	8	8.6523e-01	7.5776e-02	0.117470	1
CENPO__P1P2	8	8.6538e-01	7.5776e-02	0.117470	1
PLA2G7__P1P2	8	8.6573e-01	7.5776e-02	0.117470	1
EVI5__P1P2	8	8.6750e-01	7.5776e-02	0.117470	1
TICAM2__P2	8	8.6877e-01	7.5776e-02	0.117470	1
GOLGA7__P1P2	8	8.6918e-01	7.5776e-02	0.117470	1
YPEL3__P1P2	8	8.6960e-01	7.5776e-02	0.117470	1
MIR205HG__P2	8	8.7112e-01	7.9700e-02	0.121235	1
CCDC6__P1P2	8	8.7153e-01	7.9700e-02	0.121235	1
CLK3__P2	8	8.7167e-01	7.9700e-02	0.121235	1
FAM115C__143317820	8	8.7364e-01	7.9700e-02	0.121235	1
TCF7L1__P1P2	8	8.7392e-01	7.9700e-02	0.121235	1
ZNF121__P1P2	8	8.7439e-01	7.9700e-02	0.121235	1
FERMT1__P1P2	8	8.7492e-01	7.9701e-02	0.121235	1
NDUFS4__P1P2	8	8.7532e-01	7.9701e-02	0.121235	1
RAD1__P1P2	8	8.7559e-01	7.9701e-02	0.121235	1
ICMT__P1P2	8	8.7592e-01	7.9701e-02	0.121235	1
UBA2__P1P2	8	8.7679e-01	7.9701e-02	0.121235	1
PLCG1__P1P2	8	8.7771e-01	7.9701e-02	0.121235	1
LYPLA2__P1P2	8	8.7967e-01	8.3615e-02	0.126793	1
HES1__P1P2	8	8.8005e-01	8.3615e-02	0.126793	1
CHAF1A__P1P2	8	8.8121e-01	8.7602e-02	0.132427	1
PRAMEF12__ENST00000357726.4	8	8.8217e-01	8.7603e-02	0.132427	1
APEX2__P1P2	8	8.8356e-01	9.1570e-02	0.138209	1
ZC3H4__P1	8	8.8487e-01	9.5485e-02	0.143671	1
KCTD10__P1P2	8	8.8512e-01	9.5485e-02	0.143671	0
ATM__P1P2	8	8.8673e-01	9.9417e-02	0.149125	0
RASA2__P1P2	8	8.8716e-01	9.9417e-02	0.149125	0
PIH1D1__P1P2	8	8.8813e-01	1.0324e-01	0.153206	0
SKP2__P1P2	8	8.8874e-01	1.0324e-01	0.153206	0
PEX7__P1P2	8	8.8892e-01	1.0324e-01	0.153206	0
MRE11A__P1P2	8	8.8904e-01	1.0324e-01	0.153206	0
NCOA6__P1P2	8	8.8928e-01	1.0324e-01	0.153206	0
PCNXL3__P1P2	8	8.9232e-01	1.0324e-01	0.153206	0
SPIN1__P1P2	8	8.9261e-01	1.0324e-01	0.153206	0
HDAC8__P1P2	8	8.9482e-01	1.0714e-01	0.157544	0
DHX35__P1P2	8	8.9499e-01	1.0714e-01	0.157544	0
CDK10__P1P2	8	8.9562e-01	1.0714e-01	0.157544	0
OCLN__68788394	8	8.9596e-01	1.0714e-01	0.157544	0
KDM3A__P1P2	8	8.9630e-01	1.0714e-01	0.157544	0
NPDC1__P1P2	8	8.9653e-01	1.0714e-01	0.157544	0
ZC3H7B__P1P2	8	8.9710e-01	1.1110e-01	0.162384	0
RSPRY1__P1P2	8	8.9777e-01	1.1110e-01	0.162384	0
JPH3__P1P2	8	8.9822e-01	1.1110e-01	0.162384	0
ARHGAP11A__32907502	8	8.9878e-01	1.1110e-01	0.162384	0
CTIF__P1P2	8	9.0022e-01	1.1504e-01	0.166643	0
ADD1__P1P2	8	9.0088e-01	1.1504e-01	0.166643	0
CCDC101__P1P2	8	9.0098e-01	1.1504e-01	0.166643	0
ZDHHC17__P1P2	8	9.0131e-01	1.1504e-01	0.166643	0
ATP6V0E1__P1P2	8	9.0142e-01	1.1504e-01	0.166643	0
MED23__P1P2	8	9.0185e-01	1.1890e-01	0.167011	0
MED19__P1P2	8	9.0196e-01	1.1890e-01	0.167011	0
USP28__P1P2	8	9.0207e-01	1.1890e-01	0.167011	0
PYGO2__P1P2	8	9.0325e-01	1.1890e-01	0.167011	0
WDR37__P1P2	8	9.0411e-01	1.1890e-01	0.167011	0
C1orf101__P1P2	8	9.0464e-01	1.1890e-01	0.167011	0
PLEKHG2__P1P2	8	9.0501e-01	1.1890e-01	0.167011	0
SNAI1__P1P2	8	9.0553e-01	1.1890e-01	0.167011	0
SENP2__P1P2	8	9.0673e-01	1.1890e-01	0.167011	0
ELOVL6__P1P2	8	9.0694e-01	1.1890e-01	0.167011	0
MCTS1__P1P2	8	9.0725e-01	1.1890e-01	0.167011	0
POLE3__P1P2	8	9.0786e-01	1.1890e-01	0.167011	0
PORCN__P2	8	9.0797e-01	1.1890e-01	0.167011	0
ZNF740__P1P2	8	9.0858e-01	1.1890e-01	0.167011	0
ERC1__P1P2	8	9.0909e-01	1.1890e-01	0.167011	0
FBXO42__P1P2	8	9.0959e-01	1.1890e-01	0.167011	0
RBPMS2__P1P2	8	9.0969e-01	1.1890e-01	0.167011	0
ERCC1__P1P2	8	9.1019e-01	1.1890e-01	0.167011	0
SPEN__P1P2	8	9.1065e-01	1.1890e-01	0.167011	0
PCGF2__P1	8	9.1099e-01	1.1890e-01	0.167011	0
SPRY4__P1P2	8	9.1228e-01	1.2661e-01	0.175308	0
RIC8A__P2	8	9.1238e-01	1.2661e-01	0.175308	0
GAL__P1P2	8	9.1247e-01	1.2661e-01	0.175308	0
FCGR1B__120935150	8	9.1257e-01	1.2661e-01	0.175308	0
ANAPC7__P1P2	8	9.1311e-01	1.2661e-01	0.175308	0
GPBP1__P1P2	8	9.1311e-01	1.2661e-01	0.175308	0
STT3B__P1P2	8	9.1355e-01	1.2661e-01	0.175308	0
PSPC1__P1P2	8	9.1364e-01	1.2661e-01	0.175308	0
USP10__P1P2	8	9.1451e-01	1.2661e-01	0.175308	0
ZNHIT3__P1P2	8	9.1556e-01	1.2661e-01	0.175308	0
CCDC94__P1P2	8	9.1604e-01	1.3050e-01	0.178915	0
TP53__P1P2	8	9.1623e-01	1.3050e-01	0.178915	0
CCNC__P1P2	8	9.1641e-01	1.3050e-01	0.178915	0
OCIAD1__P1P2	8	9.1660e-01	1.3050e-01	0.178915	0
C11orf71__P1P2	8	9.1688e-01	1.3050e-01	0.178915	0
ATP1A1__P1P2	8	9.1782e-01	1.3050e-01	0.178915	0
TFAP4__P1P2	8	9.1809e-01	1.3050e-01	0.178915	0
C14orf169__P1P2	8	9.1883e-01	1.3436e-01	0.183946	0
PKNOX1__P1P2	9	9.1984e-01	1.1543e-01	0.166968	0
GTF2IRD2B__74508172	8	9.2047e-01	1.3804e-01	0.188708	0
UBE2G2__P1P2	8	9.2208e-01	1.4188e-01	0.193690	0
HRAS__P1	8	9.2261e-01	1.4576e-01	0.198430	0
PPFIBP1__P1P2	8	9.2287e-01	1.4576e-01	0.198430	0
SMURF2__P1P2	8	9.2383e-01	1.4953e-01	0.202707	0
ARL14EP__P1P2	8	9.2409e-01	1.4953e-01	0.202707	0
SFPQ__P1P2	8	9.2443e-01	1.4953e-01	0.202707	0
HSPA4__P1P2	8	9.2563e-01	1.5340e-01	0.207094	0
HIBADH__P1P2	8	9.2572e-01	1.5340e-01	0.207094	0
MESDC2__P1P2	8	9.2614e-01	1.5340e-01	0.207094	0
AGO1__36348590	8	9.2656e-01	1.5714e-01	0.211556	0
ATL3__P1P2	8	9.2786e-01	1.6087e-01	0.215080	0
FOXK2__P1P2	8	9.2798e-01	1.6087e-01	0.215080	0
SMCHD1__P1P2	8	9.2823e-01	1.6087e-01	0.215080	0
ATF6__P1P2	8	9.2872e-01	1.6087e-01	0.215080	0
BBC3__P1P2	8	9.2905e-01	1.6087e-01	0.215080	0
CNR1__P1P2	8	9.2941e-01	1.6461e-01	0.215589	0
ARRDC4__P1P2	8	9.2962e-01	1.6461e-01	0.215589	0
ACAT2__P1P2	8	9.3018e-01	1.6461e-01	0.215589	0
RFWD2__P1P2	8	9.3026e-01	1.6461e-01	0.215589	0
AKAP10__P1P2	8	9.3066e-01	1.6461e-01	0.215589	0
DSCR3__P1P2	8	9.3240e-01	1.6461e-01	0.215589	0
PDZK1__145727481	8	9.3310e-01	1.6461e-01	0.215589	0
PIGL__P1P2	8	9.3372e-01	1.6461e-01	0.215589	0
FBXL14__P1P2	8	9.3387e-01	1.6461e-01	0.215589	0
NDUFC1__P2	8	9.3403e-01	1.6461e-01	0.215589	0
SPINT1__P1P2	8	9.3410e-01	1.6461e-01	0.215589	0
ZCCHC8__P1P2	8	9.3580e-01	1.6461e-01	0.215589	0
FNIP1__P1P2	8	9.3640e-01	1.6461e-01	0.215589	0
WDR7__P1P2	8	9.3640e-01	1.6461e-01	0.215589	0
ADAMTS16__P2	8	9.3651e-01	1.6461e-01	0.215589	0
ATG16L1__P1P2	8	9.3699e-01	1.6833e-01	0.219918	0
RNF2__P1P2	8	9.3739e-01	1.7202e-01	0.223841	0
GMEB1__P1P2	8	9.3790e-01	1.7203e-01	0.223841	0
C21orf58__P1	8	9.3805e-01	1.7203e-01	0.223841	0
ANLN__P1P2	8	9.3845e-01	1.7571e-01	0.226512	0
SLC30A3__P1P2	8	9.3855e-01	1.7571e-01	0.226512	0
TMED2__P1P2	8	9.3898e-01	1.7571e-01	0.226512	0
EIF4H__P1P2	8	9.3941e-01	1.7571e-01	0.226512	0
CHST15__P2	8	9.3955e-01	1.7571e-01	0.226512	0
PTPN20A__46619211	8	9.3977e-01	1.7571e-01	0.226512	0
THAP2__P1	8	9.4033e-01	1.7571e-01	0.226512	0
FAM83H__P1P2	8	9.4096e-01	1.8654e-01	0.239839	0
PATL1__P1P2	8	9.4116e-01	1.8654e-01	0.239839	0
SERF1B__69320873	8	9.4185e-01	1.9017e-01	0.242264	0
SREBF1__P1	8	9.4209e-01	1.9017e-01	0.242264	0
PTPN20B__48826780	8	9.4233e-01	1.9017e-01	0.242264	0
SSR1__P1P2	8	9.4240e-01	1.9017e-01	0.242264	0
ELOF1__P1P2	8	9.4247e-01	1.9017e-01	0.242264	0
BCLAF1__P1P2	8	9.4294e-01	1.9017e-01	0.242264	0
SERPINB9__P1P2	8	9.4311e-01	1.9017e-01	0.242264	0
SRCAP__P1P2	8	9.4388e-01	1.9380e-01	0.246562	0
MLLT1__P1P2	8	9.4629e-01	2.0775e-01	0.262590	0
ARHGEF18__P1P2	8	9.4635e-01	2.0775e-01	0.262590	0
PTPN20B__48806138	8	9.4642e-01	2.0775e-01	0.262590	0
OXR1__ENST00000312046.6	8	9.4696e-01	2.0775e-01	0.262590	0
HIST1H2AB__P1P2	8	9.4768e-01	2.0775e-01	0.262590	0
LNP1__P1P2	8	9.4824e-01	2.1468e-01	0.270296	0
RBM47__P1P2	8	9.4873e-01	2.1468e-01	0.270296	0
POC1B__P1P2	8	9.4901e-01	2.1818e-01	0.273992	0
DEDD__P1P2	8	9.4910e-01	2.1818e-01	0.273992	0
UBE2Q1__P1P2	8	9.4995e-01	2.2169e-01	0.277689	0
TP53BP1__P1	8	9.5055e-01	2.2514e-01	0.281643	0
SLC4A1AP__P1P2	8	9.5066e-01	2.2846e-01	0.285431	0
ZNF286B__18584835	8	9.5084e-01	2.3187e-01	0.289311	0
FUT7__P1P2	8	9.5108e-01	2.3526e-01	0.293174	0
DCUN1D1__P1P2	8	9.5184e-01	2.3864e-01	0.296999	0
FAM3B__P1P2	8	9.5219e-01	2.4204e-01	0.300469	0
EPC1__P1P2	8	9.5236e-01	2.4204e-01	0.300469	0
CISD1__P1P2	8	9.5270e-01	2.4540e-01	0.304244	0
ESRP1__P1P2	8	9.5322e-01	2.5563e-01	0.316130	0
CORIN__P1P2	8	9.5344e-01	2.5564e-01	0.316130	0
SERTAD1__P1P2	8	9.5400e-01	2.5897e-01	0.319846	0
ARHGEF5__144052240	8	9.5505e-01	2.6564e-01	0.327667	0
S100A16__P1P2	8	9.5554e-01	2.6897e-01	0.331350	0
USP48__P1P2	8	9.5662e-01	2.7564e-01	0.337856	0
NUDT15__P1P2	8	9.5667e-01	2.7564e-01	0.337856	0
ZNF460__P1P2	8	9.5748e-01	2.7564e-01	0.337856	0
KLHL5__P1P2	11	9.5764e-01	1.5458e-01	0.208391	0
CALU__P1P2	8	9.5782e-01	2.7564e-01	0.337856	0
FAM98A__P1P2	8	9.5834e-01	2.8220e-01	0.345033	0
PHC1__P1P2	8	9.5854e-01	2.8220e-01	0.345033	0
VEZF1__P1P2	8	9.5885e-01	2.8547e-01	0.347714	0
NCF1__74188108	8	9.5922e-01	2.8547e-01	0.347714	0
KMT2D__P1P2	8	9.5922e-01	2.8547e-01	0.347714	0
CORO1B__67206891	8	9.5960e-01	2.8869e-01	0.350756	0
MAGED2__P2	8	9.5965e-01	2.8869e-01	0.350756	0
SETDB1__P1P2	8	9.6029e-01	2.9822e-01	0.361882	0
SF1__P1P2	8	9.6093e-01	3.0465e-01	0.368764	0
LNPEP__P1P2	8	9.6097e-01	3.0465e-01	0.368764	0
MTCH2__P1P2	8	9.6191e-01	3.1577e-01	0.381756	0
MLLT4__P1P2	8	9.6210e-01	3.1730e-01	0.382656	0
G3BP2__P1P2	8	9.6226e-01	3.1731e-01	0.382656	0
SSBP3__P1P2	8	9.6277e-01	3.2341e-01	0.389531	0
CLDN3__P1P2	8	9.6296e-01	3.2641e-01	0.392178	0
TMEM229B__P1	8	9.6314e-01	3.2641e-01	0.392178	0
ZNF296__P1P2	8	9.6360e-01	3.2944e-01	0.394847	0
SRGAP2__206636520	8	9.6365e-01	3.2945e-01	0.394847	0
BOLA2__29465484	8	9.6374e-01	3.3243e-01	0.397442	0
GLYR1__P1P2	8	9.6405e-01	3.3243e-01	0.397442	0
GNE__P1P2	11	9.6440e-01	1.6480e-01	0.215589	0
GPRIN2__46993345	8	9.6454e-01	3.4774e-01	0.413719	0
FAM115A__143579171	8	9.6459e-01	3.4774e-01	0.413719	0
SOS1__P1P2	8	9.6472e-01	3.4774e-01	0.413719	0
PDLIM7__P1	8	9.6481e-01	3.4775e-01	0.413719	0
DUSP22__292259	8	9.6590e-01	3.5374e-01	0.419825	0
FAM69B__P1P2	8	9.6624e-01	3.5973e-01	0.423830	0
PFDN5__P1P2	8	9.6643e-01	3.5973e-01	0.423830	0
TNKS2__P1P2	8	9.6650e-01	3.5973e-01	0.423830	0
CUL3__P1P2	8	9.6660e-01	3.5973e-01	0.423830	0
NR2E3__P1P2	8	9.6719e-01	3.5973e-01	0.423830	0
RPS4Y1__P1P2	8	9.6719e-01	3.5973e-01	0.423830	0
CCS__P1P2	8	9.6733e-01	3.6269e-01	0.426803	0
NONO__P1P2	8	9.6770e-01	3.6552e-01	0.428578	0
LRP6__P1P2	8	9.6779e-01	3.6552e-01	0.428578	0
PKDCC__P1P2	8	9.6789e-01	3.6553e-01	0.428578	0
KIFC1__P1P2	8	9.6835e-01	3.6838e-01	0.430366	0
KLF5__P1P2	8	9.6859e-01	3.6838e-01	0.430366	0
PHYH__P1P2	8	9.6871e-01	3.6838e-01	0.430366	0
NAIP__70319713	8	9.6881e-01	3.6980e-01	0.431502	0
H2AFX__P1P2	8	9.6948e-01	3.7985e-01	0.442704	0
ATP6AP2__P1P2	8	9.6993e-01	3.8272e-01	0.444453	0
INTS6__P1P2	8	9.6997e-01	3.8272e-01	0.444453	0
COPE__P1P2	8	9.7000e-01	3.8272e-01	0.444453	0
PRC1__P1P2	8	9.7061e-01	3.9131e-01	0.452798	0
GTF2I__74071821	8	9.7084e-01	3.9131e-01	0.452798	0
SRSF6__P1	8	9.7116e-01	3.9131e-01	0.452798	0
SLC11A2__P1	8	9.7158e-01	3.9971e-01	0.461970	0
USP44__P1	8	9.7194e-01	4.0536e-01	0.467950	0
TM9SF3__P1P2	8	9.7227e-01	4.0818e-01	0.468977	0
PRCP__P1	8	9.7248e-01	4.0818e-01	0.468977	0
AP3B1__P1P2	8	9.7255e-01	4.0818e-01	0.468977	0
ASXL2__P1P2	8	9.7270e-01	4.0818e-01	0.468977	0
CHRNA7__32322509	8	9.7333e-01	4.1639e-01	0.476153	0
EMD__P1P2	8	9.7348e-01	4.1639e-01	0.476153	0
SERF1A__70196291	8	9.7348e-01	4.1639e-01	0.476153	0
TRIP12__P1P2	8	9.7353e-01	4.1639e-01	0.476153	0
PHF8__P1P2	11	9.7378e-01	2.1418e-01	0.270296	0
CAPG__P1	8	9.7398e-01	4.2569e-01	0.486221	0
HIST2H2BE__149857437	8	9.7408e-01	4.2704e-01	0.486612	0
ZNRF3__P1P2	8	9.7411e-01	4.2704e-01	0.486612	0
GDF7__P1P2	8	9.7433e-01	4.3247e-01	0.491646	0
RUNX1T1__P2	8	9.7443e-01	4.3247e-01	0.491646	0
CD8B__87088218	8	9.7486e-01	4.3775e-01	0.495911	0
TTLL10__P1	8	9.7491e-01	4.3775e-01	0.495911	0
PINK1__P1P2	8	9.7547e-01	4.5070e-01	0.509398	0
TRABD__P1	8	9.7553e-01	4.5325e-01	0.511682	0
PTPN20A__46639859	8	9.7610e-01	4.6578e-01	0.524606	0
FAM203A__ENST00000347708.4	8	9.7634e-01	4.6578e-01	0.524606	0
DDA1__P1P2	8	9.7654e-01	4.6829e-01	0.526217	0
TPI1__P1P2	8	9.7657e-01	4.6829e-01	0.526217	0
ZMYM4__P1P2	11	9.7657e-01	2.1900e-01	0.274672	0
TMTC2__P1P2	8	9.7712e-01	4.7330e-01	0.531236	0
GTF2H2C__68855815	8	9.7787e-01	4.7815e-01	0.536055	0
KANSL1__P1P2	8	9.7813e-01	4.8308e-01	0.540962	0
FAF1__P1P2	8	9.7831e-01	4.8552e-01	0.543069	0
LHFP__P1P2	8	9.7921e-01	4.9969e-01	0.558276	0
CCR6__ENST00000400926.2	8	9.7933e-01	5.0204e-01	0.560258	0
JMJD1C__P1P2	8	9.7979e-01	5.0797e-01	0.566220	0
OGFR__P1P2	8	9.8020e-01	5.1589e-01	0.574388	0
PRSS40A__131328218	8	9.8041e-01	5.1823e-01	0.575677	0
LTN1__P1P2	8	9.8057e-01	5.1823e-01	0.575677	0
USP3__P1P2	8	9.8109e-01	5.2948e-01	0.587501	0
NEUROD1__P1P2	8	9.8129e-01	5.3284e-01	0.588430	0
PTRHD1__P1P2	8	9.8172e-01	5.3395e-01	0.588430	0
FRMPD2__49481953	8	9.8172e-01	5.3395e-01	0.588430	0
ZNF43__P1	8	9.8172e-01	5.3395e-01	0.588430	0
HLA-DMA__P2	8	9.8194e-01	5.3395e-01	0.588430	0
MPHOSPH8__P1	8	9.8199e-01	5.3395e-01	0.588430	0
ROR1__P1P2	8	9.8255e-01	5.4072e-01	0.594547	0
CTXN1__P1P2	8	9.8268e-01	5.4072e-01	0.594547	0
TTC23L__P1P2	8	9.8279e-01	5.4187e-01	0.595136	0
NOSIP__P1P2	8	9.8301e-01	5.4411e-01	0.596930	0
G0S2__P1P2	8	9.8380e-01	5.6240e-01	0.616291	0
GAPVD1__P1P2	8	9.8393e-01	5.6866e-01	0.622454	0
KIF22__P1	8	9.8431e-01	5.8074e-01	0.634957	0
KIAA0247__P1P2	8	9.8444e-01	5.8474e-01	0.637899	0
TMEM194A__P1P2	8	9.8455e-01	5.8474e-01	0.637899	0
SMAD1__P1P2	8	9.8491e-01	5.9852e-01	0.652197	0
C14orf119__P1P2	8	9.8506e-01	6.0044e-01	0.653556	0
DHRS3__P1P2	8	9.8552e-01	6.1185e-01	0.664487	0
CCDC64__ENST00000397558.2	8	9.8561e-01	6.1185e-01	0.664487	0
AGO2__141644983	8	9.8577e-01	6.1565e-01	0.667867	0
CFC1B__131278628	8	9.8593e-01	6.2295e-01	0.675040	0
SOX2__P1P2	11	9.8631e-01	3.5071e-01	0.416739	0
HOXC4__ENST00000430889.2	8	9.8652e-01	6.4525e-01	0.698420	0
ZNF644__P1P2	8	9.8678e-01	6.5134e-01	0.704231	0
PCDHGA12__P1P2	8	9.8697e-01	6.5475e-01	0.707135	0
NIPBL__P1P2	8	9.8745e-01	6.6134e-01	0.713456	0
WNT3A__P1P2	8	9.8781e-01	6.6795e-01	0.719789	0
DDRGK1__P1P2	8	9.8796e-01	6.7771e-01	0.729491	0
BPTF__P1P2	8	9.8841e-01	6.8881e-01	0.740618	0
PURB__P1P2	8	9.8887e-01	7.0110e-01	0.753002	0
NAIP__70315936	8	9.8896e-01	7.0266e-01	0.753022	0
RANBP2__109335729	8	9.8902e-01	7.0267e-01	0.753022	0
MAZ__P1P2	8	9.8943e-01	7.1152e-01	0.760833	0
ZNF710__P1P2	8	9.8945e-01	7.1152e-01	0.760833	0
DET1__P1P2	8	9.8951e-01	7.1303e-01	0.761614	0
EVX2__P1P2	11	9.8979e-01	4.3738e-01	0.495911	0
ADAM18__P1P2	8	9.8980e-01	7.1727e-01	0.765295	0
FAM222B__P1	11	9.9011e-01	4.4798e-01	0.506909	0
FAM115A__143598483	8	9.9014e-01	7.2988e-01	0.777896	0
SLX1A__30205037	8	9.9018e-01	7.3131e-01	0.778569	0
PLOD3__P1P2	8	9.9134e-01	7.6393e-01	0.812405	0
CAB39__P1P2	8	9.9148e-01	7.6516e-01	0.812822	0
FOXK1__P1P2	8	9.9166e-01	7.6759e-01	0.814519	0
FCGR1A__149755456	8	9.9202e-01	7.7599e-01	0.821633	0
TGFBR2__P1P2	8	9.9204e-01	7.7599e-01	0.821633	0
HAX1__P1P2	8	9.9233e-01	7.7946e-01	0.824408	0
ATRN__P1P2	8	9.9238e-01	7.8061e-01	0.824733	0
DNASE1L1__P1	8	9.9243e-01	7.8182e-01	0.825112	0
CAP1__P1P2	8	9.9270e-01	7.8854e-01	0.831304	0
HEXIM1__P1P2	8	9.9296e-01	7.9515e-01	0.837364	0
NBPF14__148025047	8	9.9323e-01	7.9832e-01	0.839788	0
TUBA1C__P1P2	8	9.9370e-01	8.0941e-01	0.850532	0
ACADS__P1P2	8	9.9376e-01	8.1196e-01	0.850635	0
ZNF655__P1P2	8	9.9383e-01	8.1300e-01	0.850635	0
ATF7IP__P1	8	9.9385e-01	8.1300e-01	0.850635	0
UFM1__P1P2	8	9.9386e-01	8.1300e-01	0.850635	0
TMX2__P1P2	8	9.9412e-01	8.1897e-01	0.855956	0
SPRR2G__P1P2	8	9.9429e-01	8.2379e-01	0.860071	0
ESYT1__P2	8	9.9460e-01	8.3303e-01	0.868786	0
HIVEP1__P1P2	8	9.9510e-01	8.4446e-01	0.879760	0
PSMG3__P2	8	9.9559e-01	8.5822e-01	0.893141	0
GOLGA7B__P1P2	8	9.9571e-01	8.6272e-01	0.896862	0
PTPN20A__46640202	8	9.9588e-01	8.6981e-01	0.903259	0
CABIN1__P1P2	8	9.9595e-01	8.7230e-01	0.903920	0
KRTCAP3__P1P2	8	9.9598e-01	8.7230e-01	0.903920	0
MAU2__P1P2	8	9.9605e-01	8.7579e-01	0.906568	0
SLX1B__29465621	8	9.9608e-01	8.7682e-01	0.906664	0
GATA3__P1P2	8	9.9621e-01	8.8128e-01	0.910309	0
LRRC40__P1P2	8	9.9628e-01	8.8493e-01	0.913117	0
DMRT3__P1P2	8	9.9646e-01	8.9030e-01	0.917681	0
OPRD1__P1P2	8	9.9679e-01	8.9639e-01	0.922980	0
ZNF462__P1P2	8	9.9711e-01	9.0395e-01	0.928799	0
LEO1__P1P2	8	9.9713e-01	9.0395e-01	0.928799	0
ILF3__P1P2	8	9.9741e-01	9.1213e-01	0.936207	0
HSPA13__P1P2	8	9.9764e-01	9.1920e-01	0.941963	0
KIDINS220__P1P2	8	9.9768e-01	9.1967e-01	0.941963	0
ZNF286A__15602675	8	9.9773e-01	9.2116e-01	0.942488	0
UFC1__P1P2	8	9.9784e-01	9.2653e-01	0.946990	0
NSG1__NM_001040101_NM_014392	8	9.9791e-01	9.2953e-01	0.949056	0
NOTCH2__120611488	8	9.9823e-01	9.3751e-01	0.956202	0
UFL1__P1P2	8	9.9827e-01	9.3929e-01	0.957008	0
ROCK1__18690984	8	9.9845e-01	9.4526e-01	0.962090	0
VPS9D1__P1P2	8	9.9856e-01	9.4759e-01	0.963445	0
UBE2E3__P1P2	8	9.9864e-01	9.5045e-01	0.965314	0
SPECC1L__P1P2	8	9.9867e-01	9.5141e-01	0.965314	0
CHAMP1__P1P2	8	9.9872e-01	9.5352e-01	0.966447	0
PAPPA__P1P2	8	9.9894e-01	9.6202e-01	0.974046	0
SNRPB2__P1P2	8	9.9900e-01	9.6373e-01	0.974181	0
ATP6AP1__P1P2	8	9.9904e-01	9.6516e-01	0.974181	0
C17orf49__P2	8	9.9905e-01	9.6516e-01	0.974181	0
PRR14L__P1P2	8	9.9912e-01	9.6710e-01	0.975121	0
ACAD11__P1P2	8	9.9934e-01	9.7433e-01	0.981398	0
ASPM__P1P2	8	9.9957e-01	9.8226e-01	0.988363	0
PDS5A__P1P2	8	9.9983e-01	9.9184e-01	0.995688	0
SOX4__P1	8	9.9985e-01	9.9261e-01	0.995688	0
CWC25__P1P2	8	9.9986e-01	9.9261e-01	0.995688	0
KAT7__P1P2	8	9.9995e-01	9.9711e-01	0.999165	0
UBA5__P1P2	8	9.9998e-01	9.9893e-01	0.999959	0
