group_id	items_in_group	lo_value	p	FDR	goodsgrna
MYSM1__P1P2	8	1.8195e-10	5.1389e-07	0.000002	8
SEC62__P1P2	8	1.8195e-10	5.1389e-07	0.000002	8
ANAPC13__P1P2	8	1.8195e-10	5.1389e-07	0.000002	8
CENPF__P1P2	8	1.8195e-10	5.1389e-07	0.000002	8
C7orf26__P1P2	8	2.5071e-10	5.1389e-07	0.000002	8
CEP63__P1P2	8	2.5568e-10	5.1389e-07	0.000002	8
RNF8__P1P2	8	2.2745e-08	5.1389e-07	0.000002	8
PPM1G__P1	8	2.2745e-08	5.1389e-07	0.000002	8
ATP6AP1__P1P2	8	2.2745e-08	5.1389e-07	0.000002	8
PMVK__P1P2	8	2.2745e-08	5.1389e-07	0.000002	8
WDR70__P1P2	8	2.2745e-08	5.1389e-07	0.000002	8
MLF1IP__P1P2	8	2.2745e-08	5.1389e-07	0.000002	7
METTL15__P2	8	2.2745e-08	5.1389e-07	0.000002	8
ACAT2__P1P2	8	2.2745e-08	5.1389e-07	0.000002	8
UBE2C__P1P2	8	2.2745e-08	5.1389e-07	0.000002	8
NDUFS8__P1P2	8	2.2745e-08	5.1389e-07	0.000002	7
BUB1__P1P2	8	2.2745e-08	5.1389e-07	0.000002	8
PALB2__P1P2	8	2.2880e-08	5.1389e-07	0.000002	7
PPP2R5C__P1P2	8	2.3015e-08	5.1389e-07	0.000002	7
RPL36A__P1P2	8	2.3152e-08	5.1389e-07	0.000002	8
HMGCS1__P1P2	8	2.3426e-08	5.1389e-07	0.000002	8
SOX4__P1	8	2.3703e-08	5.1389e-07	0.000002	8
USP28__P1P2	8	2.5874e-08	5.1389e-07	0.000002	8
WDR48__P1P2	8	2.6176e-08	5.1389e-07	0.000002	7
NSMCE4A__P1P2	8	3.0212e-08	5.1389e-07	0.000002	8
TP53__P1P2	8	7.7677e-08	5.1389e-07	0.000002	8
ACTR8__P1P2	8	3.8456e-07	5.1389e-07	0.000002	8
TRIP12__P1P2	8	6.7053e-07	5.1389e-07	0.000002	8
CCDC6__P1P2	8	7.2825e-07	5.1389e-07	0.000002	8
PHF8__P1P2	11	8.1089e-07	5.1389e-07	0.000002	9
UBE2S__P1P2	8	8.8151e-07	5.1389e-07	0.000002	8
HUS1__P1P2	8	1.2468e-06	5.1389e-07	0.000002	8
DICER1__P1P2	8	1.2468e-06	5.1389e-07	0.000002	7
DDRGK1__P1P2	8	1.2468e-06	5.1389e-07	0.000002	6
DUSP12__P1P2	8	1.2468e-06	5.1389e-07	0.000002	6
CHEK1__P1P2	8	1.2468e-06	5.1389e-07	0.000002	8
ORC5__P1P2	8	1.2468e-06	5.1389e-07	0.000002	7
KIAA0020__P1	8	1.2468e-06	5.1389e-07	0.000002	7
DCPS__P1P2	8	1.2468e-06	5.1389e-07	0.000002	8
ANLN__P1P2	8	1.2468e-06	5.1389e-07	0.000002	6
RAD9A__P1P2	8	1.2594e-06	5.1389e-07	0.000002	7
KIF18B__P1P2	8	1.2657e-06	5.1389e-07	0.000002	8
CDC26__P1P2	8	1.2913e-06	5.1389e-07	0.000002	7
RIF1__P1P2	8	1.3909e-06	5.1389e-07	0.000002	6
DGCR8__P1P2	8	1.5711e-06	5.1389e-07	0.000002	8
CTNND1__P1P2	8	1.9425e-06	5.1389e-07	0.000002	8
MAD2L1BP__P1P2	8	2.4490e-06	5.1389e-07	0.000002	8
CYP51A1__P1P2	8	3.3110e-06	5.1389e-07	0.000002	8
MMAB__P1P2	8	3.4457e-06	5.1389e-07	0.000002	8
MUT__P1P2	11	5.5664e-06	5.1389e-07	0.000002	9
BAK1__33547269	8	5.7522e-06	5.1389e-07	0.000002	8
KIRREL__P1P2	8	6.1274e-06	5.1389e-07	0.000002	8
ATF6__P1P2	8	7.2523e-06	5.1389e-07	0.000002	8
UBA5__P1P2	8	7.6562e-06	5.1389e-07	0.000002	8
TERF1__P1P2	8	1.0375e-05	5.1389e-07	0.000002	8
LEO1__P1P2	8	1.0447e-05	5.1389e-07	0.000002	8
MINOS1-NBL1__P1P2	8	1.3627e-05	5.1389e-07	0.000002	8
WDR7__P1P2	8	1.4591e-05	5.1389e-07	0.000002	8
CHEK2__P1P2	4	1.4773e-05	5.1389e-07	0.000002	4
MKI67__P1P2	8	1.6350e-05	5.1389e-07	0.000002	8
FAM64A__P1P2	8	1.7738e-05	5.1389e-07	0.000002	8
IBTK__P1	8	1.7969e-05	5.1389e-07	0.000002	8
AUNIP__P1P2	8	3.0641e-05	5.1389e-07	0.000002	7
TUBA1C__P1P2	8	3.1725e-05	5.1389e-07	0.000002	8
ZNF532__P1	8	3.3488e-05	5.1389e-07	0.000002	8
TP53BP1__P1	8	3.4710e-05	5.1389e-07	0.000002	8
ZZZ3__P1P2	8	3.5231e-05	5.1389e-07	0.000002	8
PDS5B__P1P2	8	3.6780e-05	5.1389e-07	0.000002	8
CHERP__P1P2	8	3.9196e-05	5.1389e-07	0.000002	5
ANKRD49__P1P2	8	3.9196e-05	5.1389e-07	0.000002	5
ZRSR2__P1P2	8	3.9196e-05	5.1389e-07	0.000002	6
CTDSPL2__P1P2	8	3.9196e-05	5.1389e-07	0.000002	6
BTAF1__P1P2	8	3.9196e-05	5.1389e-07	0.000002	6
NDUFAF6__P1P2	8	3.9196e-05	5.1389e-07	0.000002	8
ZWILCH__P1P2	8	3.9196e-05	5.1389e-07	0.000002	7
RBM14-RBM4__P2	8	3.9196e-05	5.1389e-07	0.000002	6
SAE1__P1P2	8	3.9196e-05	5.1389e-07	0.000002	7
TRIP13__P1P2	8	3.9196e-05	5.1389e-07	0.000002	5
PPP1CB__P1P2	8	3.9196e-05	5.1389e-07	0.000002	6
GTF3C4__P1P2	8	3.9196e-05	5.1389e-07	0.000002	7
GTF3C2__P1P2	8	3.9196e-05	5.1389e-07	0.000002	5
ZAR1L__P1P2	8	3.9196e-05	5.1389e-07	0.000002	7
DROSHA__31531421	8	3.9196e-05	5.1389e-07	0.000002	6
U2SURP__P1P2	8	3.9358e-05	5.1389e-07	0.000002	7
GNB2L1__P1P2	8	3.9358e-05	5.1389e-07	0.000002	6
OBFC1__P1P2	8	3.9520e-05	5.1389e-07	0.000002	6
VWA9__P1P2	8	3.9520e-05	5.1389e-07	0.000002	6
FBXO42__P1P2	8	3.9683e-05	5.1389e-07	0.000002	6
MDM2__P1P2	8	4.0175e-05	5.1389e-07	0.000002	7
GPALPP1__P1P2	8	4.0175e-05	5.1389e-07	0.000002	7
MRRF__P1P2	8	4.0340e-05	5.1389e-07	0.000002	6
WDR89__P1P2	8	4.0839e-05	5.1389e-07	0.000002	7
EXOC5__P1P2	8	4.1174e-05	5.1389e-07	0.000002	6
NUTF2__P1P2	8	4.1174e-05	5.1389e-07	0.000002	5
XRCC1__P1P2	11	4.1485e-05	5.1389e-07	0.000002	9
MCTS1__P1P2	8	4.3755e-05	5.1389e-07	0.000002	6
BCKDHA__P1	8	4.4286e-05	5.1389e-07	0.000002	6
NRF1__P1P2	8	4.4464e-05	5.1389e-07	0.000002	7
PPIL1__P1P2	8	4.6278e-05	5.1389e-07	0.000002	6
UBE2G2__P1P2	8	4.9299e-05	5.1389e-07	0.000002	8
PIGY__P1P2	8	5.9581e-05	5.1389e-07	0.000002	8
PKMYT1__P1P2	8	7.9376e-05	5.1389e-07	0.000002	7
PARN__P1P2	11	8.8103e-05	5.1389e-07	0.000002	7
MDM4__P1P2	8	9.2256e-05	5.1389e-07	0.000002	7
EMC1__P1P2	8	1.0313e-04	5.1389e-07	0.000002	7
MDC1__P1P2	8	1.1289e-04	5.1389e-07	0.000002	7
DHX35__P1P2	8	1.4427e-04	5.1389e-07	0.000002	6
BBC3__P1P2	8	1.4427e-04	5.1389e-07	0.000002	7
FNBP4__P1P2	8	1.7249e-04	5.1389e-07	0.000002	7
IPO7__P1P2	8	1.9445e-04	5.1389e-07	0.000002	7
ILK__P1P2	8	2.0878e-04	5.1389e-07	0.000002	6
SMARCAL1__P1P2	8	2.1607e-04	5.1389e-07	0.000002	7
SPTLC2__P1P2	8	2.2473e-04	5.1389e-07	0.000002	7
C1D__P1P2	8	2.3438e-04	5.1389e-07	0.000002	7
NPM1__P1P2	8	2.4293e-04	5.1389e-07	0.000002	7
ZNF462__P1P2	8	2.6160e-04	5.1389e-07	0.000002	7
TINF2__P1P2	8	2.6469e-04	5.1389e-07	0.000002	7
AATF__P1P2	7	2.7757e-04	5.1389e-07	0.000002	6
USP1__P1P2	8	2.9482e-04	5.1389e-07	0.000002	7
DPF2__P1	8	3.3060e-04	5.1389e-07	0.000002	7
CWC25__P1P2	8	3.3532e-04	5.1389e-07	0.000002	7
ZNHIT3__P1P2	8	3.5346e-04	5.1389e-07	0.000002	6
SNRNP40__P1P2	8	3.6064e-04	5.1389e-07	0.000002	6
RPL14__P1P2	8	3.6485e-04	5.1389e-07	0.000002	7
UHRF1__P1P2	8	3.7263e-04	5.1389e-07	0.000002	6
CYLD__P1P2	8	3.7621e-04	5.1389e-07	0.000002	7
SGK223__P1P2	8	3.8466e-04	5.1389e-07	0.000002	7
HMGCR__P1P2	8	4.0912e-04	5.1389e-07	0.000002	6
ZC3H4__P1	8	4.2353e-04	5.1389e-07	0.000002	7
KAT2A__P1P2	8	5.0705e-04	5.1389e-07	0.000002	6
UBE2R2__P1P2	8	5.2915e-04	5.1389e-07	0.000002	7
PPP4R2__P1P2	8	5.4731e-04	5.1389e-07	0.000002	7
SUPT20H__P1P2	8	5.4731e-04	5.1389e-07	0.000002	6
RBM47__P1P2	8	5.7941e-04	5.1389e-07	0.000002	6
SNRPB2__P1P2	8	6.1306e-04	5.1389e-07	0.000002	7
MED13__P1P2	8	6.2581e-04	5.1389e-07	0.000002	7
INO80C__P1P2	8	6.6453e-04	5.1389e-07	0.000002	7
ANKRA2__P1P2	8	6.6622e-04	5.1389e-07	0.000002	7
CNOT3__P1P2	8	6.6961e-04	5.1389e-07	0.000002	7
RBPMS2__P1P2	8	6.8387e-04	5.1389e-07	0.000002	6
CABIN1__P1P2	8	7.2410e-04	5.1389e-07	0.000002	7
PPP2CA__P1P2	8	7.7450e-04	5.1389e-07	0.000002	5
CFDP1__P1	8	7.7450e-04	5.1389e-07	0.000002	4
UBA3__P1P2	8	7.7450e-04	5.1389e-07	0.000002	5
NABP2__P1	8	7.7450e-04	5.1389e-07	0.000002	6
DNAJC2__P1P2	8	7.7450e-04	5.1389e-07	0.000002	6
APEX2__P1P2	8	7.7953e-04	5.1389e-07	0.000002	5
DR1__P1P2	8	7.7953e-04	5.1389e-07	0.000002	4
HEATR3__P1P2	8	7.7953e-04	5.1389e-07	0.000002	6
ESRP1__P1P2	8	7.7953e-04	5.1389e-07	0.000002	7
EXOSC1__P1P2	8	7.8205e-04	5.1389e-07	0.000002	4
PTBP1__P1P2	8	7.8205e-04	5.1389e-07	0.000002	6
GTF2H2__ENST00000274400.5_ENST00000330280.7	8	7.8205e-04	5.1389e-07	0.000002	4
PPME1__P1P2	8	7.8964e-04	5.1389e-07	0.000002	5
SMN2__69345238	8	7.8964e-04	5.1389e-07	0.000002	5
CMC2__P1P2	8	7.9219e-04	5.1389e-07	0.000002	4
KIF22__P1	8	8.0186e-04	5.1389e-07	0.000002	7
EYA3__P1P2	8	8.1582e-04	5.1389e-07	0.000002	7
DBF4__P1P2	8	8.1828e-04	5.1389e-07	0.000002	6
CCDC12__P1	8	8.2056e-04	5.1389e-07	0.000002	6
UFL1__P1P2	8	8.2842e-04	5.1389e-07	0.000002	4
GLCE__P1P2	8	8.2842e-04	5.1389e-07	0.000002	6
POLE3__P1P2	8	8.3105e-04	5.1389e-07	0.000002	6
CHTF18__P1P2	8	8.3369e-04	5.1389e-07	0.000002	4
PFDN1__P1P2	8	8.3610e-04	5.1389e-07	0.000002	7
NUFIP1__P1P2	8	8.4431e-04	5.1389e-07	0.000002	5
POLR1B__P1P2	8	8.5233e-04	5.1389e-07	0.000002	7
GOLGA7__P1P2	8	8.8223e-04	5.1389e-07	0.000002	6
XPC__P1	8	8.8223e-04	5.1389e-07	0.000002	4
RBM34__P1P2	8	9.3852e-04	5.1389e-07	0.000002	6
RPS13__P1P2	8	1.0422e-03	5.1389e-07	0.000002	7
NEK2__P1P2	8	1.0506e-03	5.1389e-07	0.000002	6
RPS14__P1P2	8	1.0735e-03	5.1389e-07	0.000002	7
INTS10__P1P2	8	1.0742e-03	5.1389e-07	0.000002	6
FAM98A__P1P2	8	1.1016e-03	5.1389e-07	0.000002	7
LIMS1__P1P2	8	1.2007e-03	5.1389e-07	0.000002	7
WDR82__P1P2	8	1.3013e-03	5.1389e-07	0.000002	7
DNMT1__P1P2	8	1.3072e-03	5.1389e-07	0.000002	7
ARHGAP4__P1	8	1.3108e-03	5.1389e-07	0.000002	6
TADA2B__P1P2	8	1.3287e-03	5.1389e-07	0.000002	6
TAF11__P1P2	8	1.3853e-03	5.1389e-07	0.000002	6
TAF9__P1P2	8	1.4208e-03	5.1389e-07	0.000002	6
BMS1__P1P2	8	1.4388e-03	5.1389e-07	0.000002	6
STAG2__P1	8	1.4509e-03	5.1389e-07	0.000002	6
H2AFZ__P1P2	8	1.6767e-03	5.1389e-07	0.000002	6
TOP1__P1P2	8	1.9631e-03	5.1389e-07	0.000002	6
DNAJC3__P1P2	8	1.9787e-03	5.1389e-07	0.000002	6
C8orf59__P1P2	8	2.0472e-03	5.1389e-07	0.000002	6
DCLRE1B__P1P2	8	2.2990e-03	5.1389e-07	0.000002	6
ILF3__P1P2	8	2.3412e-03	5.1389e-07	0.000002	5
LIAS__P1P2	8	2.4620e-03	5.1389e-07	0.000002	6
CENPQ__P1P2	11	2.6418e-03	5.1389e-07	0.000002	8
PAN3__P1P2	8	2.6932e-03	5.1389e-07	0.000002	6
WEE1__P1P2	8	2.7180e-03	5.1389e-07	0.000002	5
POLG__P1P2	8	3.0354e-03	5.1389e-07	0.000002	6
FDXR__P1P2	11	3.5810e-03	5.1389e-07	0.000002	5
KAT5__P1P2	8	4.2721e-03	5.1389e-07	0.000002	6
FOXK1__P1P2	8	4.3813e-03	5.1389e-07	0.000002	6
MAP3K7__P1P2	8	4.6524e-03	5.1389e-07	0.000002	6
RPL34__P1P2	8	4.8564e-03	5.1389e-07	0.000002	6
UBE2M__P1P2	8	5.0508e-03	5.1389e-07	0.000002	6
FAM178A__P1P2	8	5.1146e-03	5.1389e-07	0.000002	5
ARHGAP21__P1P2	8	5.2458e-03	5.1389e-07	0.000002	6
UBE2L3__P1P2	8	5.3488e-03	5.1389e-07	0.000002	5
ASPM__P1P2	8	5.7137e-03	5.1389e-07	0.000002	6
POLE4__P1P2	8	6.1625e-03	5.1389e-07	0.000002	6
ACAD11__P1P2	8	6.3752e-03	5.1389e-07	0.000002	5
ERC1__P1P2	8	6.4104e-03	5.1389e-07	0.000002	6
SHCBP1__P1P2	8	6.5036e-03	5.1389e-07	0.000002	6
IPO5__P1P2	8	6.5439e-03	5.1389e-07	0.000002	6
TMED2__P1P2	8	6.7208e-03	5.1389e-07	0.000002	6
B3GAT3__P1P2	8	6.7451e-03	5.1389e-07	0.000002	6
NPLOC4__P1P2	8	6.7898e-03	5.1389e-07	0.000002	6
PDSS1__P1P2	11	6.7906e-03	5.1389e-07	0.000002	5
HMBS__P1	8	7.0862e-03	5.1389e-07	0.000002	5
CSDE1__P1P2	8	7.2304e-03	5.1389e-07	0.000002	6
RPS8__P1P2	8	7.3624e-03	5.1389e-07	0.000002	6
DEGS1__P1P2	8	7.8007e-03	5.1389e-07	0.000002	6
SDF2__P1P2	8	7.8783e-03	5.1389e-07	0.000002	6
C1QTNF9B-AS1__P1P2	8	7.8939e-03	5.1389e-07	0.000002	6
CCNE1__P1P2	8	8.1467e-03	5.1389e-07	0.000002	6
RASAL2__P1P2	8	8.1628e-03	5.1389e-07	0.000002	6
MAP4K3__P1P2	8	8.2109e-03	5.1389e-07	0.000002	6
FECH__P1P2	8	8.3162e-03	5.1389e-07	0.000002	5
B4GALT7__P1P2	8	8.4716e-03	5.1389e-07	0.000002	6
ZC3H7A__P1P2	8	8.5544e-03	5.1389e-07	0.000002	6
HSPA13__P1P2	8	8.5877e-03	5.1389e-07	0.000002	6
PNKP__P1P2	8	8.7977e-03	5.1389e-07	0.000002	5
RRNAD1__P1P2	8	8.8816e-03	5.1389e-07	0.000002	5
RUNX1T1__P2	8	8.8816e-03	5.1389e-07	0.000002	5
L3MBTL2__P1P2	8	8.9780e-03	5.1389e-07	0.000002	6
CHAF1A__P1P2	8	9.1371e-03	5.1389e-07	0.000002	5
AK2__P1P2	8	9.2046e-03	5.1389e-07	0.000002	6
HAUS8__P1P2	8	9.4012e-03	5.1389e-07	0.000002	5
NSDHL__P1P2	8	9.5801e-03	5.1389e-07	0.000002	6
MAGOHB__P1P2	8	9.6225e-03	5.1389e-07	0.000002	4
RAD17__P1P2	8	9.8928e-03	3.0833e-06	0.000012	4
TACC3__P1	8	9.8928e-03	3.0833e-06	0.000012	4
ERCC1__P1P2	8	9.8928e-03	3.0833e-06	0.000012	3
MED15__P1	8	9.8928e-03	3.0833e-06	0.000012	3
NAE1__P1P2	8	9.8928e-03	3.0833e-06	0.000012	5
UFM1__P1P2	8	9.8928e-03	3.0833e-06	0.000012	4
PSPH__P2	8	9.8928e-03	3.0833e-06	0.000012	5
PFDN4__P1P2	8	9.9161e-03	5.6528e-06	0.000022	3
RBX1__P1P2	8	9.9395e-03	5.6528e-06	0.000022	5
FKBPL__P1P2	8	9.9395e-03	5.6528e-06	0.000022	6
RANBP2__109335729	8	9.9395e-03	5.6528e-06	0.000022	5
CCDC137__P1P2	8	9.9395e-03	5.6528e-06	0.000022	4
UBR5__P1P2	8	9.9629e-03	5.6528e-06	0.000022	5
DDX10__P1P2	8	9.9629e-03	5.6528e-06	0.000022	5
HAX1__P1P2	8	9.9629e-03	5.6528e-06	0.000022	5
VPS51__P1P2	8	9.9629e-03	5.6528e-06	0.000022	5
CPNE1__P1P2	8	1.0051e-02	5.6528e-06	0.000022	5
CSNK1A1__P1P2	8	1.0080e-02	6.6806e-06	0.000025	3
RPS4Y1__P1P2	8	1.0319e-02	7.7083e-06	0.000029	5
RPL9__P1P2	8	1.0348e-02	7.7083e-06	0.000029	6
HIST1H1E__P1P2	8	1.0390e-02	7.7083e-06	0.000029	5
HSPA14__P1P2	8	1.0438e-02	8.7361e-06	0.000033	5
TIMM17B__P1P2	8	1.0534e-02	8.7361e-06	0.000033	5
PSMG3__P2	8	1.0753e-02	9.7639e-06	0.000035	4
ZFC3H1__P1P2	8	1.0778e-02	9.7639e-06	0.000035	3
RNF168__P1P2	8	1.0950e-02	9.7639e-06	0.000035	5
UNC45A__P1	8	1.1101e-02	9.7639e-06	0.000035	6
INPPL1__P1P2	8	1.1204e-02	9.7639e-06	0.000035	6
AMOTL1__P1P2	8	1.1276e-02	9.7639e-06	0.000035	6
KPNA2__P1P2	8	1.1326e-02	9.7639e-06	0.000035	5
EXT1__P1P2	8	1.4362e-02	9.7639e-06	0.000035	5
COL4A3BP__P1P2	8	1.6526e-02	9.7639e-06	0.000035	5
NAA15__P1P2	8	1.7469e-02	9.7639e-06	0.000035	5
PTK2__P1P2	8	1.7965e-02	9.7639e-06	0.000035	5
CXorf56__P1P2	11	1.9060e-02	5.1389e-07	0.000002	7
GET4__P1P2	8	1.9604e-02	9.7639e-06	0.000035	5
USP42__P1P2	8	1.9869e-02	9.7639e-06	0.000035	5
GTF3A__P1P2	8	2.1230e-02	9.7639e-06	0.000035	4
ZNF532__P2	8	2.2118e-02	1.0792e-05	0.000037	5
ACTR5__P1P2	8	2.3373e-02	1.0792e-05	0.000037	5
C19orf53__P1P2	8	2.3650e-02	1.0792e-05	0.000037	4
KLLN__P1P2	8	2.5417e-02	1.0792e-05	0.000037	5
UQCRC2__P1P2	11	2.5594e-02	1.7986e-05	0.000056	6
SUB1__P1	8	2.6357e-02	1.0792e-05	0.000037	5
DCUN1D3__P1P2	8	2.6731e-02	1.0792e-05	0.000037	5
SND1__P1P2	8	2.7777e-02	1.0792e-05	0.000037	5
SLC25A33__P1P2	8	2.8214e-02	1.0792e-05	0.000037	5
ATM__P1P2	8	2.8214e-02	1.0792e-05	0.000037	5
SF3A2__P2	8	2.9351e-02	1.0792e-05	0.000037	5
MGEA5__P1P2	8	2.9932e-02	1.0792e-05	0.000037	5
PRKRIR__P1P2	8	3.1678e-02	1.0792e-05	0.000037	4
HNRNPA2B1__P1P2	8	3.2795e-02	1.1819e-05	0.000040	5
EIF4B__P1P2	8	3.5129e-02	1.2847e-05	0.000042	5
CCS__P1P2	8	3.6338e-02	1.2847e-05	0.000042	5
TCF3__P1P2	8	3.7042e-02	1.2847e-05	0.000042	5
PAN2__P1P2	8	3.7935e-02	1.2847e-05	0.000042	5
RAD1__P1P2	8	3.9519e-02	1.2847e-05	0.000042	5
FAM69B__P1P2	8	4.0085e-02	1.2847e-05	0.000042	4
SRCAP__P1P2	8	4.0422e-02	1.2847e-05	0.000042	5
RAD51AP1__P1P2	8	4.0958e-02	1.2847e-05	0.000042	5
RBM15__110881839	8	4.0972e-02	1.2847e-05	0.000042	4
PMAIP1__57567020	8	4.4545e-02	1.3875e-05	0.000045	5
DDX31__P1P2	8	4.5762e-02	1.3875e-05	0.000045	4
ZBTB7B__P1P2	8	4.6451e-02	1.3875e-05	0.000045	5
PRKDC__P1P2	8	4.7425e-02	1.3875e-05	0.000045	5
NCSTN__P1P2	8	4.7565e-02	1.4903e-05	0.000047	5
NF2__29999349	8	4.7776e-02	1.4903e-05	0.000047	5
PRPF40A__P1P2	8	4.8059e-02	1.4903e-05	0.000047	5
TBCC__P1P2	8	4.8650e-02	1.4903e-05	0.000047	4
MOSPD2__P1P2	8	4.9127e-02	1.4903e-05	0.000047	5
AKAP3__P1	8	4.9559e-02	1.4903e-05	0.000047	5
SF1__P1P2	8	4.9994e-02	1.4903e-05	0.000047	5
SPIN1__P1P2	8	5.0321e-02	1.4903e-05	0.000047	5
FAM216A__P1P2	8	5.1515e-02	1.5931e-05	0.000050	4
ISY1__P1P2	8	5.2505e-02	1.6958e-05	0.000053	5
MARCKS__P1P2	8	5.4483e-02	1.7986e-05	0.000056	5
NUP188__P1P2	8	5.5218e-02	1.7986e-05	0.000056	5
PTPN12__P1P2	8	5.6038e-02	1.9014e-05	0.000059	5
GPATCH8__P1P2	8	5.6353e-02	2.0042e-05	0.000061	5
SAMD1__P1P2	8	5.6906e-02	2.0042e-05	0.000061	5
UBE2O__P1P2	8	5.7144e-02	2.0042e-05	0.000061	5
PATL1__P1P2	8	5.7304e-02	2.0042e-05	0.000061	5
CBLL1__P1P2	8	5.8145e-02	2.0042e-05	0.000061	5
CSTF2__P1P2	8	5.8145e-02	2.0042e-05	0.000061	5
KANSL1__P1P2	8	6.3693e-02	2.2097e-05	0.000067	4
TAF6__P1P2	8	6.7752e-02	2.5181e-05	0.000075	4
TIMM10__P1P2	8	6.7870e-02	2.5181e-05	0.000075	3
SNF8__P1P2	8	6.8389e-02	2.5181e-05	0.000075	4
SUGP1__P1P2	8	7.2623e-02	2.5181e-05	0.000075	4
HIGD2A__P1P2	8	7.3399e-02	2.6208e-05	0.000078	4
ZNF787__P1P2	8	7.8735e-02	2.7236e-05	0.000081	4
RYR3__P1P2	8	8.0564e-02	3.5613e-04	0.001027	2
FUBP3__P1P2	8	8.0564e-02	3.5613e-04	0.001027	2
RAI14__P1P2	8	8.0564e-02	3.5613e-04	0.001027	2
MTCH2__P1P2	8	8.0564e-02	3.5613e-04	0.001027	4
ASUN__P1P2	8	8.0564e-02	3.5613e-04	0.001027	2
MBIP__P1P2	8	8.0564e-02	3.5613e-04	0.001027	3
ATP6AP2__P1P2	8	8.0564e-02	3.5613e-04	0.001027	3
NEDD8-MDP1__P1P2	8	8.0564e-02	3.5613e-04	0.001027	3
ANP32B__P1P2	8	8.0564e-02	3.5613e-04	0.001027	2
COPS8__237994319	8	8.0564e-02	3.5613e-04	0.001027	4
CDC42EP5__P1P2	8	8.0684e-02	6.8399e-04	0.001922	3
ZBTB4__P1	8	8.0805e-02	6.8399e-04	0.001922	2
CNKSR3__P1P2	8	8.0805e-02	6.8399e-04	0.001922	3
C7orf49__P1P2	8	8.0805e-02	6.8399e-04	0.001922	3
NAA30__P1P2	8	8.0925e-02	6.8501e-04	0.001922	4
PLOD3__P1P2	8	8.0925e-02	6.8501e-04	0.001922	2
LSR__P1P2	8	8.1287e-02	6.8501e-04	0.001922	3
PLEKHH2__P1P2	8	8.1408e-02	6.8501e-04	0.001922	2
FZR1__P1P2	8	8.1771e-02	6.8604e-04	0.001922	4
PABPC4__P1P2	8	8.2013e-02	6.8604e-04	0.001922	3
CENPL__P1P2	8	8.3227e-02	8.1143e-04	0.002260	4
WDR18__P1P2	8	8.3959e-02	8.9263e-04	0.002479	3
MAPRE1__P1P2	8	8.6971e-02	9.7279e-04	0.002597	4
CTIF__P1P2	8	8.7155e-02	9.7279e-04	0.002597	3
DYNC1LI1__P1P2	8	8.7774e-02	9.7279e-04	0.002597	4
KIFC1__P1P2	8	8.8824e-02	9.7279e-04	0.002597	4
GNG4__P1P2	8	9.8957e-02	9.7690e-04	0.002597	4
ENY2__P1P2	8	9.9673e-02	9.7690e-04	0.002597	3
RPL29__P1P2	8	1.0068e-01	9.7999e-04	0.002597	4
STRADA__P1P2	8	1.0535e-01	9.8101e-04	0.002597	4
SUFU__104263513	8	1.1460e-01	9.8924e-04	0.002597	4
PPP1R10__P1P2	8	1.1550e-01	9.8924e-04	0.002597	4
LRP6__P1P2	8	1.1658e-01	9.8924e-04	0.002597	3
PSPC1__P1P2	8	1.1815e-01	9.9026e-04	0.002597	4
NPDC1__P1P2	8	1.1829e-01	9.9026e-04	0.002597	4
FBXO28__P1P2	8	1.2294e-01	9.9129e-04	0.002597	4
ZFAT__P1	8	1.2586e-01	9.9335e-04	0.002597	4
SETDB1__P1P2	8	1.2814e-01	9.9643e-04	0.002597	4
DEDD__P1P2	8	1.2967e-01	9.9746e-04	0.002597	4
CAPZA1__P1P2	8	1.3229e-01	9.9849e-04	0.002597	4
SSR1__P1P2	8	1.3666e-01	9.9951e-04	0.002597	4
HUWE1__P1P2	8	1.3840e-01	9.9951e-04	0.002597	4
MTF2__P1P2	8	1.3887e-01	9.9951e-04	0.002597	3
EIF3F__P1P2	11	1.4050e-01	6.9067e-04	0.001929	5
CDK10__P1P2	8	1.4305e-01	1.0036e-03	0.002597	4
GMPR2__P1P2	8	1.4369e-01	1.0036e-03	0.002597	4
USP10__P1P2	8	1.4892e-01	1.0047e-03	0.002597	4
XPO5__P1P2	8	1.5181e-01	1.0047e-03	0.002597	4
FAM122A__P1P2	8	1.5231e-01	1.0047e-03	0.002597	4
CLK3__P2	8	1.5401e-01	1.0118e-03	0.002609	3
PFDN5__P1P2	8	1.5609e-01	1.0201e-03	0.002612	4
TRIP6__P1P2	8	1.5643e-01	1.0201e-03	0.002612	4
PIP4K2C__P1P2	8	1.5854e-01	1.0211e-03	0.002612	4
NIPBL__P1P2	8	1.5999e-01	1.0293e-03	0.002619	4
SLC4A1AP__P1P2	8	1.6103e-01	1.0293e-03	0.002619	3
HES1__P1P2	8	1.6403e-01	1.0478e-03	0.002652	4
CMC1__P1P2	8	1.6429e-01	1.0478e-03	0.002652	4
COPE__P1P2	8	1.6499e-01	1.0550e-03	0.002664	4
ATP2C1__P1P2	8	1.6673e-01	1.0612e-03	0.002672	4
ASXL2__P1P2	8	1.6903e-01	1.0766e-03	0.002704	3
CREBBP__P1P2	8	1.7200e-01	1.0797e-03	0.002705	4
BRMS1__P1P2	8	1.7448e-01	1.0920e-03	0.002710	4
SUPT4H1__P1P2	8	1.7466e-01	1.0920e-03	0.002710	4
ZNF444__P1P2	8	1.7582e-01	1.0920e-03	0.002710	4
RPL28__P1P2	8	1.7681e-01	1.0930e-03	0.002710	4
KDM3A__P1P2	8	1.7978e-01	1.1208e-03	0.002768	4
UBA2__P1P2	8	1.8168e-01	1.1218e-03	0.002768	4
NXT1__P1P2	8	1.8259e-01	1.1280e-03	0.002771	4
SALL2__P1P2	8	1.8488e-01	1.1290e-03	0.002771	4
BRPF1__P1P2	8	1.8662e-01	1.1413e-03	0.002794	4
ZNF460__P1P2	8	1.8708e-01	1.1552e-03	0.002821	4
TICAM2__P2	8	1.9536e-01	1.1773e-03	0.002868	4
SIN3B__P1P2	8	2.1939e-01	1.2544e-03	0.003048	3
GRWD1__P1P2	8	2.2419e-01	1.2708e-03	0.003080	3
PPP6R3__P1P2	8	2.2725e-01	1.2863e-03	0.003102	3
TFAP4__P1P2	8	2.2843e-01	1.2863e-03	0.003102	3
EIF4A1__P1P2	8	2.4443e-01	1.3243e-03	0.003170	3
NUDT22__P1P2	8	2.4709e-01	1.3243e-03	0.003170	3
ATPAF2__P1P2	8	2.4891e-01	1.3243e-03	0.003170	3
RAC1__P1P2	8	2.5170e-01	1.3459e-03	0.003209	3
GAL__P1P2	8	2.5267e-01	1.3469e-03	0.003209	3
COG6__P1P2	8	2.5859e-01	1.3695e-03	0.003247	2
ESYT2__P1P2	8	2.6050e-01	1.3695e-03	0.003247	3
TM9SF3__P1P2	8	2.6480e-01	1.5720e-03	0.003693	3
ZNF236__P1P2	8	2.6524e-01	1.5720e-03	0.003693	2
ZCCHC11__P1P2	8	2.6863e-01	1.5730e-03	0.003693	3
RNPS1__P1P2	8	2.6962e-01	1.5730e-03	0.003693	2
PRC1__P1P2	8	2.7334e-01	1.6008e-03	0.003725	3
CENPO__P1P2	8	2.7758e-01	1.6008e-03	0.003725	3
STX7__P1P2	8	2.7824e-01	1.6008e-03	0.003725	2
EVI5__P1P2	8	2.8283e-01	1.6018e-03	0.003725	3
VPS9D1__P1P2	8	2.8861e-01	1.6347e-03	0.003786	3
USMG5__P1P2	8	2.9081e-01	1.6357e-03	0.003786	3
MEX3A__P1P2	8	2.9326e-01	1.6686e-03	0.003846	3
TAF3__P1P2	8	2.9416e-01	1.6696e-03	0.003846	3
ING5__P1P2	8	3.0024e-01	1.9029e-03	0.004324	3
SMG7__P1P2	8	3.0405e-01	1.9029e-03	0.004324	3
GDI2__P1	8	3.0596e-01	1.9029e-03	0.004324	3
PPP2R1A__P1	8	3.0749e-01	1.9040e-03	0.004324	3
KDSR__P1P2	8	3.0945e-01	1.9040e-03	0.004324	3
TMEM258__P1P2	8	3.1529e-01	1.9040e-03	0.004324	3
PRR14L__P1P2	8	3.1760e-01	1.9410e-03	0.004390	3
SCAF11__P1P2	8	3.1914e-01	1.9420e-03	0.004390	3
SERBP1__P1P2	8	3.2532e-01	2.1578e-03	0.004846	3
PTRHD1__P1P2	8	3.3123e-01	2.1588e-03	0.004846	2
SMN1__70220656	8	3.3190e-01	2.1588e-03	0.004846	3
NDE1__P1	8	3.4084e-01	2.2277e-03	0.004978	3
VPS26A__P1P2	8	3.4105e-01	2.2277e-03	0.004978	3
CORO1B__67210174	8	3.4500e-01	2.4692e-03	0.005505	3
ARAP3__P1P2	8	3.4694e-01	2.5093e-03	0.005581	2
ELOF1__P1P2	8	3.4906e-01	2.5525e-03	0.005664	3
GART__P1P2	8	3.5060e-01	2.7611e-03	0.006061	3
TTLL10__P1	8	3.5412e-01	2.7622e-03	0.006061	3
IRX1__P1P2	8	3.5478e-01	2.7622e-03	0.006061	2
DOCK1__P1P2	8	3.5490e-01	2.7622e-03	0.006061	3
NRBP1__P1P2	8	3.5673e-01	2.7992e-03	0.006128	3
SUPT3H__P1P2	8	3.6143e-01	3.0006e-03	0.006412	3
TMEM86A__P1P2	8	3.6163e-01	3.0006e-03	0.006412	2
UFC1__P1P2	8	3.6352e-01	3.0006e-03	0.006412	3
PTPRF__P1P2	8	3.6404e-01	3.0006e-03	0.006412	3
PARL__P1P2	8	3.6431e-01	3.0006e-03	0.006412	3
FBXO8__P1	8	3.6692e-01	3.0006e-03	0.006412	3
TMTC2__P1P2	8	3.6766e-01	3.0016e-03	0.006412	2
MAZ__P1P2	8	3.6847e-01	3.0016e-03	0.006412	3
RPS11__P1P2	8	3.6876e-01	3.0016e-03	0.006412	3
MRGBP__P1P2	8	3.7026e-01	3.0016e-03	0.006412	2
REC8__P1P2	8	3.7644e-01	3.0016e-03	0.006412	2
BRD1__P1P2	8	3.7820e-01	3.0427e-03	0.006472	3
UBE2D3__P1P2	8	3.7872e-01	3.0427e-03	0.006472	3
RRP8__P1P2	8	3.8292e-01	3.1013e-03	0.006570	3
BRAP__P1P2	8	3.8778e-01	3.1024e-03	0.006570	2
TPR__P1P2	8	3.9053e-01	3.1692e-03	0.006697	2
FERMT1__P1P2	8	3.9355e-01	2.1135e-02	0.039659	2
UBE2E2__P1P2	8	3.9355e-01	2.1135e-02	0.039659	1
ACADS__P1P2	8	3.9355e-01	2.1135e-02	0.039659	1
WDR86__P1P2	8	3.9355e-01	2.1135e-02	0.039659	2
SPEN__P1P2	8	3.9355e-01	2.1135e-02	0.039659	1
UBE2Q1__P1P2	8	3.9355e-01	2.1135e-02	0.039659	2
MYO9B__P1P2	8	3.9355e-01	2.1135e-02	0.039659	3
SNRK__P1P2	8	3.9355e-01	2.1135e-02	0.039659	1
C19orf43__P1P2	8	3.9355e-01	2.1135e-02	0.039659	2
TMSB10__P1P2	8	3.9355e-01	2.1135e-02	0.039659	1
NFYB__P1P2	8	3.9355e-01	2.1135e-02	0.039659	2
PGPEP1__P1P2	8	3.9355e-01	2.1135e-02	0.039659	2
DHH__P1P2	8	3.9355e-01	2.1135e-02	0.039659	1
FAM115C__143317820	8	3.9355e-01	2.1135e-02	0.039659	1
ATRIP__P1P2	8	3.9355e-01	2.1135e-02	0.039659	1
CSNK2A1__P1P2	8	3.9355e-01	2.1135e-02	0.039659	1
RPUSD4__P1P2	8	3.9355e-01	2.1135e-02	0.039659	2
ARHGEF18__P1P2	8	3.9355e-01	2.1135e-02	0.039659	1
EIF4H__P1P2	8	3.9355e-01	2.1135e-02	0.039659	1
ARHGAP11B__30918117	8	3.9355e-01	2.1135e-02	0.039659	1
PLEKHA5__P1P2	8	3.9355e-01	2.1135e-02	0.039659	2
ATL3__P1P2	8	3.9355e-01	2.1135e-02	0.039659	1
ARRDC4__P1P2	8	3.9355e-01	2.1135e-02	0.039659	1
AGPS__P1P2	8	3.9355e-01	2.1135e-02	0.039659	1
BCL2L13__P1P2	8	3.9355e-01	2.1135e-02	0.039659	1
SLC38A10__P1P2	8	3.9355e-01	2.1135e-02	0.039659	1
TGDS__P1P2	8	3.9355e-01	2.1135e-02	0.039659	1
FDX1__P1P2	8	3.9355e-01	2.1135e-02	0.039659	2
CTXN1__P1P2	8	3.9355e-01	2.1135e-02	0.039659	3
TMEM68__P1P2	8	3.9355e-01	2.1135e-02	0.039659	3
ABCB10__P1P2	8	3.9355e-01	2.1135e-02	0.039659	1
PDIA4__P1P2	8	3.9355e-01	2.1135e-02	0.039659	1
FAM83H__P1P2	8	3.9355e-01	2.1135e-02	0.039659	2
TAF5L__P1P2	8	3.9355e-01	2.1135e-02	0.039659	2
CORO1A__30194716	8	3.9355e-01	2.1135e-02	0.039659	2
C1orf101__P1P2	8	3.9355e-01	2.1135e-02	0.039659	1
LCOR__P1P2	8	3.9355e-01	2.1135e-02	0.039659	1
CCDC130__P1	8	3.9355e-01	2.1135e-02	0.039659	1
ACTA2__P2	8	3.9355e-01	2.1135e-02	0.039659	1
GPX3__P1P2	8	3.9355e-01	2.1135e-02	0.039659	2
KCTD3__P1P2	8	3.9355e-01	2.1135e-02	0.039659	3
CCDC94__P1P2	8	3.9355e-01	2.1135e-02	0.039659	2
GNPNAT1__P1P2	8	3.9355e-01	2.1135e-02	0.039659	1
MANSC1__P1P2	8	3.9355e-01	2.1135e-02	0.039659	2
MEAF6__P1P2	8	3.9355e-01	2.1135e-02	0.039659	2
GOLGA7B__P1P2	8	3.9355e-01	2.1135e-02	0.039659	1
GPBP1__P1P2	8	3.9355e-01	2.1135e-02	0.039659	2
LOC730183__NM_001256932	8	3.9355e-01	2.1135e-02	0.039659	2
GPR89B__147400326	8	3.9355e-01	2.1135e-02	0.039659	1
SREBF1__P1	8	3.9355e-01	2.1135e-02	0.039659	2
CD99L2__P1P2	8	3.9355e-01	2.1135e-02	0.039659	2
HDAC7__P1P2	8	3.9355e-01	2.1135e-02	0.039659	1
ISCA1__P1P2	8	3.9355e-01	2.1135e-02	0.039659	2
IBA57__P1P2	8	3.9355e-01	2.1135e-02	0.039659	1
MCM7__P1P2	8	3.9355e-01	2.1135e-02	0.039659	1
HOXC4__ENST00000430889.2	8	3.9355e-01	2.1135e-02	0.039659	2
HSPA4__P1P2	8	3.9355e-01	2.1135e-02	0.039659	1
ADAM18__P1P2	8	3.9355e-01	2.1135e-02	0.039659	1
HIVEP1__P1P2	8	3.9382e-01	3.9100e-02	0.071307	2
ABHD16A__P1P2	8	3.9382e-01	3.9100e-02	0.071307	2
CAB39__P1P2	8	3.9408e-01	3.9100e-02	0.071307	1
JPH3__P1P2	8	3.9408e-01	3.9100e-02	0.071307	1
MSI1__P1P2	8	3.9408e-01	3.9100e-02	0.071307	1
USP3__P1P2	8	3.9435e-01	3.9100e-02	0.071307	1
RAD21__P1P2	8	3.9488e-01	3.9100e-02	0.071307	1
PIGB__P1P2	8	3.9515e-01	3.9100e-02	0.071307	1
G0S2__P1P2	8	3.9542e-01	3.9101e-02	0.071307	1
TRABD__P1	8	3.9542e-01	3.9101e-02	0.071307	1
GDF7__P1P2	8	3.9542e-01	3.9101e-02	0.071307	1
AJUBA__P1P2	8	3.9595e-01	3.9101e-02	0.071307	3
PLEKHG2__P1P2	8	3.9595e-01	3.9101e-02	0.071307	1
PIH1D1__P1P2	8	3.9595e-01	3.9101e-02	0.071307	1
SERPINB9__P1P2	8	3.9807e-01	4.3166e-02	0.078281	1
RIC8A__P2	8	3.9913e-01	4.3167e-02	0.078281	1
TMEM110__P1P2	8	4.0037e-01	4.3167e-02	0.078281	2
C11orf58__P1P2	8	4.0098e-01	4.5203e-02	0.081667	1
USP44__P1	8	4.0098e-01	4.5203e-02	0.081667	2
PLA2G7__P1P2	8	4.0124e-01	4.7238e-02	0.084647	2
C6orf62__P1	11	4.0264e-01	2.6080e-03	0.005774	4
PPP2R5E__P1P2	8	4.0466e-01	4.7407e-02	0.084647	2
ZC3H7B__P1P2	8	4.0501e-01	4.7407e-02	0.084647	3
TRIM24__P1P2	8	4.0649e-01	4.7408e-02	0.084647	3
CHRNA7__32322509	8	4.0738e-01	4.7449e-02	0.084647	3
PHC1__P1P2	8	4.1502e-01	4.7641e-02	0.084647	3
CYFIP2__P1P2	8	4.1930e-01	4.7865e-02	0.084647	2
PPP6C__P1P2	8	4.2239e-01	4.7866e-02	0.084647	3
KDM5A__P1P2	8	4.2476e-01	4.7866e-02	0.084647	3
GNAI1__P1P2	8	4.2555e-01	4.7958e-02	0.084647	3
SUPT7L__P1P2	8	4.2660e-01	4.8173e-02	0.084647	3
YPEL3__P1P2	8	4.2870e-01	4.8173e-02	0.084647	3
RASA2__P1P2	8	4.2949e-01	4.8174e-02	0.084647	3
HEXIM1__P1P2	8	4.3107e-01	4.8174e-02	0.084647	3
SPRY4__P1P2	8	4.3344e-01	4.8245e-02	0.084647	3
MED13L__P1P2	8	4.3449e-01	4.8245e-02	0.084647	3
ACLY__P1P2	8	4.4434e-01	4.9120e-02	0.085843	3
DHRSX__P1P2	8	4.4684e-01	4.9192e-02	0.085843	3
ZIC2__P1P2	8	4.4736e-01	4.9192e-02	0.085843	3
SFPQ__P1P2	8	4.8183e-01	4.9503e-02	0.086232	2
CD22__P1P2	11	4.9726e-01	2.9124e-02	0.054545	1
STX4__P1P2	8	5.0222e-01	4.9887e-02	0.086591	2
HNRNPLL__P1P2	8	5.0628e-01	4.9888e-02	0.086591	2
IMMT__P1P2	8	5.3898e-01	5.1903e-02	0.089771	2
EHBP1__P1P2	8	5.5013e-01	5.1904e-02	0.089771	2
ADD1__P1P2	8	5.6905e-01	5.2523e-02	0.090679	2
CRLS1__P1P2	8	5.7772e-01	5.2842e-02	0.091068	2
SOX2__P1P2	11	5.9353e-01	6.5808e-02	0.107686	3
RNF126__P1P2	8	6.0251e-01	5.3592e-02	0.092197	2
LNP1__P1P2	8	6.0974e-01	5.4841e-02	0.093455	2
ATP12A__P1P2	8	6.1439e-01	5.4841e-02	0.093455	2
PCGF1__P1P2	8	6.2463e-01	5.4842e-02	0.093455	2
NR2E3__P1P2	8	6.2583e-01	5.4842e-02	0.093455	1
RAB1A__P1P2	8	6.3034e-01	5.5284e-02	0.093455	2
SRSF11__P2	8	6.3189e-01	5.5284e-02	0.093455	2
WDR37__P1P2	8	6.3292e-01	5.5284e-02	0.093455	2
RSPH3__P1P2	8	6.3318e-01	5.5284e-02	0.093455	2
ZNF296__P1P2	8	6.4194e-01	5.5285e-02	0.093455	2
PCDHGA12__P1P2	8	6.4312e-01	5.5285e-02	0.093455	1
ZCCHC8__P1P2	8	6.4916e-01	5.5748e-02	0.094075	2
GTF2IRD2__74267046	8	6.5125e-01	5.6172e-02	0.094463	2
DPP9__P1	8	6.5216e-01	5.6173e-02	0.094463	2
SGK3__ENST00000396596.1_ENST00000522398.1	8	6.5687e-01	6.0716e-02	0.101231	2
CCDC64__ENST00000397558.2	8	6.5712e-01	6.0716e-02	0.101231	2
WNT7A__P1P2	8	6.5728e-01	6.0717e-02	0.101231	1
NONO__P1P2	8	6.5959e-01	6.1204e-02	0.101231	2
SPECC1L__P1P2	8	6.6118e-01	6.1204e-02	0.101231	2
MBD6__P1P2	8	6.6472e-01	6.1205e-02	0.101231	2
KIAA1429__P1P2	8	6.6981e-01	6.1654e-02	0.101231	2
C6orf47__P1P2	8	6.6986e-01	6.1654e-02	0.101231	1
LAMC1__P1P2	8	6.7126e-01	6.1654e-02	0.101231	2
LSM12__P1P2	8	6.7246e-01	6.1654e-02	0.101231	2
PICALM__P1P2	8	6.7258e-01	6.1654e-02	0.101231	2
LTN1__P1P2	8	6.8112e-01	6.1655e-02	0.101231	1
MRE11A__P1P2	8	6.8369e-01	6.1655e-02	0.101231	1
IFT88__P1P2	8	6.8444e-01	6.1655e-02	0.101231	1
VGLL3__P1P2	8	6.8667e-01	6.5735e-02	0.107686	2
FAM179B__P1P2	8	6.9115e-01	6.6229e-02	0.108012	1
AEN__P1P2	8	6.9477e-01	6.6230e-02	0.108012	2
CNOT11__P1P2	8	6.9745e-01	6.6750e-02	0.108136	1
SRSF6__P1	8	6.9991e-01	6.6750e-02	0.108136	2
TCTN1__P1P2	8	7.0364e-01	6.6751e-02	0.108136	2
LHFP__P1P2	8	7.0454e-01	6.6751e-02	0.108136	2
DDA1__P1P2	8	7.0857e-01	6.7278e-02	0.108809	2
SYT14__P1P2	8	7.1079e-01	7.1347e-02	0.115198	2
RBM7__P1P2	8	7.1291e-01	7.2385e-02	0.116489	1
HIF1AN__P1P2	8	7.1366e-01	7.2386e-02	0.116489	2
KLHL5__P1P2	11	7.1383e-01	7.4738e-02	0.119285	2
HRAS__P1	8	7.1674e-01	7.4111e-02	0.119067	2
FAF1__P1P2	8	7.1848e-01	7.4659e-02	0.119285	2
FRMPD2__49481953	8	7.1922e-01	7.4660e-02	0.119285	1
AES__P1P2	8	7.1957e-01	7.4660e-02	0.119285	2
DCP2__P1P2	8	7.2260e-01	7.6516e-02	0.121526	2
C17orf49__P2	8	7.2325e-01	7.6516e-02	0.121526	2
ZDHHC17__P1P2	8	7.2475e-01	7.6517e-02	0.121526	2
TRAPPC2L__P1P2	8	7.2711e-01	7.7086e-02	0.121833	2
AGO2__141644983	8	7.2714e-01	7.7086e-02	0.121833	2
ZNF740__P1P2	8	7.2775e-01	7.7710e-02	0.122620	2
PTPN14__P1P2	8	7.2849e-01	8.1178e-02	0.127884	2
TRIM56__P1P2	8	7.3241e-01	8.1789e-02	0.128224	2
HLA-DMA__P2	8	7.3253e-01	8.1789e-02	0.128224	1
SPAG9__P1P2	8	7.3253e-01	8.1789e-02	0.128224	1
CLDN3__P1P2	8	7.3396e-01	8.5294e-02	0.133503	1
MAU2__P1P2	8	7.3514e-01	8.5997e-02	0.134387	2
USF1__P1P2	8	7.3618e-01	8.6676e-02	0.135232	2
FAM58A__P1P2	8	7.3805e-01	8.8111e-02	0.137250	2
USP22__P1P2	8	7.3992e-01	9.2149e-02	0.140594	2
CACHD1__P1P2	8	7.4113e-01	9.2883e-02	0.140594	1
AP1B1__P1P2	8	7.4239e-01	9.3584e-02	0.140594	2
CHCHD3__P1P2	8	7.4264e-01	9.3584e-02	0.140594	1
OPRD1__P1P2	8	7.4321e-01	9.3584e-02	0.140594	2
ARL14EP__P1P2	8	7.4454e-01	9.3584e-02	0.140594	2
CTNNB1__P1P2	8	7.4647e-01	9.3584e-02	0.140594	2
TATDN2__P1P2	8	7.4937e-01	9.3584e-02	0.140594	1
GMEB1__P1P2	8	7.4949e-01	9.3584e-02	0.140594	1
MNT__P1P2	8	7.4949e-01	9.3584e-02	0.140594	1
GNA13__P1P2	8	7.5047e-01	9.3584e-02	0.140594	1
RABL5__P1P2	8	7.5121e-01	9.3584e-02	0.140594	1
ANAPC7__P1P2	8	7.5169e-01	9.3584e-02	0.140594	1
HNRNPUL1__P1P2	11	7.5227e-01	7.7008e-02	0.121833	2
ANKRD17__P1P2	8	7.5267e-01	9.3584e-02	0.140594	1
S100A16__P1P2	8	7.5557e-01	9.3584e-02	0.140594	1
TTBK2__P1P2	8	7.5617e-01	9.3584e-02	0.140594	1
G3BP2__P1P2	8	7.5629e-01	9.3584e-02	0.140594	1
ZEB2__P1	8	7.5869e-01	9.3585e-02	0.140594	1
SLC30A3__P1P2	8	7.6200e-01	9.3585e-02	0.140594	1
FAM107A__P1P2	8	7.6816e-01	9.3585e-02	0.140594	1
EPC1__P1P2	8	7.7011e-01	9.3585e-02	0.140594	1
RBL1__P1P2	8	7.7294e-01	9.6750e-02	0.143796	1
HELLS__P1P2	8	7.8051e-01	9.6751e-02	0.143796	1
DET1__P1P2	8	7.8291e-01	9.6751e-02	0.143796	1
ZNF286A__15602675	8	7.8291e-01	9.6751e-02	0.143796	1
PHF6__P1P2	8	7.8410e-01	9.6751e-02	0.143796	1
SNAI1__P1P2	8	7.8657e-01	9.6751e-02	0.143796	1
MYH9__P1P2	8	7.8923e-01	1.0325e-01	0.152296	1
FAM115A__143579171	8	7.8986e-01	1.0325e-01	0.152296	1
FLII__18161284	8	7.9206e-01	1.0325e-01	0.152296	1
NUDT15__P1P2	8	7.9206e-01	1.0325e-01	0.152296	1
TNRC6A__P1P2	8	8.0229e-01	1.1292e-01	0.166301	1
DENND5A__P1P2	11	8.0264e-01	9.0383e-02	0.140341	2
AP3B1__P1P2	8	8.0378e-01	1.1616e-01	0.170301	1
PDS5A__P1P2	8	8.0586e-01	1.1616e-01	0.170301	1
XKR8__P1P2	8	8.1015e-01	1.1616e-01	0.170301	1
AHR__P1P2	11	8.1355e-01	9.0384e-02	0.140341	2
ZMIZ1__P1P2	11	8.1880e-01	9.6436e-02	0.143796	2
CCDC77__P2	8	8.1903e-01	1.1936e-01	0.174199	1
GHITM__P1P2	8	8.2032e-01	1.1936e-01	0.174199	1
C21orf58__P1	8	8.2179e-01	1.1936e-01	0.174199	1
ZMYM4__P1P2	11	8.2457e-01	9.8690e-02	0.146453	1
STMND1__P1P2	8	8.2701e-01	1.2270e-01	0.178541	1
ZNF710__P1P2	8	8.2993e-01	1.2270e-01	0.178541	1
DSCR3__P1P2	8	8.3799e-01	1.2586e-01	0.182869	1
LNPEP__P1P2	8	8.4124e-01	1.3235e-01	0.191718	1
STK3__P1P2	8	8.4370e-01	1.3874e-01	0.200381	1
STT3B__P1P2	8	8.4612e-01	1.3874e-01	0.200381	1
LUZP1__P1P2	8	8.4962e-01	1.4521e-01	0.209417	1
KIFAP3__P1P2	8	8.5359e-01	1.4852e-01	0.212929	1
KLF5__P1P2	8	8.5382e-01	1.4852e-01	0.212929	1
AKAP10__P1P2	8	8.5443e-01	1.5178e-01	0.215055	1
PRCP__P1	8	8.5550e-01	1.5178e-01	0.215055	1
PPP1R16B__P1P2	8	8.5656e-01	1.5178e-01	0.215055	1
USF2__P1P2	8	8.5686e-01	1.5178e-01	0.215055	1
GTDC1__P1P2	8	8.5829e-01	1.5178e-01	0.215055	1
DOCK2__P1P2	8	8.5851e-01	1.5178e-01	0.215055	1
ATG16L1__P1P2	8	8.5881e-01	1.5178e-01	0.215055	1
GPRIN2__46993345	8	8.6162e-01	1.5178e-01	0.215055	1
CAP1__P1P2	8	8.6509e-01	1.5505e-01	0.219369	1
PORCN__P2	8	8.6687e-01	1.5828e-01	0.222969	1
TSPYL1__P1P2	8	8.7043e-01	1.5828e-01	0.222969	1
CHST15__P2	8	8.7140e-01	1.5828e-01	0.222969	1
HEXIM2__P2	11	8.7553e-01	1.3171e-01	0.191071	2
SERTAD1__P1P2	8	8.7954e-01	1.6465e-01	0.230271	1
ARHGEF5__144052240	8	8.7979e-01	1.6465e-01	0.230271	1
MIR205HG__P2	8	8.8159e-01	1.6465e-01	0.230271	1
SAP30__P1P2	8	8.8172e-01	1.6465e-01	0.230271	1
HYDIN__71263838	8	8.8274e-01	1.6465e-01	0.230271	1
SURF2__P1P2	11	8.8309e-01	1.4656e-01	0.210731	1
GNE__P1P2	11	8.8405e-01	1.4656e-01	0.210731	2
GTF2H2C__68855815	8	8.8450e-01	1.6794e-01	0.234536	1
SPINT1__P1P2	8	8.8795e-01	1.7118e-01	0.238713	1
FAM3B__P1P2	8	8.9060e-01	1.7781e-01	0.244452	1
TBC1D31__P1P2	8	8.9343e-01	1.7781e-01	0.244452	1
BCLAF1__P1P2	8	8.9395e-01	1.7781e-01	0.244452	1
POC1B__P1P2	8	8.9459e-01	1.7781e-01	0.244452	1
TMX2__P1P2	8	8.9493e-01	1.7781e-01	0.244452	1
DUSP11__P1P2	8	8.9551e-01	1.7781e-01	0.244452	1
TMEM81__ENST00000367167.3	8	8.9585e-01	1.7781e-01	0.244452	1
ING1__P1	8	8.9687e-01	1.7781e-01	0.244452	1
DCAF4__P1P2	8	8.9698e-01	1.7781e-01	0.244452	1
SCYL1__P1P2	8	8.9777e-01	1.7781e-01	0.244452	1
COG5__P1P2	8	9.0033e-01	1.8101e-01	0.246079	1
FBXL14__P1P2	8	9.0239e-01	1.8101e-01	0.246079	1
PPM1F__P1P2	8	9.0256e-01	1.8101e-01	0.246079	1
TPI1__P1P2	8	9.0256e-01	1.8101e-01	0.246079	1
LDB3__P1P2	8	9.0283e-01	1.8101e-01	0.246079	1
OGFR__P1P2	8	9.0304e-01	1.8101e-01	0.246079	1
DCUN1D1__P1P2	8	9.0564e-01	1.8101e-01	0.246079	1
TSSC1__P1P2	8	9.0579e-01	1.8101e-01	0.246079	1
PTPN20A__46639859	8	9.0616e-01	1.8260e-01	0.247881	1
SERF1B__69320873	8	9.0868e-01	1.8753e-01	0.253871	1
H2AFX__P1P2	8	9.0898e-01	1.8753e-01	0.253871	1
TAF4__P1P2	8	9.1129e-01	1.9724e-01	0.265773	1
DMRT3__P1P2	8	9.1228e-01	1.9724e-01	0.265773	1
SAP30BP__P1P2	8	9.1238e-01	1.9724e-01	0.265773	1
MTF1__P1P2	8	9.1403e-01	2.0042e-01	0.265773	1
HIST2H2BE__149857437	8	9.1422e-01	2.0042e-01	0.265773	1
C19orf70__P1P2	8	9.1432e-01	2.0042e-01	0.265773	1
GPR137__P2	8	9.1556e-01	2.0042e-01	0.265773	1
AP1G1__P1P2	8	9.1594e-01	2.0042e-01	0.265773	1
ELOVL6__P1P2	8	9.1698e-01	2.0042e-01	0.265773	1
TCF7L1__P1P2	8	9.1772e-01	2.0042e-01	0.265773	1
TRIM52__P1P2	8	9.1800e-01	2.0042e-01	0.265773	1
TM9SF2__P1P2	8	9.1846e-01	2.0042e-01	0.265773	1
SNAP29__P1P2	8	9.2002e-01	2.0042e-01	0.265773	1
TLN1__P1P2	8	9.2047e-01	2.0042e-01	0.265773	1
PCNXL3__P1P2	8	9.2065e-01	2.0042e-01	0.265773	1
SSBP3__P1P2	8	9.2199e-01	2.0678e-01	0.272716	1
BTBD9__P1P2	8	9.2261e-01	2.0678e-01	0.272716	1
BCR__P1P2	8	9.2396e-01	2.0678e-01	0.272716	1
ARHGAP12__P1P2	8	9.2422e-01	2.0678e-01	0.272716	1
ATRN__P1P2	8	9.2563e-01	2.1006e-01	0.273693	1
DCP1A__P1P2	8	9.2597e-01	2.1006e-01	0.273693	1
CCR6__ENST00000400926.2	8	9.2623e-01	2.1006e-01	0.273693	1
TMEM229B__P1	8	9.2660e-01	2.1006e-01	0.273693	1
RNF146__P1P2	8	9.2681e-01	2.1006e-01	0.273693	1
FAM60A__P1P2	8	9.2790e-01	2.1006e-01	0.273693	1
SMAD1__P1P2	8	9.2847e-01	2.1006e-01	0.273693	1
AGO1__36348590	8	9.2888e-01	2.1006e-01	0.273693	1
NDC1__P1P2	8	9.2905e-01	2.1006e-01	0.273693	1
CCDC101__P1P2	8	9.3146e-01	2.2309e-01	0.290286	1
GNB1__P1P2	8	9.3193e-01	2.2950e-01	0.298221	1
MED19__P1P2	8	9.3264e-01	2.3275e-01	0.301639	1
ZBTB2__P1P2	8	9.3310e-01	2.3275e-01	0.301639	1
DNASE1L1__P1	8	9.3380e-01	2.3593e-01	0.305354	1
HDAC8__P1P2	8	9.3456e-01	2.4570e-01	0.317574	1
POC1A__P1P2	8	9.3877e-01	2.5552e-01	0.329829	1
PYGO2__P1P2	8	9.3934e-01	2.5886e-01	0.333708	1
PRMT7__P1P2	8	9.4005e-01	2.6870e-01	0.345934	1
MIEF1__P1P2	8	9.4047e-01	2.7191e-01	0.349593	1
CUL3__P1P2	8	9.4123e-01	2.7513e-01	0.352804	1
RNF2__P1P2	8	9.4134e-01	2.7513e-01	0.352804	1
BRD2__P1	8	9.4308e-01	2.7853e-01	0.356230	0
SREK1IP1__P1P2	8	9.4428e-01	2.7853e-01	0.356230	0
ATP6V0E1__P1P2	8	9.4603e-01	2.8180e-01	0.359936	0
FAM192A__P1P2	8	9.4629e-01	2.8507e-01	0.363630	0
RFWD2__P1P2	8	9.4705e-01	2.9145e-01	0.370804	0
FAM72A__ENST00000367128.3	8	9.4718e-01	2.9145e-01	0.370804	0
GTF2I__74071821	8	9.4730e-01	2.9308e-01	0.372389	0
TUFM__28856875	8	9.4749e-01	2.9471e-01	0.373970	0
TGFBR2__P1P2	8	9.4843e-01	3.0093e-01	0.380871	0
GFRA4__ENST00000290417.2_ENST00000319242.3	8	9.4861e-01	3.0094e-01	0.380871	0
UNC13B__P1P2	8	9.4892e-01	3.0405e-01	0.383812	0
USP48__P1P2	8	9.4940e-01	3.0405e-01	0.383812	0
NDUFS4__P1P2	8	9.5037e-01	3.0709e-01	0.386652	0
MED23__P1P2	8	9.5081e-01	3.0709e-01	0.386652	0
CST1__P1P2	8	9.5196e-01	3.1645e-01	0.397920	0
ZNRF3__P1P2	8	9.5250e-01	3.1805e-01	0.399407	0
RTKN2__P1P2	8	9.5325e-01	3.2422e-01	0.406440	0
SKP2__P1P2	8	9.5367e-01	3.2574e-01	0.406440	0
ITGB3__P1P2	8	9.5450e-01	3.2574e-01	0.406440	0
NSG1__NM_001040101_NM_014392	8	9.5456e-01	3.2574e-01	0.406440	0
C11orf73__P1P2	8	9.5461e-01	3.2574e-01	0.406440	0
SRGAP2__206636520	8	9.5603e-01	3.2886e-01	0.408768	0
CAPG__P1	8	9.5624e-01	3.2887e-01	0.408768	0
CCNC__P1P2	8	9.5725e-01	3.2887e-01	0.408768	0
ZNF286B__18584835	8	9.5795e-01	3.3492e-01	0.414172	0
PKDCC__P1P2	8	9.5808e-01	3.3492e-01	0.414172	0
EAF1__P1P2	8	9.5813e-01	3.3492e-01	0.414172	0
SERF1A__70196291	8	9.5828e-01	3.3492e-01	0.414172	0
FOXK2__P1P2	8	9.5854e-01	3.3795e-01	0.416331	0
ARF1__P1P2	8	9.5879e-01	3.3795e-01	0.416331	0
NAIP__70319713	8	9.5885e-01	3.3795e-01	0.416331	0
C14orf119__P1P2	8	9.5925e-01	3.4392e-01	0.421551	0
RALGAPA1__P1P2	8	9.5940e-01	3.4392e-01	0.421551	0
CSK__P1P2	8	9.5955e-01	3.4392e-01	0.421551	0
EMD__P1P2	8	9.5960e-01	3.4392e-01	0.421551	0
LOC643037__P1P2	8	9.6117e-01	3.4692e-01	0.424158	0
LRRC28__P1P2	8	9.6121e-01	3.4692e-01	0.424158	0
SHC1__P2	8	9.6136e-01	3.4983e-01	0.427185	0
KAT6B__P1P2	8	9.6193e-01	3.5279e-01	0.430250	0
ADAMTS16__P2	8	9.6300e-01	3.6744e-01	0.446439	0
MAGED2__P2	8	9.6310e-01	3.6744e-01	0.446439	0
NAIP__70315936	8	9.6365e-01	3.6744e-01	0.446439	0
SMARCA5__P1P2	8	9.6387e-01	3.7311e-01	0.451071	0
VEZF1__P1P2	8	9.6396e-01	3.7311e-01	0.451071	0
C20orf196__P1P2	8	9.6401e-01	3.7311e-01	0.451071	0
MLLT3__P1P2	8	9.6405e-01	3.7311e-01	0.451071	0
NBPF14__148025047	8	9.6490e-01	3.7888e-01	0.456910	0
TULP3__P2	8	9.6516e-01	3.7888e-01	0.456910	0
DUSP22__292259	8	9.6542e-01	3.8463e-01	0.463277	0
SLX1B__29465621	8	9.6607e-01	3.9585e-01	0.476201	0
OCLN__68788394	8	9.6633e-01	3.9864e-01	0.477784	0
GAPVD1__P1P2	8	9.6633e-01	3.9864e-01	0.477784	0
TRAPPC13__P1P2	8	9.6658e-01	3.9865e-01	0.477784	0
ISOC2__P1	8	9.6688e-01	4.0139e-01	0.480482	0
UBE2E3__P1P2	8	9.6779e-01	4.0413e-01	0.483162	0
INPP4A__P1P2	8	9.6803e-01	4.0683e-01	0.485799	0
ICMT__P1P2	8	9.6831e-01	4.1231e-01	0.491741	0
ATXN2L__P1P2	8	9.6903e-01	4.1776e-01	0.497018	0
MED16__P1P2	8	9.6979e-01	4.2187e-01	0.501292	0
ZNF90__P1P2	8	9.6985e-01	4.2320e-01	0.501722	0
USP15__P1P2	8	9.7004e-01	4.3129e-01	0.509994	0
TRIM28__P1P2	8	9.7023e-01	4.3397e-01	0.512534	0
FGD1__P1P2	8	9.7134e-01	4.5614e-01	0.538065	0
CWC27__P1P2	8	9.7151e-01	4.5739e-01	0.538892	0
PCGF2__P1	8	9.7169e-01	4.6505e-01	0.546592	0
MED25__P1P2	8	9.7191e-01	4.6505e-01	0.546592	0
NCOA6__P1P2	8	9.7230e-01	4.7491e-01	0.557503	0
ATF7IP__P1	8	9.7319e-01	4.8943e-01	0.572473	0
THAP2__P1	8	9.7327e-01	4.8943e-01	0.572473	0
ARHGAP11A__32907502	8	9.7336e-01	4.8943e-01	0.572473	0
ATP1A1__P1P2	8	9.7367e-01	4.9675e-01	0.579639	0
CFC1B__131278628	8	9.7374e-01	4.9675e-01	0.579639	0
UHMK1__P1P2	8	9.7475e-01	5.2245e-01	0.607441	0
PPFIBP1__P1P2	8	9.7508e-01	5.2245e-01	0.607441	0
GLYR1__P1P2	8	9.7514e-01	5.2245e-01	0.607441	0
CORO1B__67206891	8	9.7535e-01	5.2463e-01	0.609246	0
INTS6__P1P2	8	9.7559e-01	5.2915e-01	0.613036	0
MED24__P1P2	8	9.7563e-01	5.2915e-01	0.613036	0
ZNF121__P1P2	8	9.7579e-01	5.3148e-01	0.614998	0
BIVM__P1	8	9.7637e-01	5.4042e-01	0.624601	0
PKNOX1__P1P2	9	9.7671e-01	4.1650e-01	0.496123	0
KIAA0247__P1P2	8	9.7738e-01	5.4703e-01	0.630997	0
ROCK1__18690984	8	9.7757e-01	5.4920e-01	0.630997	0
FAM203A__ENST00000347708.4	8	9.7766e-01	5.4920e-01	0.630997	0
GPR89A__ENST00000313835.9	8	9.7769e-01	5.4920e-01	0.630997	0
SENP2__P1P2	8	9.7781e-01	5.4920e-01	0.630997	0
FNIP1__P1P2	8	9.7804e-01	5.5357e-01	0.635271	0
IL18R1__P1	8	9.7812e-01	5.5570e-01	0.636953	0
CNR1__P1P2	8	9.7825e-01	5.5785e-01	0.638668	0
KDM5C__P1P2	8	9.7893e-01	5.6216e-01	0.640586	0
FAM115A__143598483	8	9.7902e-01	5.6216e-01	0.640586	0
SMCHD1__P1P2	8	9.7910e-01	5.6216e-01	0.640586	0
OCIAD1__P1P2	8	9.7930e-01	5.6434e-01	0.642315	0
HCN2__P1P2	8	9.7941e-01	5.6638e-01	0.642389	0
CISD1__P1P2	8	9.7953e-01	5.6638e-01	0.642389	0
TXNDC16__P1P2	8	9.7957e-01	5.6639e-01	0.642389	0
JMJD1C__P1P2	8	9.8051e-01	5.9091e-01	0.667868	0
SPRR2G__P1P2	8	9.8054e-01	5.9091e-01	0.667868	0
TCTN2__P1P2	8	9.8057e-01	5.9091e-01	0.667868	0
FAM102A__P1P2	8	9.8103e-01	5.9881e-01	0.673667	0
GATA3__P1P2	8	9.8103e-01	5.9881e-01	0.673667	0
CD8B__87088218	8	9.8111e-01	5.9881e-01	0.673667	0
CNTD2__P1	8	9.8137e-01	5.9882e-01	0.673667	0
SOS1__P1P2	8	9.8194e-01	6.0650e-01	0.681523	0
PTBP3__P1P2	8	9.8199e-01	6.0843e-01	0.682908	0
KCTD10__P1P2	8	9.8248e-01	6.1812e-01	0.692980	0
GTF2IRD2B__74508172	8	9.8264e-01	6.2376e-01	0.698491	0
PRAMEF12__ENST00000357726.4	8	9.8275e-01	6.2558e-01	0.699316	0
PTPN20B__48806138	8	9.8302e-01	6.2737e-01	0.699316	0
PINK1__P1P2	8	9.8307e-01	6.2737e-01	0.699316	0
IFT52__P1P2	8	9.8309e-01	6.2737e-01	0.699316	0
IFT46__P1P2	8	9.8321e-01	6.2916e-01	0.700504	0
NEUROD1__P1P2	8	9.8341e-01	6.3099e-01	0.700935	0
PDZK1__145727481	8	9.8346e-01	6.3099e-01	0.700935	0
RSPRY1__P1P2	8	9.8411e-01	6.5063e-01	0.720287	0
SMARCC1__P1P2	8	9.8417e-01	6.5063e-01	0.720287	0
ZNF608__P2	8	9.8420e-01	6.5063e-01	0.720287	0
KRTCAP3__P1P2	8	9.8433e-01	6.5410e-01	0.723310	0
NCF1__74188108	8	9.8520e-01	6.5753e-01	0.725450	0
TTC3__P1P2	8	9.8524e-01	6.5753e-01	0.725450	0
WNT3A__P1P2	8	9.8583e-01	6.7107e-01	0.738714	0
FUT7__P1P2	8	9.8589e-01	6.7107e-01	0.738714	0
CCNK__P2	11	9.8591e-01	4.2326e-01	0.501722	0
ZSCAN18__P2	8	9.8605e-01	6.7433e-01	0.741459	0
PRKCI__P1P2	8	9.8630e-01	6.7679e-01	0.743318	0
BEND2__P1P2	8	9.8634e-01	6.7758e-01	0.743349	0
CORIN__P1P2	8	9.8651e-01	6.8226e-01	0.747635	0
BAD__P1P2	8	9.8702e-01	6.9306e-01	0.758620	0
FAM222B__P1	11	9.8702e-01	4.2694e-01	0.505460	0
ROR1__P1P2	8	9.8715e-01	6.9461e-01	0.759456	0
TTC23L__P1P2	8	9.8765e-01	7.0371e-01	0.768541	0
ESYT1__P2	8	9.8814e-01	7.0959e-01	0.774101	0
BOLA2__29465484	8	9.8835e-01	7.1393e-01	0.777959	0
LYPLA2__P1P2	8	9.8862e-01	7.2092e-01	0.784700	0
MED12__P1P2	8	9.8873e-01	7.2235e-01	0.785375	0
PLCG1__P1P2	8	9.8883e-01	7.2373e-01	0.785998	0
LRRC40__P1P2	8	9.8922e-01	7.3213e-01	0.794225	0
ZNF43__P1	8	9.8965e-01	7.3623e-01	0.797785	0
SLC25A46__P1P2	8	9.8969e-01	7.3892e-01	0.799815	0
KMT2D__P1P2	8	9.8998e-01	7.4295e-01	0.803278	0
OXR1__ENST00000312046.6	8	9.9003e-01	7.4429e-01	0.803830	0
LYRM7__P1P2	8	9.9027e-01	7.4812e-01	0.807069	0
PTPN20A__46619211	8	9.9083e-01	7.6438e-01	0.823696	0
DHRS3__P1P2	8	9.9100e-01	7.6807e-01	0.826756	0
MLLT4__P1P2	8	9.9134e-01	7.7747e-01	0.835953	0
PHYH__P1P2	8	9.9137e-01	7.7867e-01	0.836316	0
CALU__P1P2	8	9.9159e-01	7.8567e-01	0.842905	0
KAT6A__P1P2	8	9.9191e-01	7.9234e-01	0.849119	0
KAT7__P1P2	8	9.9201e-01	7.9448e-01	0.850483	0
IFT172__P1P2	8	9.9220e-01	8.0094e-01	0.854571	0
C14orf169__P1P2	8	9.9227e-01	8.0094e-01	0.854571	0
SMURF2__P1P2	8	9.9229e-01	8.0094e-01	0.854571	0
PCSK1N__P1P2	11	9.9233e-01	5.5897e-01	0.639194	0
TMEM198__P1P2	8	9.9237e-01	8.0407e-01	0.856032	0
PAPPA__P1P2	8	9.9238e-01	8.0407e-01	0.856032	0
NPY4R__P1P2	8	9.9249e-01	8.0509e-01	0.856180	0
PURB__P1P2	8	9.9257e-01	8.0716e-01	0.857444	0
GPR137__P1	8	9.9307e-01	8.2111e-01	0.871310	0
NOTCH2NL__145208892	8	9.9355e-01	8.3811e-01	0.888383	0
PDLIM7__P1	8	9.9475e-01	8.6306e-01	0.912833	0
CSPP1__P1P2	8	9.9486e-01	8.6599e-01	0.914941	0
FCGR1A__149755456	8	9.9505e-01	8.7035e-01	0.918550	0
PTPN20B__48826780	8	9.9531e-01	8.7884e-01	0.925494	0
MESDC2__P1P2	8	9.9534e-01	8.7884e-01	0.925494	0
SLTM__P1P2	8	9.9551e-01	8.8183e-01	0.927635	0
ZC3H14__P1P2	8	9.9578e-01	8.8928e-01	0.934469	0
IFT57__P1P2	8	9.9593e-01	8.9528e-01	0.939751	0
MPHOSPH8__P1	8	9.9601e-01	8.9706e-01	0.940601	0
RBM5__P1P2	8	9.9625e-01	9.0270e-01	0.945504	0
FCGR1B__120935150	8	9.9646e-01	9.0721e-01	0.949206	0
GPI__P1P2	8	9.9651e-01	9.0874e-01	0.949781	0
PTPN20A__46640202	8	9.9678e-01	9.1548e-01	0.955801	0
CDK2__P1P2	8	9.9693e-01	9.2038e-01	0.959317	0
SLC11A2__P1	8	9.9700e-01	9.2083e-01	0.959317	0
ZNF644__P1P2	8	9.9702e-01	9.2223e-01	0.959752	0
KIDINS220__P1P2	8	9.9708e-01	9.2405e-01	0.960622	0
GGCT__P1P2	8	9.9720e-01	9.2795e-01	0.962611	0
RHOG__P1P2	8	9.9721e-01	9.2795e-01	0.962611	0
ZNF655__P1P2	8	9.9749e-01	9.3617e-01	0.970108	0
ZFYVE9__P1P2	8	9.9785e-01	9.4692e-01	0.979681	0
NOSIP__P1P2	8	9.9789e-01	9.4743e-01	0.979681	0
ELK3__P1P2	8	9.9796e-01	9.4909e-01	0.980354	0
ARHGEF2__P1P2	8	9.9804e-01	9.5141e-01	0.981711	0
TMEM194A__P1P2	8	9.9815e-01	9.5443e-01	0.983176	0
C11orf71__P1P2	8	9.9816e-01	9.5485e-01	0.983176	0
DOT1L__P1P2	8	9.9823e-01	9.5644e-01	0.983762	0
EVX2__P1P2	11	9.9825e-01	8.4811e-01	0.897994	0
CDK4__P1P2	8	9.9830e-01	9.5801e-01	0.983823	0
NDUFC1__P2	8	9.9833e-01	9.5852e-01	0.983823	0
ARID1A__P1P2	8	9.9840e-01	9.6018e-01	0.984489	0
UBE3A__P1P2	8	9.9872e-01	9.6760e-01	0.991053	0
PAXIP1__P1P2	8	9.9903e-01	9.7792e-01	1.000000	0
CEP128__P1P2	8	9.9913e-01	9.7996e-01	1.000000	0
ZSCAN10__P1P2	8	9.9913e-01	9.7996e-01	1.000000	0
PEX7__P1P2	8	9.9941e-01	9.8604e-01	1.000000	0
ELMO3__P1P2	8	9.9948e-01	9.8814e-01	1.000000	0
KDM4A__P1P2	8	9.9949e-01	9.8859e-01	1.000000	0
MLLT1__P1P2	8	9.9951e-01	9.8922e-01	1.000000	0
NOTCH2__120611488	8	9.9956e-01	9.9036e-01	1.000000	0
KATNA1__P1P2	8	9.9956e-01	9.9036e-01	1.000000	0
MID1IP1__P1P2	8	9.9958e-01	9.9058e-01	1.000000	0
PRSS40A__131328218	8	9.9958e-01	9.9080e-01	1.000000	0
FAR1__P1P2	8	9.9962e-01	9.9195e-01	1.000000	0
MON2__P1P2	8	9.9964e-01	9.9230e-01	1.000000	0
HIBADH__P1P2	8	9.9965e-01	9.9238e-01	1.000000	0
BPTF__P1P2	8	9.9973e-01	9.9445e-01	1.000000	0
TNKS2__P1P2	8	9.9976e-01	9.9513e-01	1.000000	0
TRAPPC6B__P1P2	8	9.9981e-01	9.9604e-01	1.000000	0
PIGL__P1P2	8	9.9988e-01	9.9771e-01	1.000000	0
CHAMP1__P1P2	8	9.9994e-01	9.9913e-01	1.000000	0
HIST1H2AB__P1P2	8	9.9998e-01	9.9972e-01	1.000000	0
NKRF__P1P2	8	9.9998e-01	9.9975e-01	1.000000	0
SLX1A__30205037	8	1.0000e+00	9.9998e-01	1.000000	0
